,index,title,dates,article,apply_date,ratio,up/down
0,0,두산중공업  국내 첫 수소액화플랜트 건설 계약,2020.11.06 13:26,두산중공업은  일 창원시청 본관에서  창원수소액화사업 EPC 계약 및 투자확약 을 체결했다  서명식에 참석한 관계자들이 기념촬영을 하고 있다  왼쪽부터 백정한 창원산업진흥원장  박인원 두산중공업 Plant EPC BG장  정연인 두산중공업 대표이사  허성무 창원시장  박종원 경상남도 경제부지사  황윤철 BNK경남은행장  이동찬 한국산업단지공단 경남지역본부장  김희석 하나대체투자운용 대표이사 [파이낸셜뉴스] 두산중공업이 국내 첫 수소액화플랜트 건설에 나선다 두산중공업은 경상남도  창원시  창원산업진흥원  BNK경남은행  하나대체투자자산운용  한국산업단지공단과  창원수소액화사업 EPC 계약 및 투자확약 을 체결했다고  일 밝혔다 창원시청 본관에서 열린 체결식에는 허성무 창원시장  박종원 경상남도 경제부지사  백정한 창원산업진흥원장  이동찬 한국산업단지공단 경남지역본부장  정연인 두산중공업 대표이사 등이 참석했다 이번 계약을 통해  두산중공업은 수소액화 플랜트를 EPC 방식으로 건설하고 향후  년간 유지보수 업무를 수행한다  계약 금액은 약  억원 규모다  경남도와 창원시는 수소액화 사업을 위한 행정 업무를 지원하며  액화수소 구매를 확약했다  BNK경남은행은 총 투자비  억 원 중 민간사업비  억 원을 투자할 예정이다 이 플랜트는 하루  톤의 액화수소 생산을 목표로 경남 창원에 위치한 두산중공업 창원공장 내 부지에  년까지 준공될 예정이다   년부터 상업운전을 통해 생산되는 액화수소는 전국의 수소충전소 등에 공급된다 청정에너지원인 수소는 영하  의 극저온에서 액화된다  액화수소는 기체수소에 비해 부피가  분의  로 줄어들어 저장 및 운송이 용이하다  수소충전소도 기체방식에 비해 필요 부지면적이 절반으로 줄어들어  도심지 주유소나 LPG충전소와 복합화 할 수 있는 장점이 있다 창원 수소액화플랜트 사업은 한국산업단지공단이 추진하는  산업단지 환경개선펀드 사업 으로 선정된 바 있다  정연인 대표는  국내 첫 수소액화플랜트 사업의 성공적 수행을 위해 최선을 다하겠다 면서  액화수소 생산 기반을 구축해 수소 경제 인프라 활성화에 기여할 것 이라고 말했다 정부는 작년 초  수소경제 활성화 로드맵 을 발표했으며   월  일  제 차 수소경제위원회 를 열고   년까지  수소 발전 의무화 제도 HPS 를 도입하는 등  개 안건을 심의 의결했다 pja fnnews com 박지애 기자  헉  소리나는 스 토리 뉴스 [헉스]   아는 척 하고 싶은 당신을 위한 [두유노우]  날로먹고 구워먹는 금융이슈 [파인애플]  저작권자   파이낸셜뉴스  무단 전재 재배포 금지,2020-11-06,1.03,0.0
1,1,두산중공업  국내 첫 수소액화플랜트 건설 계약,2020.11.06 13:26,두산중공업은  일 창원시청 본관에서  창원수소액화사업 EPC 계약 및 투자확약 을 체결했다  서명식에 참석한 관계자들이 기념촬영을 하고 있다  왼쪽부터 백정한 창원산업진흥원장  박인원 두산중공업 Plant EPC BG장  정연인 두산중공업 대표이사  허성무 창원시장  박종원 경상남도 경제부지사  황윤철 BNK경남은행장  이동찬 한국산업단지공단 경남지역본부장  김희석 하나대체투자운용 대표이사 [파이낸셜뉴스] 두산중공업이 국내 첫 수소액화플랜트 건설에 나선다 두산중공업은 경상남도  창원시  창원산업진흥원  BNK경남은행  하나대체투자자산운용  한국산업단지공단과  창원수소액화사업 EPC 계약 및 투자확약 을 체결했다고  일 밝혔다 창원시청 본관에서 열린 체결식에는 허성무 창원시장  박종원 경상남도 경제부지사  백정한 창원산업진흥원장  이동찬 한국산업단지공단 경남지역본부장  정연인 두산중공업 대표이사 등이 참석했다 이번 계약을 통해  두산중공업은 수소액화 플랜트를 EPC 방식으로 건설하고 향후  년간 유지보수 업무를 수행한다  계약 금액은 약  억원 규모다  경남도와 창원시는 수소액화 사업을 위한 행정 업무를 지원하며  액화수소 구매를 확약했다  BNK경남은행은 총 투자비  억 원 중 민간사업비  억 원을 투자할 예정이다 이 플랜트는 하루  톤의 액화수소 생산을 목표로 경남 창원에 위치한 두산중공업 창원공장 내 부지에  년까지 준공될 예정이다   년부터 상업운전을 통해 생산되는 액화수소는 전국의 수소충전소 등에 공급된다 청정에너지원인 수소는 영하  의 극저온에서 액화된다  액화수소는 기체수소에 비해 부피가  분의  로 줄어들어 저장 및 운송이 용이하다  수소충전소도 기체방식에 비해 필요 부지면적이 절반으로 줄어들어  도심지 주유소나 LPG충전소와 복합화 할 수 있는 장점이 있다 창원 수소액화플랜트 사업은 한국산업단지공단이 추진하는  산업단지 환경개선펀드 사업 으로 선정된 바 있다  정연인 대표는  국내 첫 수소액화플랜트 사업의 성공적 수행을 위해 최선을 다하겠다 면서  액화수소 생산 기반을 구축해 수소 경제 인프라 활성화에 기여할 것 이라고 말했다 정부는 작년 초  수소경제 활성화 로드맵 을 발표했으며   월  일  제 차 수소경제위원회 를 열고   년까지  수소 발전 의무화 제도 HPS 를 도입하는 등  개 안건을 심의 의결했다 pja fnnews com 박지애 기자  헉  소리나는 스 토리 뉴스 [헉스]   아는 척 하고 싶은 당신을 위한 [두유노우]  날로먹고 구워먹는 금융이슈 [파인애플]  저작권자   파이낸셜뉴스  무단 전재 재배포 금지,2020-11-06,1.03,0.0
2,2,두산중공업  창원에 국내 첫 수소액화플랜트 건설 추진,2020.11.06 13:40,두산중공업 이 국내 첫 수소액화플랜트 건설에 나선다 두산중공업은 경상남도  창원시  창원산업진흥원  BNK경남은행  하나대체투자자산운용  한국산업단지공단 등과  창원수소액화사업 EPC 계약 및 투자확약 을 체결했다고  일 밝혔다 일 경남 창원시청 본관에서 열린 서명식에 참석한 관계자들이 기념촬영하고 있다   두산중공업 제공 두산중공업은 이번 계약에 따라 수소액화 플랜트를 EPC 설계 구매 건설을 한 회사가 담당  방식으로 세우고 향후  년간 유지보수 업무를 수행한다  계약 금액은 약  억원 규모다  경남도와 창원시는 수소액화 사업을 위한 행정 업무를 지원하며  액화수소 구매를 약속했다  BNK경남은행은 총 투자비  억원 가운데 민간사업비  억원을 투자할 예정이다 이 플랜트는 하루  톤의 액화수소 생산을 목표로 경남 창원에 위치한 두산중공업 창원공장 내 부지에  년까지 준공될 예정이다   년 상업운전을 목표로 하고 있다 수소는 영하  의 극저온에서 액화된다  액화수소는 기체수소에 비해 부피가  분의  로 줄어들어 저장과 운송이 편리하다  수소충전소도 기체방식에 비해 필요한 부지면적이 절반으로 줄어든다 정연인 두산중공업 대표는  국내 첫 수소액화플랜트 사업의 성공적 수행을 위해 최선을 다하겠다 며  액화수소 생산 기반을 구축해 수소 경제 인프라 활성화에 기여할 것 이라고 말했다 [권오은 기자 oheun chosunbiz com] 네이버에서 조선비즈를 구독 하세요 삼성 품은 이곳  제 의 이태원으로 급부상 올해  이 기업들  투자 안하면 영영 기회 없다 저작권자   조선비즈  무단 전재 및 재배포 금지,2020-11-06,1.03,0.0
3,3,두산중공업  창원에 국내 첫 수소액화플랜트 건설 추진,2020.11.06 13:40,두산중공업 이 국내 첫 수소액화플랜트 건설에 나선다 두산중공업은 경상남도  창원시  창원산업진흥원  BNK경남은행  하나대체투자자산운용  한국산업단지공단 등과  창원수소액화사업 EPC 계약 및 투자확약 을 체결했다고  일 밝혔다 일 경남 창원시청 본관에서 열린 서명식에 참석한 관계자들이 기념촬영하고 있다   두산중공업 제공 두산중공업은 이번 계약에 따라 수소액화 플랜트를 EPC 설계 구매 건설을 한 회사가 담당  방식으로 세우고 향후  년간 유지보수 업무를 수행한다  계약 금액은 약  억원 규모다  경남도와 창원시는 수소액화 사업을 위한 행정 업무를 지원하며  액화수소 구매를 약속했다  BNK경남은행은 총 투자비  억원 가운데 민간사업비  억원을 투자할 예정이다 이 플랜트는 하루  톤의 액화수소 생산을 목표로 경남 창원에 위치한 두산중공업 창원공장 내 부지에  년까지 준공될 예정이다   년 상업운전을 목표로 하고 있다 수소는 영하  의 극저온에서 액화된다  액화수소는 기체수소에 비해 부피가  분의  로 줄어들어 저장과 운송이 편리하다  수소충전소도 기체방식에 비해 필요한 부지면적이 절반으로 줄어든다 정연인 두산중공업 대표는  국내 첫 수소액화플랜트 사업의 성공적 수행을 위해 최선을 다하겠다 며  액화수소 생산 기반을 구축해 수소 경제 인프라 활성화에 기여할 것 이라고 말했다 [권오은 기자 oheun chosunbiz com] 네이버에서 조선비즈를 구독 하세요 삼성 품은 이곳  제 의 이태원으로 급부상 올해  이 기업들  투자 안하면 영영 기회 없다 저작권자   조선비즈  무단 전재 및 재배포 금지,2020-11-06,1.03,0.0
4,4,두산중공업   억 규모 수소액화플랜트 건설 계약,2020.11.06 13:46,두산중공업은  일 창원시청 본관에서  창원수소액화사업 EPC 계약 및 투자확약 을 체결했으며  서명식에 참석한 관계자들이 기념촬영을 하고 있다  왼쪽부터 백정한 창원산업진흥원장  박인원 두산중공업 Plant EPC BG장  정연인 두산중공업 대표이사  허성무 창원시장  박종원 경상남도 경제부지사  황윤철 BNK경남은행장  이동찬 한국산업단지공단 경남지역본부장  김희석 하나대체투자운용 대표이사 [아시아경제 이창환 기자] 두산중공업이 국내 첫 수소액화플랜트 건설에 나선다 두산중공업은  일 경상남도  창원시  창원산업진흥원  BNK경남은행  하나대체투자자산운용  한국산업단지공단과  창원수소액화사업 EPC 계약 및 투자확약 을 체결했다고 밝혔다 창원시청 본관에서 열린 체결식에는 허성무 창원시장  박종원 경상남도 경제부지사  백정한 창원산업진흥원장  이동찬 한국산업단지공단 경남지역본부장  정연인 두산중공업 대표이사 등이 참석했다 이번 계약을 통해  두산중공업은 수소액화 플랜트를 EPC 설계 조달 시공  방식으로 건설하고 향후  년간 유지보수 업무를 수행한다  계약 금액은 약  억원 규모다 경남도와 창원시는 수소액화 사업을 위한 행정 업무를 지원하며  액화수소 구매를 확약했다  BNK경남은행은 총 투자비  억 원 중 민간사업비  억 원을 투자할 예정이다 이 플랜트는 하루  t의 액화수소 생산을 목표로 경남 창원에 위치한 두산중공업 창원공장 내 부지에  년까지 준공될 예정이다   년부터 상업운전을 통해 생산되는 액화수소는 전국의 수소충전소 등에 공급된다 청정에너지원인 수소는 영하  의 극저온에서 액화된다  액화수소는 기체수소에 비해 부피가  분의 로 줄어들어 저장 및 운송이 용이하다  수소충전소도 기체방식에 비해 필요 부지면적이 절반으로 줄어들어  도심지 주유소나 LPG충전소와 복합화 할 수 있는 장점이 있다 창원 수소액화플랜트 사업은 한국산업단지공단이 추진하는  산업단지 환경개선펀드 사업 으로 선정된 바 있다 정연인 대표는  국내 첫 수소액화플랜트 사업의 성공적 수행을 위해 최선을 다하겠다 면서  액화수소 생산 기반을 구축해 수소 경제 인프라 활성화에 기여할 것 이라고 말했다 이창환 기자 goldfish asiae co kr   년 신축년  신년운세와 토정비결은  발 빠른 최신 뉴스  네이버 메인에서 바로 보기  요즘 트렌드 모아보고 싶을 땐  드링킷 경제를 보는 눈  세계를 보는 창 아시아경제 무단전재 배포금지 ,2020-11-06,1.03,0.0
5,5,두산중공업  국내 첫 수소액화플랜트 건설  억에 수주,2020.11.06 14:32,경남도 창원시 창원산업진흥원 등과 창원 수소액화 사업 EPC 계약 맺어 하루  t 액화수소 생산해 수소충전소 등에 공급 두산중공업은  일 경남 창원시청 본관에서 `창원수소액화사업 EPC 계약 및 투자확약`을 체결했다  서명식에 참석한 관계자들이 기념촬영을 하고 있다   왼쪽부터 백정한 창원산업진흥원장  박인원 두산중공업 Plant EPC BG장  정연인 두산중공업 대표이사  허성무 창원시장  박종원 경상남도 경제부지사  황윤철 BNK경남은행장  이동찬 한국산업단지공단 경남지역본부장  김희석 하나대체투자운용 대표이사 [사진 제공   두산중공업] 두산중공업이 국내 첫 수소액화플랜트 건설에 나선다  수소액화플랜트는 수소차를 위한 수소충전소에 액화수소를 공급하는 시설이다 두산중공업은  일 경상남도  창원시  창원산업진흥원  BNK경남은행  하나대체투자자산운용  한국산업단지공단과  창원수소액화사업 EPC 계약 및 투자확약 을 체결했다고 밝혔다 계약금액은  억원 규모로 두산중공업은 수소액화 플랜트를 설계부터 조달  시공까지 맡는 EPC 방식으로 건설하고  년간 유지보수 업무도 수행한다  경남도와 창원시는 수소액화 사업을 위한 행정 업무를 지원하는 한편 액화수소 구매도 확약했다  BNK경남은행은 총 투자비  억원 중 민간사업비  억원을 투자한다 이날 창원시청 본관에서 체결식에는 허성무 창원시장  박종원 경상남도 경제부지사  백정한 창원산업진흥원장  이동찬 한국산업단지공단 경남지역본부장  정연인 두산중공업 대표이사 등이 참석했다 이번 수소액화플랜트는 하루  t 액화수소 생산을 목표로 경남 창원에 위치한 두산중공업 창원공장 내 부지에  년까지 준공될 예정이다   년부터 상업운전을 통해 생산되는 액화수소는 전국 수소충전소 등에 공급된다 청정에너지원 수소는 영하   극저온에서 액화된다  액화수소는 기체수소에 비해 부피가  분의  로 줄어들어 저장 및 운송이 용이하다  수소충전소도 기체방식에 비해 필요 부지면적이 절반으로 줄어들어 도심 주유소나 LPG충전소와 복합화 할 수 있는 장점이 있다 창원 수소액화플랜트 사업은 한국산업단지공단이 추진하는  산업단지 환경개선펀드 사업 으로 선정된 바 있다  정연인 두산중공업 대표는  국내 첫 수소액화플랜트 사업의 성공적 수행을 위해 최선을 다하겠다 면서  액화수소 생산 기반을 구축해 수소 경제 인프라 활성화에 기여할 것 이라고 말했다 [한우람 기자]  네이버 메인에서  매일경제 를 받아보세요  궁금한 제조과정 영상으로 보세요   이렇게 만들죠  매일매일 색다른 뉴스레터  매콤달콤  구독하세요 [  매일경제   mk co kr  무단전재 및 재배포 금지],2020-11-06,1.03,0.0
6,6,두산중공업  국내 첫 수소액화플랜트 짓는다,2020.11.06 14:32, 억원 규모 창원 수소액화사업 EPC 하루  t 생산해 전국 충전소 등에 공급[이데일리 경계영 기자] 두산중공업이 국내 첫 수소액화플랜트 건설에 나선다 두산중공업 은  일 경남도 창원시 창원산업진흥원 BNK경남은행 하나대체투자자산운용 한국산업단지공단과  창원수소액화사업 EPC 설계 구매 시공  계약 및 투자확약 을 체결했다고 밝혔다 이번 계약으로 두산중공업은 수소액화플랜트를 EPC 방식으로 짓고 향후  년 동안 유지보수 업무를 맡는다  계약 규모는  억원대다  경남도와 창원시는 수소액화 사업 관련 행정 업무를 지원하고 액화수소 구매를 확약했으며  BNK경남은행은 총 투자비  억원 가운데 민간 사업비  억원을 투자한다 이 플랜트는 액화수소를 하루  t 생산할 예정이며 경남 창원 두산중공업 창원공장 내 부지에  년까지 준공될 예정이다   년 상업운전으로 생산하는 액화수소는 전국 수소충전소 등에 공급한다 수소는 청정에너지로 꼽히며 영하  에서 액체로 바뀐다  액화수소는 기체 상태일 때보다 부피가  분의  로 축소돼 저장 운송이 편리하다  수소 충전소 역시 기체에 비해 필요한 부지가 절반으로 줄어 도심지 주유소나 액화석유가스 LPG 충전소와 복합화가 가능하다 이번 창원 수소액화플랜트 사업은 한국산업단지공단이 추진하는  산업단지 환경개선펀드 사업 으로 선정되기도 했다 정연인 두산중공업 대표는  국내 첫 수소액화플랜트 사업의 성공적 수행을 위해 최선을 다하겠다 면서  액화수소 생산 기반을 구축해 수소 경제 인프라 활성화에 기여할 것 이라고 말했다 정부는 지난해 초  수소경제 활성화 로드맵 을 발표했으며 지난달  일 제 차 수소경제위원회를 열고   년까지  수소 발전 의무화 제도 HPS 를 도입하는 등  개 안건을 심의 의결했다 왼쪽부터  백정한 창원산업진흥원장과 박인원 두산중공업 Plant EPC BG장  정연인 두산중공업 대표이사  허성무 창원시장  박종원 경상남도 경제부지사  황윤철 BNK경남은행장  이동찬 한국산업단지공단 경남지역본부장  김희석 하나대체투자운용 대표이사가  일 창원시청 본관에서 열린  창원수소액화사업 EPC 계약 및 투자확약  서명식에서 기념사진을 촬영하고 있다   사진 두산중공업 경계영  kyung edaily co kr   시간 빠른  미리보는 뉴스  eNews  네이버에서  이데일리 뉴스 를 만나보세요  빡침해소  청춘뉘우스  스냅타임 종합 경제정보 미디어 이데일리   무단전재   재배포 금지 ,2020-11-06,1.03,0.0
7,7,두산중공업  국내 첫 수소액화플랜트 건설  억에 수주,2020.11.06 14:32,경남도 창원시 창원산업진흥원 등과 창원 수소액화 사업 EPC 계약 맺어 하루  t 액화수소 생산해 수소충전소 등에 공급 두산중공업은  일 경남 창원시청 본관에서 `창원수소액화사업 EPC 계약 및 투자확약`을 체결했다  서명식에 참석한 관계자들이 기념촬영을 하고 있다   왼쪽부터 백정한 창원산업진흥원장  박인원 두산중공업 Plant EPC BG장  정연인 두산중공업 대표이사  허성무 창원시장  박종원 경상남도 경제부지사  황윤철 BNK경남은행장  이동찬 한국산업단지공단 경남지역본부장  김희석 하나대체투자운용 대표이사 [사진 제공   두산중공업] 두산중공업이 국내 첫 수소액화플랜트 건설에 나선다  수소액화플랜트는 수소차를 위한 수소충전소에 액화수소를 공급하는 시설이다 두산중공업은  일 경상남도  창원시  창원산업진흥원  BNK경남은행  하나대체투자자산운용  한국산업단지공단과  창원수소액화사업 EPC 계약 및 투자확약 을 체결했다고 밝혔다 계약금액은  억원 규모로 두산중공업은 수소액화 플랜트를 설계부터 조달  시공까지 맡는 EPC 방식으로 건설하고  년간 유지보수 업무도 수행한다  경남도와 창원시는 수소액화 사업을 위한 행정 업무를 지원하는 한편 액화수소 구매도 확약했다  BNK경남은행은 총 투자비  억원 중 민간사업비  억원을 투자한다 이날 창원시청 본관에서 체결식에는 허성무 창원시장  박종원 경상남도 경제부지사  백정한 창원산업진흥원장  이동찬 한국산업단지공단 경남지역본부장  정연인 두산중공업 대표이사 등이 참석했다 이번 수소액화플랜트는 하루  t 액화수소 생산을 목표로 경남 창원에 위치한 두산중공업 창원공장 내 부지에  년까지 준공될 예정이다   년부터 상업운전을 통해 생산되는 액화수소는 전국 수소충전소 등에 공급된다 청정에너지원 수소는 영하   극저온에서 액화된다  액화수소는 기체수소에 비해 부피가  분의  로 줄어들어 저장 및 운송이 용이하다  수소충전소도 기체방식에 비해 필요 부지면적이 절반으로 줄어들어 도심 주유소나 LPG충전소와 복합화 할 수 있는 장점이 있다 창원 수소액화플랜트 사업은 한국산업단지공단이 추진하는  산업단지 환경개선펀드 사업 으로 선정된 바 있다  정연인 두산중공업 대표는  국내 첫 수소액화플랜트 사업의 성공적 수행을 위해 최선을 다하겠다 면서  액화수소 생산 기반을 구축해 수소 경제 인프라 활성화에 기여할 것 이라고 말했다 [한우람 기자]  네이버 메인에서  매일경제 를 받아보세요  궁금한 제조과정 영상으로 보세요   이렇게 만들죠  매일매일 색다른 뉴스레터  매콤달콤  구독하세요 [  매일경제   mk co kr  무단전재 및 재배포 금지],2020-11-06,1.03,0.0
8,8,두산중공업  국내 첫 수소액화플랜트 건설 계약 억원 규모,2020.11.06 14:40,두산중공업은  일 창원시청 본관에서  창원수소액화사업 EPC 계약 및 투자확약 을 체결했으며  서명식에 참석한 관계자들이 기념촬영을 하고 있다  사진 왼쪽부터 백정한 창원산업진흥원장  박인원 두산중공업 Plant EPC BG장  정연인 두산중공업 대표이사  허성무 창원시장  박종원 경상남도 경제부지사  황윤철 BNK경남은행장  이동찬 한국산업단지공단 경남지역본부장  김희석 하나대체투자운용 대표이사  [사진제공   두산중공업] 두산중공업이 국내 첫 수소액화플랜트 건설에 나선다  두산중공업은  일  경상남도  창원시  창원산업진흥원  BNK경남은행  하나대체투자자산운용  한국산업단지공단과  창원수소액화사업 EPC 계약 및 투자확약 을 체결했다고 밝혔다 창원시청 본관에서 열린 체결식에는 허성무 창원시장  박종원 경상남도 경제부지사  백정한 창원산업진흥원장  이동찬 한국산업단지공단 경남지역본부장  정연인 두산중공업 대표이사 등이 참석했다 이번 계약을 통해  두산중공업은 수소액화 플랜트를 EPC 방식으로 건설하고 향후  년간 유지보수 업무를 수행한다  계약 금액은 약  억원 규모다  경남도와 창원시는 수소액화 사업을 위한 행정 업무를 지원하며  액화수소 구매를 확약했다  BNK경남은행은 총 투자비  억 원 중 민간사업비  억 원을 투자할 예정이다 이 플랜트는 하루  t의 액화수소 생산을 목표로 경남 창원에 위치한 두산중공업 창원공장 내 부지에  년까지 준공될 예정이다   년부터 상업운전을 통해 생산되는 액화수소는 전국의 수소충전소 등에 공급된다 창원 수소액화플랜트 사업은 한국산업단지공단이 추진하는  산업단지 환경개선펀드 사업 으로 선정된 바 있다 정연인 대표는  국내 첫 수소액화플랜트 사업의 성공적 수행을 위해 최선을 다하겠다 면서  액화수소 생산 기반을 구축해 수소 경제 인프라 활성화에 기여할 것 이라고 말했다 [이상규 기자 boyondal mkinternet com]  네이버 메인에서  매일경제 를 받아보세요  궁금한 제조과정 영상으로 보세요   이렇게 만들죠  매일매일 색다른 뉴스레터  매콤달콤  구독하세요 [  매일경제   mk co kr  무단전재 및 재배포 금지],2020-11-06,1.03,0.0
9,9,두산중공업  국내 첫 수소액화플랜트 건설 계약 억원 규모,2020.11.06 14:40,두산중공업은  일 창원시청 본관에서  창원수소액화사업 EPC 계약 및 투자확약 을 체결했으며  서명식에 참석한 관계자들이 기념촬영을 하고 있다  사진 왼쪽부터 백정한 창원산업진흥원장  박인원 두산중공업 Plant EPC BG장  정연인 두산중공업 대표이사  허성무 창원시장  박종원 경상남도 경제부지사  황윤철 BNK경남은행장  이동찬 한국산업단지공단 경남지역본부장  김희석 하나대체투자운용 대표이사  [사진제공   두산중공업] 두산중공업이 국내 첫 수소액화플랜트 건설에 나선다  두산중공업은  일  경상남도  창원시  창원산업진흥원  BNK경남은행  하나대체투자자산운용  한국산업단지공단과  창원수소액화사업 EPC 계약 및 투자확약 을 체결했다고 밝혔다 창원시청 본관에서 열린 체결식에는 허성무 창원시장  박종원 경상남도 경제부지사  백정한 창원산업진흥원장  이동찬 한국산업단지공단 경남지역본부장  정연인 두산중공업 대표이사 등이 참석했다 이번 계약을 통해  두산중공업은 수소액화 플랜트를 EPC 방식으로 건설하고 향후  년간 유지보수 업무를 수행한다  계약 금액은 약  억원 규모다  경남도와 창원시는 수소액화 사업을 위한 행정 업무를 지원하며  액화수소 구매를 확약했다  BNK경남은행은 총 투자비  억 원 중 민간사업비  억 원을 투자할 예정이다 이 플랜트는 하루  t의 액화수소 생산을 목표로 경남 창원에 위치한 두산중공업 창원공장 내 부지에  년까지 준공될 예정이다   년부터 상업운전을 통해 생산되는 액화수소는 전국의 수소충전소 등에 공급된다 창원 수소액화플랜트 사업은 한국산업단지공단이 추진하는  산업단지 환경개선펀드 사업 으로 선정된 바 있다 정연인 대표는  국내 첫 수소액화플랜트 사업의 성공적 수행을 위해 최선을 다하겠다 면서  액화수소 생산 기반을 구축해 수소 경제 인프라 활성화에 기여할 것 이라고 말했다 [이상규 기자 boyondal mkinternet com]  네이버 메인에서  매일경제 를 받아보세요  궁금한 제조과정 영상으로 보세요   이렇게 만들죠  매일매일 색다른 뉴스레터  매콤달콤  구독하세요 [  매일경제   mk co kr  무단전재 및 재배포 금지],2020-11-06,1.03,0.0
10,10,두산중공업  국내 첫 수소액화플랜트 창원에 짓는다,2020.11.06 16:54, 년부터 액화수소 생산두산중공업이 국내 첫 수소액화플랜트를 경남 창원에 건설한다 두산중공업은  일 경상남도와 창원시  경남은행  한국산업단지공단 등과  창원수소액화사업 EPC 설계 조달 시공  계약 및 투자확약 을 맺었다고 밝혔다  이번 계약을 통해 두산중공업은 수소액화 플랜트를 EPC 방식으로 건설하고 향후  년간 유지 보수 업무를 수행한다  계약 금액은  억원 규모다  경상남도와 창원시는 수소액화 사업을 위한 행정 업무 지원과 액화수소 구매를 확약했다  경남은행은 총 투자비  억원 중 민간사업비  억원을 투자할 예정이다 이 플랜트는 두산중공업 창원 공장 내 부지에  년까지 준공될 예정이다   년부터 상업운전을 통해 하루  t의 액화수소를 생산하며 전국의 수소충전소 등에 공급된다  청정에너지원인 수소는 영하  도의 극저온에서 액화된다  기체수소에 비해 부피가  분의  로 줄어들어 저장 및 운송이 쉽다  창원 수소액화플랜트 사업은 한국산업단지공단이 추진하는  산업단지 환경개선펀드 사업 으로 선정된 바 있다  정연인 두산중공업 사장은  액화수소 생산 기반을 구축해 수소 경제 인프라 활성화에 기여할 것 이라고 말했다 최만수 기자 bebop hankyung com  애플 테슬라 지금 사도 될까  궁금하면  해주라  네이버에서 한국경제 뉴스를 받아보세요  모바일한경 구독신청  한국경제   hankyung com  무단전재 및 재배포 금지,2020-11-09,6.46,1.0
11,11,두산중공업  국내 첫 수소액화플랜트 창원에 짓는다,2020.11.06 16:54, 년부터 액화수소 생산두산중공업이 국내 첫 수소액화플랜트를 경남 창원에 건설한다 두산중공업은  일 경상남도와 창원시  경남은행  한국산업단지공단 등과  창원수소액화사업 EPC 설계 조달 시공  계약 및 투자확약 을 맺었다고 밝혔다  이번 계약을 통해 두산중공업은 수소액화 플랜트를 EPC 방식으로 건설하고 향후  년간 유지 보수 업무를 수행한다  계약 금액은  억원 규모다  경상남도와 창원시는 수소액화 사업을 위한 행정 업무 지원과 액화수소 구매를 확약했다  경남은행은 총 투자비  억원 중 민간사업비  억원을 투자할 예정이다 이 플랜트는 두산중공업 창원 공장 내 부지에  년까지 준공될 예정이다   년부터 상업운전을 통해 하루  t의 액화수소를 생산하며 전국의 수소충전소 등에 공급된다  청정에너지원인 수소는 영하  도의 극저온에서 액화된다  기체수소에 비해 부피가  분의  로 줄어들어 저장 및 운송이 쉽다  창원 수소액화플랜트 사업은 한국산업단지공단이 추진하는  산업단지 환경개선펀드 사업 으로 선정된 바 있다  정연인 두산중공업 사장은  액화수소 생산 기반을 구축해 수소 경제 인프라 활성화에 기여할 것 이라고 말했다 최만수 기자 bebop hankyung com  애플 테슬라 지금 사도 될까  궁금하면  해주라  네이버에서 한국경제 뉴스를 받아보세요  모바일한경 구독신청  한국경제   hankyung com  무단전재 및 재배포 금지,2020-11-09,6.46,1.0
12,12,두산중공업  국내 첫 수소액화플랜트 건설 계약,2020.11.06 17:28,경남도 창원시 창원산업진흥원 등과 창원 수소액화 사업 EPC 계약 억원 규모 하루  톤 액화수소 생산해 수소충전소 등에 공급 두산중공업은  일 창원시청 본관에서  창원수소액화사업 EPC 계약 및 투자확약 을 체결했으며  서명식에 참석한 관계자들이 기념촬영을 하고 있다  왼쪽부터 백정한 창원산업진흥원장  박인원 두산중공업 Plant EPC BG장  정연인 두산중공업 대표이사  허성무 창원시장  박종원 경상남도 경제부지사  황윤철 BNK경남은행장  이동찬 한국산업단지공단 경남지역본부장  김희석 하나대체투자운용 대표이사  사진 두산중공업 제공 두산중공업이 국내 첫 수소액화플랜트 건설에 나선다  두산중공업은  일  경상남도  창원시  창원산업진흥원  BNK경남은행  하나대체투자자산운용  한국산업단지공단과  창원수소액화사업 EPC 계약 및 투자확약 을 체결했다고 밝혔다 창원시청 본관에서 열린 체결식에는 허성무 창원시장  박종원 경상남도 경제부지사  백정한 창원산업진흥원장  이동찬 한국산업단지공단 경남지역본부장  정연인 두산중공업 대표이사 등이 참석했다 이번 계약을 통해 두산중공업은 수소액화 플랜트를 EPC 방식으로 건설하고 향후  년간 유지보수 업무를 수행한다  계약 금액은 약  억원 규모다  경남도와 창원시는 수소액화 사업을 위한 행정 업무를 지원하며  액화수소 구매를 확약했다  BNK경남은행은 총 투자비  억 원 중 민간사업비  억 원을 투자할 예정이다 이 플랜트는 하루  톤의 액화수소 생산을 목표로 경남 창원에 위치한 두산중공업 창원공장 내 부지에  년까지 준공될 예정이다   년부터 상업운전을 통해 생산되는 액화수소는 전국의 수소충전소 등에 공급된다 청정에너지원인 수소는 영하  의 극저온에서 액화된다  액화수소는 기체수소에 비해 부피가  분의  로 줄어들어 저장 및 운송이 용이하다  수소충전소도 기체방식에 비해 필요 부지면적이 절반으로 줄어들어  도심지 주유소나 LPG충전소와 복합화 할 수 있는 장점이 있다 창원 수소액화플랜트 사업은 한국산업단지공단이 추진하는  산업단지 환경개선펀드 사업 으로 선정된 바 있다  정연인 대표는  국내 첫 수소액화플랜트 사업의 성공적 수행을 위해 최선을 다하겠다 면서  액화수소 생산 기반을 구축해 수소 경제 인프라 활성화에 기여할 것 이라고 말했다 정부는 작년 초  수소경제 활성화 로드맵 을 발표했으며  지난 달  일  제 차 수소경제위원회 를 열고   년까지  수소 발전 의무화 제도 HPS 를 도입하는 등  개 안건을 심의 의결한 바 있다  조세일보 홈페이지   정회원 가입  조세일보 네이버 뉴스스탠드 구독 종합 경제 김상우 swkim joseilbo com 저작권자   조세일보 http www joseilbo com  무단전재 및 재배포 금지,2020-11-09,6.46,1.0
13,13,두산중공업  국내 첫 수소액화플랜트 건설 계약,2020.11.06 17:28,경남도 창원시 창원산업진흥원 등과 창원 수소액화 사업 EPC 계약 억원 규모 하루  톤 액화수소 생산해 수소충전소 등에 공급 두산중공업은  일 창원시청 본관에서  창원수소액화사업 EPC 계약 및 투자확약 을 체결했으며  서명식에 참석한 관계자들이 기념촬영을 하고 있다  왼쪽부터 백정한 창원산업진흥원장  박인원 두산중공업 Plant EPC BG장  정연인 두산중공업 대표이사  허성무 창원시장  박종원 경상남도 경제부지사  황윤철 BNK경남은행장  이동찬 한국산업단지공단 경남지역본부장  김희석 하나대체투자운용 대표이사  사진 두산중공업 제공 두산중공업이 국내 첫 수소액화플랜트 건설에 나선다  두산중공업은  일  경상남도  창원시  창원산업진흥원  BNK경남은행  하나대체투자자산운용  한국산업단지공단과  창원수소액화사업 EPC 계약 및 투자확약 을 체결했다고 밝혔다 창원시청 본관에서 열린 체결식에는 허성무 창원시장  박종원 경상남도 경제부지사  백정한 창원산업진흥원장  이동찬 한국산업단지공단 경남지역본부장  정연인 두산중공업 대표이사 등이 참석했다 이번 계약을 통해 두산중공업은 수소액화 플랜트를 EPC 방식으로 건설하고 향후  년간 유지보수 업무를 수행한다  계약 금액은 약  억원 규모다  경남도와 창원시는 수소액화 사업을 위한 행정 업무를 지원하며  액화수소 구매를 확약했다  BNK경남은행은 총 투자비  억 원 중 민간사업비  억 원을 투자할 예정이다 이 플랜트는 하루  톤의 액화수소 생산을 목표로 경남 창원에 위치한 두산중공업 창원공장 내 부지에  년까지 준공될 예정이다   년부터 상업운전을 통해 생산되는 액화수소는 전국의 수소충전소 등에 공급된다 청정에너지원인 수소는 영하  의 극저온에서 액화된다  액화수소는 기체수소에 비해 부피가  분의  로 줄어들어 저장 및 운송이 용이하다  수소충전소도 기체방식에 비해 필요 부지면적이 절반으로 줄어들어  도심지 주유소나 LPG충전소와 복합화 할 수 있는 장점이 있다 창원 수소액화플랜트 사업은 한국산업단지공단이 추진하는  산업단지 환경개선펀드 사업 으로 선정된 바 있다  정연인 대표는  국내 첫 수소액화플랜트 사업의 성공적 수행을 위해 최선을 다하겠다 면서  액화수소 생산 기반을 구축해 수소 경제 인프라 활성화에 기여할 것 이라고 말했다 정부는 작년 초  수소경제 활성화 로드맵 을 발표했으며  지난 달  일  제 차 수소경제위원회 를 열고   년까지  수소 발전 의무화 제도 HPS 를 도입하는 등  개 안건을 심의 의결한 바 있다  조세일보 홈페이지   정회원 가입  조세일보 네이버 뉴스스탠드 구독 종합 경제 김상우 swkim joseilbo com 저작권자   조세일보 http www joseilbo com  무단전재 및 재배포 금지,2020-11-09,6.46,1.0
14,14, MSCI지수 편입  SK바이오팜 SK케미칼 두산중공업 주가 희비,2020.11.11 10:29,사진 게티이미지뱅크 모건스탠리캐피털인터내셔널 MSCI  한국 지수 구성 종목에 SK바이오팜 SK케미칼 두산중공업이 추가된 가운데 이들의 주가가 엇갈리고 있다 일 오전  시 분 현재 유가증권시장에서 두산중공업은 전날보다  원  상승한  만 원에 거래되고 있다  SK바이오팜도 전날보다  원  오른  만원을 기록 중이다  반면 SK케미칼은 전날보다  만 원  내린  만 원에 거래되고 있다 글로벌 주가지수 산출업체 MSCI는 이날 발표한 반기 리뷰에서 한국 지수에 이들 종목을 신규 편입했다  MSCI는 시가총액과 유동 시가총액을 기준으로 지수 편입 종목을 선정한다 월  일 종가를 기준으로 반기 리뷰를 반영해 지수 자산 비중이 재조정된다  현재 MSCI 한국 스탠더드 지수에 편입된 종목은  개다 이송렬 한경닷컴 기자 yisr hankyung com  애플 테슬라 지금 사도 될까  궁금하면  해주라  네이버에서 한국경제 뉴스를 받아보세요  모바일한경 구독신청  한국경제   hankyung com  무단전재 및 재배포 금지,2020-11-11,2.51,0.0
15,15, MSCI지수 편입  SK바이오팜 SK케미칼 두산중공업 주가 희비,2020.11.11 10:29,사진 게티이미지뱅크 모건스탠리캐피털인터내셔널 MSCI  한국 지수 구성 종목에 SK바이오팜 SK케미칼 두산중공업이 추가된 가운데 이들의 주가가 엇갈리고 있다 일 오전  시 분 현재 유가증권시장에서 두산중공업은 전날보다  원  상승한  만 원에 거래되고 있다  SK바이오팜도 전날보다  원  오른  만원을 기록 중이다  반면 SK케미칼은 전날보다  만 원  내린  만 원에 거래되고 있다 글로벌 주가지수 산출업체 MSCI는 이날 발표한 반기 리뷰에서 한국 지수에 이들 종목을 신규 편입했다  MSCI는 시가총액과 유동 시가총액을 기준으로 지수 편입 종목을 선정한다 월  일 종가를 기준으로 반기 리뷰를 반영해 지수 자산 비중이 재조정된다  현재 MSCI 한국 스탠더드 지수에 편입된 종목은  개다 이송렬 한경닷컴 기자 yisr hankyung com  애플 테슬라 지금 사도 될까  궁금하면  해주라  네이버에서 한국경제 뉴스를 받아보세요  모바일한경 구독신청  한국경제   hankyung com  무단전재 및 재배포 금지,2020-11-11,2.51,0.0
16,16,MSCI 한국지수에 SK바이오팜 SK케미칼 두산중공업 편입,2020.11.11 11:41,포스코인터내셔널 BNK금융지주 아모레퍼시픽우는 제외 사진 게티이미지뱅크 [아시아경제 금보령 기자] SK바이오팜  SK케미칼  두산중공업이 모건스탠리캐피털인터내셔널 MSCI  한국 지수 구성 종목에 추가됐고  포스코인터내셔널  BNK금융지주  아모레퍼시픽우는 제외됐다 일 금융투자업계에 따르면 글로벌 주가지수 산출업체 MSCI는 이날 발표한 반기 리뷰에서 한국 지수에 SK바이오팜  SK케미칼  두산중공업을 신규 편입했다 MSCI는 시가총액과 유동 시가총액을 기준으로 지수 편입 종목을 선정해 반영한다 노동길 NH투자증권 연구원은  SK바이오팜  두산중공업  SK케미칼 MSCI 신흥시장 EM  내 비중은 각각  다  패시브 자금 유입 예상 규모는 각각  억원으로 추정된다 며  아모레퍼시픽우  포스코인터내셔널  BNK금융지주 패시브 자금 유출 예상 규모는 각각  억원   억원   억원으로 예상한다 고 설명했다 강송철 신한금융투자 연구원은  지수 편입에 따른 패시브 매입 수요는 SK바이오팜  억원  SK케미칼  억원  두산중공업  억원으로 추정한다 며  지수 제외에 따른 매도 수요는 포스코인터내셔널  억원  BNK금융지주  억원  아모레퍼시픽우  억원으로 내다본다 고 분석했다 이날 기준 MSCI 한국 스탠더드 지수에 편입된 종목은  개다 금보령 기자 gold asiae co kr   년 신축년  신년운세와 토정비결은  발 빠른 최신 뉴스  네이버 메인에서 바로 보기  요즘 트렌드 모아보고 싶을 땐  드링킷 경제를 보는 눈  세계를 보는 창 아시아경제 무단전재 배포금지 ,2020-11-11,2.51,0.0
17,17,MSCI 한국지수에 SK바이오팜 SK케미칼 두산중공업 편입,2020.11.11 11:41,포스코인터내셔널 BNK금융지주 아모레퍼시픽우는 제외 사진 게티이미지뱅크 [아시아경제 금보령 기자] SK바이오팜  SK케미칼  두산중공업이 모건스탠리캐피털인터내셔널 MSCI  한국 지수 구성 종목에 추가됐고  포스코인터내셔널  BNK금융지주  아모레퍼시픽우는 제외됐다 일 금융투자업계에 따르면 글로벌 주가지수 산출업체 MSCI는 이날 발표한 반기 리뷰에서 한국 지수에 SK바이오팜  SK케미칼  두산중공업을 신규 편입했다 MSCI는 시가총액과 유동 시가총액을 기준으로 지수 편입 종목을 선정해 반영한다 노동길 NH투자증권 연구원은  SK바이오팜  두산중공업  SK케미칼 MSCI 신흥시장 EM  내 비중은 각각  다  패시브 자금 유입 예상 규모는 각각  억원으로 추정된다 며  아모레퍼시픽우  포스코인터내셔널  BNK금융지주 패시브 자금 유출 예상 규모는 각각  억원   억원   억원으로 예상한다 고 설명했다 강송철 신한금융투자 연구원은  지수 편입에 따른 패시브 매입 수요는 SK바이오팜  억원  SK케미칼  억원  두산중공업  억원으로 추정한다 며  지수 제외에 따른 매도 수요는 포스코인터내셔널  억원  BNK금융지주  억원  아모레퍼시픽우  억원으로 내다본다 고 분석했다 이날 기준 MSCI 한국 스탠더드 지수에 편입된 종목은  개다 금보령 기자 gold asiae co kr   년 신축년  신년운세와 토정비결은  발 빠른 최신 뉴스  네이버 메인에서 바로 보기  요즘 트렌드 모아보고 싶을 땐  드링킷 경제를 보는 눈  세계를 보는 창 아시아경제 무단전재 배포금지 ,2020-11-11,2.51,0.0
18,18,MSCI 같이 들어갔는데 두산중공업 SK케미칼 주가 엇갈린 이유,2020.11.11 12:04,[머니투데이 강민수 기자] [[오늘의 포인트]] 조정우 SK바이오팜 사장이  일 오전 서울 영등포구 여의도 한국거래소에서 진행된 코스피 신규상장 기념식에 참석해 시초가 확인 후 인사말을 하고 있다    사진 김휘선 기자 hwijpg MSCI 모건스탠리캐피털인터내셔널 지수 반기 리뷰 변경  발표에도 편입 종목의 주가가 엇갈려 투자자들의 관심을 끌고 있다  전문가들은 같은 편입 종목이더라도 개별 이슈에 따라 오히려 지수 편입 소식이 차익 실현으로 이어질 수 있다고 진단했다 다만  주가 상승을 기대한다면 변경일 월 일 까지 지켜볼 것을 권했다 일 금융투자업계에 따르면 글로벌 주가지수 산출업체 MSCI 모건스탠리캐피털인터내셔널 은 이날 발표한 반기 변경 리뷰 에서 MSCI 한국 지수에 SK바이오팜  SK케미칼  두산중공업 등이 편입됐다고 밝혔다 반면  아모레퍼시픽우  BNK금융지주  포스코인터내셔널은 지수 구성 종목에서 제외됐다 이날 발표된 지수 조정은 오는  일 이뤄진다  MSCI의 지수 관리 절차는 반기 변경 월 월  분기 변경 월 월  상시 관리로 나눠지는데  보통 반기 변경은 분기보다 종목 교체를 위한 시가총액 기준점이 낮아 교체 종목이 많은 편이다 종목 추가 삭제의 가장 큰 기준은 시가총액이다  시가총액이 커진 종목을 새로 넣고 시총이 줄어서 영향력이 약해진 종목을 삭제하는 방식이다 여기에 투자 가능성을 고려해 유동 시가총액 실제 유통 주식을 기준으로 한 시가총액  유동비율 등을 추가로 체크한다 통상적으로 편입 종목은 지수 추종 자금이 들어오면서 주가 상승이 기대된다  신한금융투자에 따르면 지수 편입에 따른 패시브 매입 수요는 각각 SK바이오팜 억원  SK케미칼 억원  두산중공업 억원 으로 추정된다 임종철 디자인기자   사진 임종철 디자인기자 그러나 이날 주가 흐름은 예상과 다르다  이날 오전  시  분 현재 두산중공업은 전일 대비  원  오른  만 원을 보이나  SK케미칼은   약세다  SK바이오팜은 강보합세다 오히려 편출 종목인 BNK금융지주  아모레퍼시픽우  포스코인터내셔널이  대 강세를 보인다 이는 지수 발표일이 오히려 차익 실현 계기가 됐다는 분석이다  노동길 NH투자증권 연구원은  월 리뷰 때도 MSCI 편입 종목 일부가 발표날 빠졌고  종목 개별로 보면 반드시 발표일에 오른다고 보기는 어렵다 며  예상종목을 미리 매수한 투자자들이 발표일을 차익 실현 계기로 삼는 경우도 있다 고 설명했다 월 분기 변경 때도 발표일 일 에 편입 종목인 알테오젠 과 씨젠 이 하락하기도 했다 곽성훈 신한금융투자 연구원은  이벤트를 선행해 사는 투자자도 있고  운용사에서도 다양한 매수 매도 전략을 구사하다보니 편입 직후 주가가 반드시 오른다고 보기는 어렵다 고 말했다 종목 개별 이슈 영향도 크다  SK케미칼의 경우 영국 제약회사 아스트라제네카의 코로나 COVID  백신을 CMO 위탁생산 할 것이란 기대감에 그간 수혜를 입었는데  전날 경쟁사인 화이자가 개발 중인 백신이 높은 예방 효과를 보였다는 소식에 타격을 입은 것으로 풀이된다 다만  지수 변경일까지 내다본다면 이 기간은 주가가 상승할 가능성이 높다  노 연구원은  MSCI 지수 변경 대표 전략은 리뷰일 매수 후 변경일 매도 라며  해당 전략의  년 이후 절대 및 상대 평균 수익률은 각각    포인트 라고 분석했다 그는  이는  년 이후로 좁히면 각각    포인트 상승하는 등 최근에도 유의미한 성과를 보이고 있다 고 덧붙였다 강민수 기자 fullwater mt co kr 부동산 투자는 [부릿지] 조 변호사의 가정상담소 줄리아 투자노트 저작권자    돈이 보이는 리얼타임 뉴스  머니투데이  무단전재 및 재배포 금지 ,2020-11-11,2.51,0.0
19,19,MSCI 같이 들어갔는데 두산중공업 SK케미칼 주가 엇갈린 이유,2020.11.11 12:04,[머니투데이 강민수 기자] [[오늘의 포인트]] 조정우 SK바이오팜 사장이  일 오전 서울 영등포구 여의도 한국거래소에서 진행된 코스피 신규상장 기념식에 참석해 시초가 확인 후 인사말을 하고 있다    사진 김휘선 기자 hwijpg MSCI 모건스탠리캐피털인터내셔널 지수 반기 리뷰 변경  발표에도 편입 종목의 주가가 엇갈려 투자자들의 관심을 끌고 있다  전문가들은 같은 편입 종목이더라도 개별 이슈에 따라 오히려 지수 편입 소식이 차익 실현으로 이어질 수 있다고 진단했다 다만  주가 상승을 기대한다면 변경일 월 일 까지 지켜볼 것을 권했다 일 금융투자업계에 따르면 글로벌 주가지수 산출업체 MSCI 모건스탠리캐피털인터내셔널 은 이날 발표한 반기 변경 리뷰 에서 MSCI 한국 지수에 SK바이오팜  SK케미칼  두산중공업 등이 편입됐다고 밝혔다 반면  아모레퍼시픽우  BNK금융지주  포스코인터내셔널은 지수 구성 종목에서 제외됐다 이날 발표된 지수 조정은 오는  일 이뤄진다  MSCI의 지수 관리 절차는 반기 변경 월 월  분기 변경 월 월  상시 관리로 나눠지는데  보통 반기 변경은 분기보다 종목 교체를 위한 시가총액 기준점이 낮아 교체 종목이 많은 편이다 종목 추가 삭제의 가장 큰 기준은 시가총액이다  시가총액이 커진 종목을 새로 넣고 시총이 줄어서 영향력이 약해진 종목을 삭제하는 방식이다 여기에 투자 가능성을 고려해 유동 시가총액 실제 유통 주식을 기준으로 한 시가총액  유동비율 등을 추가로 체크한다 통상적으로 편입 종목은 지수 추종 자금이 들어오면서 주가 상승이 기대된다  신한금융투자에 따르면 지수 편입에 따른 패시브 매입 수요는 각각 SK바이오팜 억원  SK케미칼 억원  두산중공업 억원 으로 추정된다 임종철 디자인기자   사진 임종철 디자인기자 그러나 이날 주가 흐름은 예상과 다르다  이날 오전  시  분 현재 두산중공업은 전일 대비  원  오른  만 원을 보이나  SK케미칼은   약세다  SK바이오팜은 강보합세다 오히려 편출 종목인 BNK금융지주  아모레퍼시픽우  포스코인터내셔널이  대 강세를 보인다 이는 지수 발표일이 오히려 차익 실현 계기가 됐다는 분석이다  노동길 NH투자증권 연구원은  월 리뷰 때도 MSCI 편입 종목 일부가 발표날 빠졌고  종목 개별로 보면 반드시 발표일에 오른다고 보기는 어렵다 며  예상종목을 미리 매수한 투자자들이 발표일을 차익 실현 계기로 삼는 경우도 있다 고 설명했다 월 분기 변경 때도 발표일 일 에 편입 종목인 알테오젠 과 씨젠 이 하락하기도 했다 곽성훈 신한금융투자 연구원은  이벤트를 선행해 사는 투자자도 있고  운용사에서도 다양한 매수 매도 전략을 구사하다보니 편입 직후 주가가 반드시 오른다고 보기는 어렵다 고 말했다 종목 개별 이슈 영향도 크다  SK케미칼의 경우 영국 제약회사 아스트라제네카의 코로나 COVID  백신을 CMO 위탁생산 할 것이란 기대감에 그간 수혜를 입었는데  전날 경쟁사인 화이자가 개발 중인 백신이 높은 예방 효과를 보였다는 소식에 타격을 입은 것으로 풀이된다 다만  지수 변경일까지 내다본다면 이 기간은 주가가 상승할 가능성이 높다  노 연구원은  MSCI 지수 변경 대표 전략은 리뷰일 매수 후 변경일 매도 라며  해당 전략의  년 이후 절대 및 상대 평균 수익률은 각각    포인트 라고 분석했다 그는  이는  년 이후로 좁히면 각각    포인트 상승하는 등 최근에도 유의미한 성과를 보이고 있다 고 덧붙였다 강민수 기자 fullwater mt co kr 부동산 투자는 [부릿지] 조 변호사의 가정상담소 줄리아 투자노트 저작권자    돈이 보이는 리얼타임 뉴스  머니투데이  무단전재 및 재배포 금지 ,2020-11-11,2.51,0.0
20,20,MSCI지수에 SK바이오팜 SK케미칼 두산중공업 편입 투자전략은 ,2020.11.11 15:15,모건스탠리캐피털인터내셔널 MSCI  한국 지수 구성 종목에 SK바이오팜  SK케미칼  두산중공업이 추가됐다  외국인 투자자들은 개별 종목보다는 지수를 통째로 사는 경향이 있어 이들 종목에도 대규모 투자금이 유입될 전망이다 글로벌 주가지수를 산출하는 MSCI는  일 발표한 반기 리뷰를 통해 MSCI 한국 지수에 SK바이오팜 SK케미칼 두산중공업을 편입하고  아모레퍼시픽우  BNK금융지주  포스코인터내셔녈은 제외한다고 발표했다  MSCI 지수는 시가총액과 유동시가총액 실제 거래 가능한 유동주식의 시가총액 을 기준으로 새로 편입하거나 제외할 종목을 선정한다 SK바이오팜  SK케미칼  두산중공업이 MSCI 신흥시장 EM  지수 내에서 차지하는 비중은 각각 약  가 된다  NH투자증권은 지수 편입에 따른 패시브 자금 유입 예상 규모를 각 종목당  억원으로 추정했다  반면 아모레퍼시픽우  포스코인터내셔널  BNK금융지주의 패시브 자금 유출 예상 규모는 각각  억원   억원   억원으로 추정했다  지수 자산 비중 조정 리밸런싱 은 오는  일 이뤄진다  상장지수펀드 ETF  등 패시브 자금은 변경일에 유입된다 이같은 패시브 자금 유입에 대한 기대감에도 이날 일부 종목의 주가는 부진했다  특히 SK케미칼 주가는 큰 폭으로 하락했다  지수 편입으로 인한 수혜보다 개별 종목의 이슈가 더 컸다  SK케미칼은 영국 제약회사 아스트라제네카의 코로나  백신을 위탁생산할 것이라는 기대감에 그동안 많이 올랐다  최근 경쟁사인 화이자가 개발 중인 백신이 높은 예방 효과를 보였다는 소식에 주가는 급락했다 하지만 전문가들은 지수 변경일까지 내다본다면 편입 종목들의 주가 상승 가능성이 남아있다고 보고 잇다  지수 변경을 활용한 전통적인 투자 전략은 리뷰 발표일에 주식을 사서 리밸런싱 당일에 매도하는 것이다  노동길 NH투자증권 연구원은  이 전략의 과거 평균 성과도 양호하다 며  년 이후 기준 절대 수익률은   코스피 상승률 대비 상대수익률은  포인트였다 고 설명했다 고재연 기자 yeon hankyung com  애플 테슬라 지금 사도 될까  궁금하면  해주라  네이버에서 한국경제 뉴스를 받아보세요  모바일한경 구독신청  한국경제   hankyung com  무단전재 및 재배포 금지,2020-11-12,0.31,0.0
21,21,MSCI지수에 SK바이오팜 SK케미칼 두산중공업 편입 투자전략은 ,2020.11.11 15:15,모건스탠리캐피털인터내셔널 MSCI  한국 지수 구성 종목에 SK바이오팜  SK케미칼  두산중공업이 추가됐다  외국인 투자자들은 개별 종목보다는 지수를 통째로 사는 경향이 있어 이들 종목에도 대규모 투자금이 유입될 전망이다 글로벌 주가지수를 산출하는 MSCI는  일 발표한 반기 리뷰를 통해 MSCI 한국 지수에 SK바이오팜 SK케미칼 두산중공업을 편입하고  아모레퍼시픽우  BNK금융지주  포스코인터내셔녈은 제외한다고 발표했다  MSCI 지수는 시가총액과 유동시가총액 실제 거래 가능한 유동주식의 시가총액 을 기준으로 새로 편입하거나 제외할 종목을 선정한다 SK바이오팜  SK케미칼  두산중공업이 MSCI 신흥시장 EM  지수 내에서 차지하는 비중은 각각 약  가 된다  NH투자증권은 지수 편입에 따른 패시브 자금 유입 예상 규모를 각 종목당  억원으로 추정했다  반면 아모레퍼시픽우  포스코인터내셔널  BNK금융지주의 패시브 자금 유출 예상 규모는 각각  억원   억원   억원으로 추정했다  지수 자산 비중 조정 리밸런싱 은 오는  일 이뤄진다  상장지수펀드 ETF  등 패시브 자금은 변경일에 유입된다 이같은 패시브 자금 유입에 대한 기대감에도 이날 일부 종목의 주가는 부진했다  특히 SK케미칼 주가는 큰 폭으로 하락했다  지수 편입으로 인한 수혜보다 개별 종목의 이슈가 더 컸다  SK케미칼은 영국 제약회사 아스트라제네카의 코로나  백신을 위탁생산할 것이라는 기대감에 그동안 많이 올랐다  최근 경쟁사인 화이자가 개발 중인 백신이 높은 예방 효과를 보였다는 소식에 주가는 급락했다 하지만 전문가들은 지수 변경일까지 내다본다면 편입 종목들의 주가 상승 가능성이 남아있다고 보고 잇다  지수 변경을 활용한 전통적인 투자 전략은 리뷰 발표일에 주식을 사서 리밸런싱 당일에 매도하는 것이다  노동길 NH투자증권 연구원은  이 전략의 과거 평균 성과도 양호하다 며  년 이후 기준 절대 수익률은   코스피 상승률 대비 상대수익률은  포인트였다 고 설명했다 고재연 기자 yeon hankyung com  애플 테슬라 지금 사도 될까  궁금하면  해주라  네이버에서 한국경제 뉴스를 받아보세요  모바일한경 구독신청  한국경제   hankyung com  무단전재 및 재배포 금지,2020-11-12,0.31,0.0
22,22,SK케미칼 SK바이오팜 두산중공업  MSCI 편입효과 노려볼까,2020.11.11 15:37,[파이낸셜뉴스] 모건스탠리캐피털인터내셔널 MSCI  주가지수의 반기 변경 리뷰 이 이뤄지며 신규 편입 종목에 대한 수급 개선 기대감이 높아지고 있다 일 금융투자업계에 따르면 MSCI  월 반기 리뷰 결과 MSCI 코리아 스탠다드 지수에 SK바이오팜  SK케미칼  두산중공업 등 세 종목이 신규 편입됐다   월 반기 리뷰는  월 마지막  거래일 동안의 시가총액을 기준으로 교체 종목이 결정된다  지수 발효일은  월  일이며  전날인  월  일 해당 지수를 추종하는 펀드의 종목 교체 리밸런싱 가 이뤄진다 MSCI 주가지수 변경은 통상 초과수익을 기대할 만한 이벤트로 평가된다  지수 편입에 따른 패시브 펀드의 매입 수요가 발생하기 때문이다 신한금융투자에 따르면 MSCI 코리아 스탠다드 지수 신규 편입에 따라 리밸런싱 당일 SK바이오팜  억원  SK케미칼  억원의 패시브 매입 수요가 발생할 것으로 추정된다  이는 일평균 거래대금의  배   배에 각각 해당하는 규모다  두산중공업은 일평균 거래대금의  배인  억원의 패시브 자금이 유입될 것으로 전망된다 이에 따라 MSCI 지수 리뷰일에 매수 후 리밸렁싱 당일 매도하는 전략이 유효할 수 있다는 평가다 노동길 NH투자증권 연구원은  MSCI 지수 변경은 리뷰일 매수 후 리밸런싱 당일 매도하는 투자전략이 유효하다 면서  변경일에 매도하는 이유는 ETF 상장지수펀드  등 패시브 자금이 변경일 동시호가 때 주로 유입되기 때문 이라고 설명했다  노 연구원은 이어  해당 전략의 절대수익률은  년 이후 평균  를 기록했고   년 이후로 좁히면  로 상승하는 등 최근에도 유의미한 성과를 보이고 있다 고 밝혔다 MSCI 반기 리뷰 발표 결과 아모레퍼시픽우  포스코인터내셔널  BNK금융지주는 지수에서 제외됐다  신한금융투자는 지수 제외에 따라 BNK금융지주  억원  포스코인터내셔널  억원  아모레퍼시픽  억원 규모의 매도 수요가 각각 발생할 것으로 추정했다 한편  이번 반기 리뷰 적용 이후 국내 주식시장의 MSCI 신흥시장 EM  지수 내 비중은 현재  에서  로  포인트 하락할 전망이다  쿠웨이트의 EM 편입과 인도 주식시장의 비중 상승 때문이다  다만 국내 주식시장의 MSCI EM 내 비중은  위를 유지할 것으로 예상된다 두산중공업  SK케미칼  SK바이오팜  MSCI편입효과  모건스탠리캐피털인터내셔널 mjk fnnews com 김미정 기자  헉  소리나는 스 토리 뉴스 [헉스]   아는 척 하고 싶은 당신을 위한 [두유노우]  날로먹고 구워먹는 금융이슈 [파인애플]  저작권자   파이낸셜뉴스  무단 전재 재배포 금지,2020-11-12,0.31,0.0
23,23,SK케미칼 SK바이오팜 두산중공업  MSCI 편입효과 노려볼까,2020.11.11 15:37,[파이낸셜뉴스] 모건스탠리캐피털인터내셔널 MSCI  주가지수의 반기 변경 리뷰 이 이뤄지며 신규 편입 종목에 대한 수급 개선 기대감이 높아지고 있다 일 금융투자업계에 따르면 MSCI  월 반기 리뷰 결과 MSCI 코리아 스탠다드 지수에 SK바이오팜  SK케미칼  두산중공업 등 세 종목이 신규 편입됐다   월 반기 리뷰는  월 마지막  거래일 동안의 시가총액을 기준으로 교체 종목이 결정된다  지수 발효일은  월  일이며  전날인  월  일 해당 지수를 추종하는 펀드의 종목 교체 리밸런싱 가 이뤄진다 MSCI 주가지수 변경은 통상 초과수익을 기대할 만한 이벤트로 평가된다  지수 편입에 따른 패시브 펀드의 매입 수요가 발생하기 때문이다 신한금융투자에 따르면 MSCI 코리아 스탠다드 지수 신규 편입에 따라 리밸런싱 당일 SK바이오팜  억원  SK케미칼  억원의 패시브 매입 수요가 발생할 것으로 추정된다  이는 일평균 거래대금의  배   배에 각각 해당하는 규모다  두산중공업은 일평균 거래대금의  배인  억원의 패시브 자금이 유입될 것으로 전망된다 이에 따라 MSCI 지수 리뷰일에 매수 후 리밸렁싱 당일 매도하는 전략이 유효할 수 있다는 평가다 노동길 NH투자증권 연구원은  MSCI 지수 변경은 리뷰일 매수 후 리밸런싱 당일 매도하는 투자전략이 유효하다 면서  변경일에 매도하는 이유는 ETF 상장지수펀드  등 패시브 자금이 변경일 동시호가 때 주로 유입되기 때문 이라고 설명했다  노 연구원은 이어  해당 전략의 절대수익률은  년 이후 평균  를 기록했고   년 이후로 좁히면  로 상승하는 등 최근에도 유의미한 성과를 보이고 있다 고 밝혔다 MSCI 반기 리뷰 발표 결과 아모레퍼시픽우  포스코인터내셔널  BNK금융지주는 지수에서 제외됐다  신한금융투자는 지수 제외에 따라 BNK금융지주  억원  포스코인터내셔널  억원  아모레퍼시픽  억원 규모의 매도 수요가 각각 발생할 것으로 추정했다 한편  이번 반기 리뷰 적용 이후 국내 주식시장의 MSCI 신흥시장 EM  지수 내 비중은 현재  에서  로  포인트 하락할 전망이다  쿠웨이트의 EM 편입과 인도 주식시장의 비중 상승 때문이다  다만 국내 주식시장의 MSCI EM 내 비중은  위를 유지할 것으로 예상된다 두산중공업  SK케미칼  SK바이오팜  MSCI편입효과  모건스탠리캐피털인터내셔널 mjk fnnews com 김미정 기자  헉  소리나는 스 토리 뉴스 [헉스]   아는 척 하고 싶은 당신을 위한 [두유노우]  날로먹고 구워먹는 금융이슈 [파인애플]  저작권자   파이낸셜뉴스  무단 전재 재배포 금지,2020-11-12,0.31,0.0
24,24,MSCI 같이 들어갔는데 두산중공업 오르고  SK케미칼 빠졌다,2020.11.12 04:26,[머니투데이 강민수 기자] [ 종합 ] MSCI 모건스탠리캐피털인터내셔널 지수 반기 리뷰 변경  발표에도 편입 종목의 주가는 엇갈렸다 전문가들은 같은 편입 종목이더라도 개별 이슈에 따라 오히려 지수 편입 소식이 차익 실현으로 이어질 수 있다고 진단했다  다만 주가 상승을 기대한다면 변경일 월 일 까지 지켜볼 것을 권했다 일 금융투자업계에 따르면 글로벌 주가지수 산출업체 MSCI 모건스탠리캐피털인터내셔널 은 이날 발표한 반기 변경 리뷰 에서 MSCI 한국 지수에 SK바이오팜  SK케미칼  두산중공업 등이 편입됐다고 밝혔다 아모레퍼시픽우  BNK금융지주  포스코인터내셔널은 지수 구성 종목에서 제외됐다 이날 발표된 지수 조정은 오는  일 이뤄진다  MSCI의 지수 관리 절차는 반기 변경 월 월  분기 변경 월 월  상시 관리로 나눠지는데  보통 반기 변경은 분기보다 종목 교체를 위한 시가총액 기준점이 낮아 교체 종목이 많은 편이다 종목 추가 삭제의 가장 큰 기준은 시가총액이다  시가총액이 커진 종목을 새로 넣고 시총이 줄어서 영향력이 약해진 종목을 삭제하는 방식이다 여기에 투자 가능성을 고려해 유동 시가총액 실제 유통 주식을 기준으로 한 시가총액  유동비율 등을 추가로 체크한다 통상적으로 편입 종목은 지수 추종 자금이 들어오면서 주가 상승이 기대된다  신한금융투자에 따르면 지수 편입에 따른 패시브 매입 수요는 각각 SK바이오팜 억원  SK케미칼 억원  두산중공업 억원 으로 추정된다 임종철 디자인기자   사진 임종철 디자인기자 그러나 이날 주가 흐름은 예상과 달랐다  두산중공업은 전일 대비  원  오른  만 원을 기록했으나  SK케미칼은 무려  만 원  떨어진  만 원에 마감했다  SK바이오팜도  원  하락한  만 원에 거래를 마쳤다 오히려 편출 종목인 BNK금융지주  아모레퍼시픽우  포스코인터내셔널  등이 강세를 보였다 이는 지수 발표일이 오히려 차익 실현 계기가 됐다는 분석이다  노동길 NH투자증권 연구원은  월 리뷰 때도 MSCI 편입 종목 일부가 발표날 빠졌고  종목 개별로 보면 반드시 발표일에 오른다고 보기는 어렵다 며  예상종목을 미리 매수한 투자자들이 발표일을 차익 실현 계기로 삼는 경우도 있다 고 설명했다 월 분기 변경 때도 발표일 일 에 편입 종목인 알테오젠 과 씨젠 이 하락하기도 했다 곽성훈 신한금융투자 연구원은  이벤트를 선행해 사는 투자자도 있고  운용사에서도 다양한 매수 매도 전략을 구사하다보니 편입 직후 주가가 반드시 오른다고 보기는 어렵다 고 말했다 종목 개별 이슈 영향도 크다  SK케미칼의 경우 영국 제약회사 아스트라제네카의 코로나 COVID  백신을 CMO 위탁생산 할 것이란 기대감에 그간 수혜를 입었는데  전날 경쟁사인 화이자가 개발 중인 백신이 높은 예방 효과를 보였다는 소식에 타격을 입은 것으로 풀이된다 다만  지수 변경일까지 내다본다면 이 기간은 주가가 상승할 가능성이 높다  노 연구원은  MSCI 지수 변경 대표 전략은 리뷰일 매수 후 변경일 매도 라며  해당 전략의  년 이후 절대 및 상대 평균 수익률은 각각    포인트 라고 분석했다 그는  이는  년 이후로 좁히면 각각    포인트 상승하는 등 최근에도 유의미한 성과를 보이고 있다 고 덧붙였다 강민수 기자 fullwater mt co kr 부동산 투자는 [부릿지] 조 변호사의 가정상담소 줄리아 투자노트 저작권자    돈이 보이는 리얼타임 뉴스  머니투데이  무단전재 및 재배포 금지 ,2020-11-12,0.31,0.0
25,25,MSCI 같이 들어갔는데 두산중공업 오르고  SK케미칼 빠졌다,2020.11.12 04:26,[머니투데이 강민수 기자] [ 종합 ] MSCI 모건스탠리캐피털인터내셔널 지수 반기 리뷰 변경  발표에도 편입 종목의 주가는 엇갈렸다 전문가들은 같은 편입 종목이더라도 개별 이슈에 따라 오히려 지수 편입 소식이 차익 실현으로 이어질 수 있다고 진단했다  다만 주가 상승을 기대한다면 변경일 월 일 까지 지켜볼 것을 권했다 일 금융투자업계에 따르면 글로벌 주가지수 산출업체 MSCI 모건스탠리캐피털인터내셔널 은 이날 발표한 반기 변경 리뷰 에서 MSCI 한국 지수에 SK바이오팜  SK케미칼  두산중공업 등이 편입됐다고 밝혔다 아모레퍼시픽우  BNK금융지주  포스코인터내셔널은 지수 구성 종목에서 제외됐다 이날 발표된 지수 조정은 오는  일 이뤄진다  MSCI의 지수 관리 절차는 반기 변경 월 월  분기 변경 월 월  상시 관리로 나눠지는데  보통 반기 변경은 분기보다 종목 교체를 위한 시가총액 기준점이 낮아 교체 종목이 많은 편이다 종목 추가 삭제의 가장 큰 기준은 시가총액이다  시가총액이 커진 종목을 새로 넣고 시총이 줄어서 영향력이 약해진 종목을 삭제하는 방식이다 여기에 투자 가능성을 고려해 유동 시가총액 실제 유통 주식을 기준으로 한 시가총액  유동비율 등을 추가로 체크한다 통상적으로 편입 종목은 지수 추종 자금이 들어오면서 주가 상승이 기대된다  신한금융투자에 따르면 지수 편입에 따른 패시브 매입 수요는 각각 SK바이오팜 억원  SK케미칼 억원  두산중공업 억원 으로 추정된다 임종철 디자인기자   사진 임종철 디자인기자 그러나 이날 주가 흐름은 예상과 달랐다  두산중공업은 전일 대비  원  오른  만 원을 기록했으나  SK케미칼은 무려  만 원  떨어진  만 원에 마감했다  SK바이오팜도  원  하락한  만 원에 거래를 마쳤다 오히려 편출 종목인 BNK금융지주  아모레퍼시픽우  포스코인터내셔널  등이 강세를 보였다 이는 지수 발표일이 오히려 차익 실현 계기가 됐다는 분석이다  노동길 NH투자증권 연구원은  월 리뷰 때도 MSCI 편입 종목 일부가 발표날 빠졌고  종목 개별로 보면 반드시 발표일에 오른다고 보기는 어렵다 며  예상종목을 미리 매수한 투자자들이 발표일을 차익 실현 계기로 삼는 경우도 있다 고 설명했다 월 분기 변경 때도 발표일 일 에 편입 종목인 알테오젠 과 씨젠 이 하락하기도 했다 곽성훈 신한금융투자 연구원은  이벤트를 선행해 사는 투자자도 있고  운용사에서도 다양한 매수 매도 전략을 구사하다보니 편입 직후 주가가 반드시 오른다고 보기는 어렵다 고 말했다 종목 개별 이슈 영향도 크다  SK케미칼의 경우 영국 제약회사 아스트라제네카의 코로나 COVID  백신을 CMO 위탁생산 할 것이란 기대감에 그간 수혜를 입었는데  전날 경쟁사인 화이자가 개발 중인 백신이 높은 예방 효과를 보였다는 소식에 타격을 입은 것으로 풀이된다 다만  지수 변경일까지 내다본다면 이 기간은 주가가 상승할 가능성이 높다  노 연구원은  MSCI 지수 변경 대표 전략은 리뷰일 매수 후 변경일 매도 라며  해당 전략의  년 이후 절대 및 상대 평균 수익률은 각각    포인트 라고 분석했다 그는  이는  년 이후로 좁히면 각각    포인트 상승하는 등 최근에도 유의미한 성과를 보이고 있다 고 덧붙였다 강민수 기자 fullwater mt co kr 부동산 투자는 [부릿지] 조 변호사의 가정상담소 줄리아 투자노트 저작권자    돈이 보이는 리얼타임 뉴스  머니투데이  무단전재 및 재배포 금지 ,2020-11-12,0.31,0.0
26,26,두산중공업  한국중부발전과 해외 수력발전 진출 위한 업무협약,2020.11.12 08:46,두산중공업은 한국중부발전과 해외 수력시장 진출을 위한 업무협약을 체결했다고  일 밝혔다 두 회사는 전날 협약식을 열고  신규 해외 수력발전사업 공동개발   수력발전 분야 기자재  설계 국산화 및 수출을 위한 판로개척  등에 협력하기로 했다 두산중공업 창원 본사에서 열린 양해각서 체결식에서 노웅환 한국중부발전 사업본부장 왼쪽 과 나기용 두산중공업 부사장이 기념촬영을 하고 있다   두산중공업 제공 한국중부발전은  년부터 인도네시아 수마트라섬에 위치한  메가와트 MW 급 왐푸 수력발전소를   년부터는  MW급 땅가무스 수력발전소를 운영하고 있다  이밖에도 인도네시아에서 다수의 수력발전 사업을 개발하고 있다 두산중공업은  년대부터 수력발전사업을 시작해  MW 규모의 국내 수력발전소에 주계약자로 참여했으며  미국  인도  필리핀 등 해외 수력발전소에도 주요 기자재를 공급해왔다  지난달에는  억원 규모의 네팔 어퍼트리슐리  수력발전소를 수주한데 이어  파키스탄 수력발전 사업 참여도 추진하는 등 사업을 확대하고 있다 나기용 두산중공업 부사장은  이번 협약으로 국내외 수력발전 시장에서 사업 참여 기회가 확대될 전망인 만큼 주요 기자재 제작과 설계 등에서 국산화를 제고하고  국내 수력발전 생태계 활성화를 위해 노력하겠다 며  한국중부발전과 함께  년까지 약  GW 증가가 전망되는 동남아 수력시장을 적극 공략해 나갈 것 이라고 말했다 [권오은 기자 oheun chosunbiz com] 네이버에서 조선비즈를 구독 하세요 삼성 품은 이곳  제 의 이태원으로 급부상 올해  이 기업들  투자 안하면 영영 기회 없다 저작권자   조선비즈  무단 전재 및 재배포 금지,2020-11-12,0.31,0.0
27,27,두산중공업  한국중부발전과 해외 수력발전 진출 위한 업무협약,2020.11.12 08:46,두산중공업은 한국중부발전과 해외 수력시장 진출을 위한 업무협약을 체결했다고  일 밝혔다 두 회사는 전날 협약식을 열고  신규 해외 수력발전사업 공동개발   수력발전 분야 기자재  설계 국산화 및 수출을 위한 판로개척  등에 협력하기로 했다 두산중공업 창원 본사에서 열린 양해각서 체결식에서 노웅환 한국중부발전 사업본부장 왼쪽 과 나기용 두산중공업 부사장이 기념촬영을 하고 있다   두산중공업 제공 한국중부발전은  년부터 인도네시아 수마트라섬에 위치한  메가와트 MW 급 왐푸 수력발전소를   년부터는  MW급 땅가무스 수력발전소를 운영하고 있다  이밖에도 인도네시아에서 다수의 수력발전 사업을 개발하고 있다 두산중공업은  년대부터 수력발전사업을 시작해  MW 규모의 국내 수력발전소에 주계약자로 참여했으며  미국  인도  필리핀 등 해외 수력발전소에도 주요 기자재를 공급해왔다  지난달에는  억원 규모의 네팔 어퍼트리슐리  수력발전소를 수주한데 이어  파키스탄 수력발전 사업 참여도 추진하는 등 사업을 확대하고 있다 나기용 두산중공업 부사장은  이번 협약으로 국내외 수력발전 시장에서 사업 참여 기회가 확대될 전망인 만큼 주요 기자재 제작과 설계 등에서 국산화를 제고하고  국내 수력발전 생태계 활성화를 위해 노력하겠다 며  한국중부발전과 함께  년까지 약  GW 증가가 전망되는 동남아 수력시장을 적극 공략해 나갈 것 이라고 말했다 [권오은 기자 oheun chosunbiz com] 네이버에서 조선비즈를 구독 하세요 삼성 품은 이곳  제 의 이태원으로 급부상 올해  이 기업들  투자 안하면 영영 기회 없다 저작권자   조선비즈  무단 전재 및 재배포 금지,2020-11-12,0.31,0.0
28,28,두산중공업  한국중부발전과 해외 수력발전 진출 위한 업무협약,2020.11.12 08:46,두산중공업은 한국중부발전과 해외 수력시장 진출을 위한 업무협약을 체결했다고  일 밝혔다 두 회사는 전날 협약식을 열고  신규 해외 수력발전사업 공동개발   수력발전 분야 기자재  설계 국산화 및 수출을 위한 판로개척  등에 협력하기로 했다 두산중공업 창원 본사에서 열린 양해각서 체결식에서 노웅환 한국중부발전 사업본부장 왼쪽 과 나기용 두산중공업 부사장이 기념촬영을 하고 있다   두산중공업 제공 한국중부발전은  년부터 인도네시아 수마트라섬에 위치한  메가와트 MW 급 왐푸 수력발전소를   년부터는  MW급 땅가무스 수력발전소를 운영하고 있다  이밖에도 인도네시아에서 다수의 수력발전 사업을 개발하고 있다 두산중공업은  년대부터 수력발전사업을 시작해  MW 규모의 국내 수력발전소에 주계약자로 참여했으며  미국  인도  필리핀 등 해외 수력발전소에도 주요 기자재를 공급해왔다  지난달에는  억원 규모의 네팔 어퍼트리슐리  수력발전소를 수주한데 이어  파키스탄 수력발전 사업 참여도 추진하는 등 사업을 확대하고 있다 나기용 두산중공업 부사장은  이번 협약으로 국내외 수력발전 시장에서 사업 참여 기회가 확대될 전망인 만큼 주요 기자재 제작과 설계 등에서 국산화를 제고하고  국내 수력발전 생태계 활성화를 위해 노력하겠다 며  한국중부발전과 함께  년까지 약  GW 증가가 전망되는 동남아 수력시장을 적극 공략해 나갈 것 이라고 말했다 [권오은 기자 oheun chosunbiz com] 네이버에서 조선비즈를 구독 하세요 삼성 품은 이곳  제 의 이태원으로 급부상 올해  이 기업들  투자 안하면 영영 기회 없다 저작권자   조선비즈  무단 전재 및 재배포 금지,2020-11-12,0.31,0.0
29,29,두산중공업  한국중부발전과 해외수력시장 진출 위한 업무협약 체결,2020.11.12 09:18,지난  일 두산중공업 창원 본사에서 열린 해외수력사업 공동개발 및 국산 기자재 공급을 위한 양해각서 체결식에서 노웅환 한국중부발전 사업본부장  왼쪽 과 나기용 두산중공업 부사장이 협약 체결 후 기념촬영을 하고 있다  [사진제공   두산중공업] 두산중공업은 한국중부발전과 해외 수력시장 진출을 위한 업무협약을 체결했다고  일 밝혔다   일 두산중공업 창원 본사에서 열린 협약식에는 노웅환 중부발전 사업본부장  나기용 두산중공업 부사장 등이 참석했다 이번 협약을 통해 양사는   신규 해외 수력발전사업 공동개발   수력발전 분야 기자재  설계 국산화 및 수출을 위한 판로개척  등에 협력하기로 했다 한국중부발전은  년부터 인도네시아 수마트라섬에 위치한  MW급 왐푸 수력발전소를   년부터는  MW급 땅가무스 수력발전소를 운영하고 있다  이 외에도 인도네시아에서 다수의 수력발전 사업을 개발하고 있다 두산중공업은  년대부터 수력발전사업을 시작해  MW 규모의 국내 수력발전소에 주계약자로 참여했으며  미국  인도  필리핀 등 해외 수력발전소에도 주요 기자재를 공급해왔다  지난달에는  억원 규모의 네팔 어퍼트리슐리  수력발전소를 수주한데 이어  파키스탄 수력발전 사업 참여도 추진하는 등 사업을 확대하고 있다 나기용 두산중공업 부사장은  이번 협약으로  해외 업체들이 주도해 온 국내외 수력발전 시장에서 사업 참여 기회가 확대될 전망인 만큼 주요 기자재 제작과 설계 등에서 국산화를 제고하고  국내 수력발전 생태계 활성화를 위해 노력하겠다  면서  한국중부발전과 함께  년까지 약  GW 증가가 전망되는 동남아 수력시장을 적극 공략해 나갈 것 이라고 말했다 [이상규 기자 boyondal mkinternet com]  네이버 메인에서  매일경제 를 받아보세요  궁금한 제조과정 영상으로 보세요   이렇게 만들죠  매일매일 색다른 뉴스레터  매콤달콤  구독하세요 [  매일경제   mk co kr  무단전재 및 재배포 금지],2020-11-12,0.31,0.0
30,30,두산중공업  한국중부발전과 해외수력시장 진출 위한 업무협약 체결,2020.11.12 09:18,지난  일 두산중공업 창원 본사에서 열린 해외수력사업 공동개발 및 국산 기자재 공급을 위한 양해각서 체결식에서 노웅환 한국중부발전 사업본부장  왼쪽 과 나기용 두산중공업 부사장이 협약 체결 후 기념촬영을 하고 있다  [사진제공   두산중공업] 두산중공업은 한국중부발전과 해외 수력시장 진출을 위한 업무협약을 체결했다고  일 밝혔다   일 두산중공업 창원 본사에서 열린 협약식에는 노웅환 중부발전 사업본부장  나기용 두산중공업 부사장 등이 참석했다 이번 협약을 통해 양사는   신규 해외 수력발전사업 공동개발   수력발전 분야 기자재  설계 국산화 및 수출을 위한 판로개척  등에 협력하기로 했다 한국중부발전은  년부터 인도네시아 수마트라섬에 위치한  MW급 왐푸 수력발전소를   년부터는  MW급 땅가무스 수력발전소를 운영하고 있다  이 외에도 인도네시아에서 다수의 수력발전 사업을 개발하고 있다 두산중공업은  년대부터 수력발전사업을 시작해  MW 규모의 국내 수력발전소에 주계약자로 참여했으며  미국  인도  필리핀 등 해외 수력발전소에도 주요 기자재를 공급해왔다  지난달에는  억원 규모의 네팔 어퍼트리슐리  수력발전소를 수주한데 이어  파키스탄 수력발전 사업 참여도 추진하는 등 사업을 확대하고 있다 나기용 두산중공업 부사장은  이번 협약으로  해외 업체들이 주도해 온 국내외 수력발전 시장에서 사업 참여 기회가 확대될 전망인 만큼 주요 기자재 제작과 설계 등에서 국산화를 제고하고  국내 수력발전 생태계 활성화를 위해 노력하겠다  면서  한국중부발전과 함께  년까지 약  GW 증가가 전망되는 동남아 수력시장을 적극 공략해 나갈 것 이라고 말했다 [이상규 기자 boyondal mkinternet com]  네이버 메인에서  매일경제 를 받아보세요  궁금한 제조과정 영상으로 보세요   이렇게 만들죠  매일매일 색다른 뉴스레터  매콤달콤  구독하세요 [  매일경제   mk co kr  무단전재 및 재배포 금지],2020-11-12,0.31,0.0
31,31,두산중공업  한국중부발전과 해외수력시장 진출 위한 업무협약 체결,2020.11.12 09:18,지난  일 두산중공업 창원 본사에서 열린 해외수력사업 공동개발 및 국산 기자재 공급을 위한 양해각서 체결식에서 노웅환 한국중부발전 사업본부장  왼쪽 과 나기용 두산중공업 부사장이 협약 체결 후 기념촬영을 하고 있다  [사진제공   두산중공업] 두산중공업은 한국중부발전과 해외 수력시장 진출을 위한 업무협약을 체결했다고  일 밝혔다   일 두산중공업 창원 본사에서 열린 협약식에는 노웅환 중부발전 사업본부장  나기용 두산중공업 부사장 등이 참석했다 이번 협약을 통해 양사는   신규 해외 수력발전사업 공동개발   수력발전 분야 기자재  설계 국산화 및 수출을 위한 판로개척  등에 협력하기로 했다 한국중부발전은  년부터 인도네시아 수마트라섬에 위치한  MW급 왐푸 수력발전소를   년부터는  MW급 땅가무스 수력발전소를 운영하고 있다  이 외에도 인도네시아에서 다수의 수력발전 사업을 개발하고 있다 두산중공업은  년대부터 수력발전사업을 시작해  MW 규모의 국내 수력발전소에 주계약자로 참여했으며  미국  인도  필리핀 등 해외 수력발전소에도 주요 기자재를 공급해왔다  지난달에는  억원 규모의 네팔 어퍼트리슐리  수력발전소를 수주한데 이어  파키스탄 수력발전 사업 참여도 추진하는 등 사업을 확대하고 있다 나기용 두산중공업 부사장은  이번 협약으로  해외 업체들이 주도해 온 국내외 수력발전 시장에서 사업 참여 기회가 확대될 전망인 만큼 주요 기자재 제작과 설계 등에서 국산화를 제고하고  국내 수력발전 생태계 활성화를 위해 노력하겠다  면서  한국중부발전과 함께  년까지 약  GW 증가가 전망되는 동남아 수력시장을 적극 공략해 나갈 것 이라고 말했다 [이상규 기자 boyondal mkinternet com]  네이버 메인에서  매일경제 를 받아보세요  궁금한 제조과정 영상으로 보세요   이렇게 만들죠  매일매일 색다른 뉴스레터  매콤달콤  구독하세요 [  매일경제   mk co kr  무단전재 및 재배포 금지],2020-11-12,0.31,0.0
32,32,두산중공업  한국중부발전과 해외수력시장 진출 위한 업무협약 체결,2020.11.12 10:15, 일 두산중공업 창원 본사에서 열린 해외수력사업 공동개발 및 국산 기자재 공급을 위한 양해각서 체결식에서 노웅환 한국중부발전 사업본부장  왼쪽 과 나기용 두산중공업 부사장이 협약 체결 후 기념촬영을 하고 있다 [파이낸셜뉴스] 두산중공업은 한국중부발전과 해외 수력시장 진출을 위한 업무협약을 체결했다고  일 밝혔다 지난  일 두산중공업 창원 본사에서 열린 협약식에는 노웅환 중부발전 사업본부장  나기용 두산중공업 부사장 등이 참석했다 이번 협약을 통해 양사는   신규 해외 수력발전사업 공동개발   수력발전 분야 기자재  설계 국산화 및 수출을 위한 판로개척  등에 협력하기로 했다 한국중부발전은  년부터 인도네시아 수마트라섬에 위치한  MW급 왐푸 수력발전소를   년부터는  MW급 땅가무스 수력발전소를 운영하고 있다  이 외에도 인도네시아에서 다수의 수력발전 사업을 개발하고 있다 두산중공업은  년대부터 수력발전사업을 시작해  MW 규모의 국내 수력발전소에 주계약자로 참여했으며  미국  인도  필리핀 등 해외 수력발전소에도 주요 기자재를 공급해왔다  지난달에는  억원 규모의 네팔 어퍼트리슐리  수력발전소를 수주한데 이어  파키스탄 수력발전 사업 참여도 추진하는 등 사업을 확대하고 있다 나기용 두산중공업 부사장은  이번 협약으로  해외 업체들이 주도해 온 국내외 수력발전 시장에서 사업 참여 기회가 확대될 전망인 만큼 주요 기자재 제작과 설계 등에서 국산화를 제고하고  국내 수력발전 생태계 활성화를 위해 노력하겠다  면서  한국중부발전과 함께  년까지 약  GW 증가가 전망되는 동남아 수력시장을 적극 공략해 나갈 것 이라고 말했다 두산중공업은 지난해  월  수력발전 분야 글로벌 선도 기업인 오스트리아 안드리츠와 사업 및 기술협력 협약을 체결하면서 수력발전 설계 기술의 자립 기반을 구축한 바 있으며  한수원과 공동으로 수력발전용  MW급 수차 발전기 국산화를 추진하고 있다 pja fnnews com 박지애 기자  헉  소리나는 스 토리 뉴스 [헉스]   아는 척 하고 싶은 당신을 위한 [두유노우]  날로먹고 구워먹는 금융이슈 [파인애플]  저작권자   파이낸셜뉴스  무단 전재 재배포 금지,2020-11-12,0.31,0.0
33,33,두산중공업  한국중부발전과 해외수력시장 진출 위한 업무협약 체결,2020.11.12 10:15, 일 두산중공업 창원 본사에서 열린 해외수력사업 공동개발 및 국산 기자재 공급을 위한 양해각서 체결식에서 노웅환 한국중부발전 사업본부장  왼쪽 과 나기용 두산중공업 부사장이 협약 체결 후 기념촬영을 하고 있다 [파이낸셜뉴스] 두산중공업은 한국중부발전과 해외 수력시장 진출을 위한 업무협약을 체결했다고  일 밝혔다 지난  일 두산중공업 창원 본사에서 열린 협약식에는 노웅환 중부발전 사업본부장  나기용 두산중공업 부사장 등이 참석했다 이번 협약을 통해 양사는   신규 해외 수력발전사업 공동개발   수력발전 분야 기자재  설계 국산화 및 수출을 위한 판로개척  등에 협력하기로 했다 한국중부발전은  년부터 인도네시아 수마트라섬에 위치한  MW급 왐푸 수력발전소를   년부터는  MW급 땅가무스 수력발전소를 운영하고 있다  이 외에도 인도네시아에서 다수의 수력발전 사업을 개발하고 있다 두산중공업은  년대부터 수력발전사업을 시작해  MW 규모의 국내 수력발전소에 주계약자로 참여했으며  미국  인도  필리핀 등 해외 수력발전소에도 주요 기자재를 공급해왔다  지난달에는  억원 규모의 네팔 어퍼트리슐리  수력발전소를 수주한데 이어  파키스탄 수력발전 사업 참여도 추진하는 등 사업을 확대하고 있다 나기용 두산중공업 부사장은  이번 협약으로  해외 업체들이 주도해 온 국내외 수력발전 시장에서 사업 참여 기회가 확대될 전망인 만큼 주요 기자재 제작과 설계 등에서 국산화를 제고하고  국내 수력발전 생태계 활성화를 위해 노력하겠다  면서  한국중부발전과 함께  년까지 약  GW 증가가 전망되는 동남아 수력시장을 적극 공략해 나갈 것 이라고 말했다 두산중공업은 지난해  월  수력발전 분야 글로벌 선도 기업인 오스트리아 안드리츠와 사업 및 기술협력 협약을 체결하면서 수력발전 설계 기술의 자립 기반을 구축한 바 있으며  한수원과 공동으로 수력발전용  MW급 수차 발전기 국산화를 추진하고 있다 pja fnnews com 박지애 기자  헉  소리나는 스 토리 뉴스 [헉스]   아는 척 하고 싶은 당신을 위한 [두유노우]  날로먹고 구워먹는 금융이슈 [파인애플]  저작권자   파이낸셜뉴스  무단 전재 재배포 금지,2020-11-12,0.31,0.0
34,34,두산중공업  한국중부발전과 해외수력시장 진출 위한 업무협약 체결,2020.11.12 10:15, 일 두산중공업 창원 본사에서 열린 해외수력사업 공동개발 및 국산 기자재 공급을 위한 양해각서 체결식에서 노웅환 한국중부발전 사업본부장  왼쪽 과 나기용 두산중공업 부사장이 협약 체결 후 기념촬영을 하고 있다 [파이낸셜뉴스] 두산중공업은 한국중부발전과 해외 수력시장 진출을 위한 업무협약을 체결했다고  일 밝혔다 지난  일 두산중공업 창원 본사에서 열린 협약식에는 노웅환 중부발전 사업본부장  나기용 두산중공업 부사장 등이 참석했다 이번 협약을 통해 양사는   신규 해외 수력발전사업 공동개발   수력발전 분야 기자재  설계 국산화 및 수출을 위한 판로개척  등에 협력하기로 했다 한국중부발전은  년부터 인도네시아 수마트라섬에 위치한  MW급 왐푸 수력발전소를   년부터는  MW급 땅가무스 수력발전소를 운영하고 있다  이 외에도 인도네시아에서 다수의 수력발전 사업을 개발하고 있다 두산중공업은  년대부터 수력발전사업을 시작해  MW 규모의 국내 수력발전소에 주계약자로 참여했으며  미국  인도  필리핀 등 해외 수력발전소에도 주요 기자재를 공급해왔다  지난달에는  억원 규모의 네팔 어퍼트리슐리  수력발전소를 수주한데 이어  파키스탄 수력발전 사업 참여도 추진하는 등 사업을 확대하고 있다 나기용 두산중공업 부사장은  이번 협약으로  해외 업체들이 주도해 온 국내외 수력발전 시장에서 사업 참여 기회가 확대될 전망인 만큼 주요 기자재 제작과 설계 등에서 국산화를 제고하고  국내 수력발전 생태계 활성화를 위해 노력하겠다  면서  한국중부발전과 함께  년까지 약  GW 증가가 전망되는 동남아 수력시장을 적극 공략해 나갈 것 이라고 말했다 두산중공업은 지난해  월  수력발전 분야 글로벌 선도 기업인 오스트리아 안드리츠와 사업 및 기술협력 협약을 체결하면서 수력발전 설계 기술의 자립 기반을 구축한 바 있으며  한수원과 공동으로 수력발전용  MW급 수차 발전기 국산화를 추진하고 있다 pja fnnews com 박지애 기자  헉  소리나는 스 토리 뉴스 [헉스]   아는 척 하고 싶은 당신을 위한 [두유노우]  날로먹고 구워먹는 금융이슈 [파인애플]  저작권자   파이낸셜뉴스  무단 전재 재배포 금지,2020-11-12,0.31,0.0
35,35,두산중공업  한국중부발전과 해외수력시장 진출 위한 업무협약,2020.11.12 11:17,해외 수력사업 공동 개발 수력발전 기자재 설계 국산화 및 공급 년까지  GW 증가 전망되는 동남아시아 수력시장 공략 지난  일 두산중공업 창원 본사에서 열린 해외수력사업 공동개발 및 국산 기자재 공급을 위한 양해각서 체결식에서 노웅환 한국중부발전 사업본부장  왼쪽 과 나기용 두산중공업 부사장이 협약 체결 후 기념촬영을 하고 있다 [두산중공업 제공] [헤럴드경제 정세희 기자]두산중공업은 한국중부발전과 해외 수력시장 진출을 위한 업무협약을 체결했다고  일 밝혔다 두산중공업에 따르면 지난  일 두산중공업 창원 본사에서 열린 협약식에는 노웅환 중부발전 사업본부장  나기용 두산중공업 부사장 등이 참석했다 이번 협약을 통해 양사는  신규 해외 수력발전사업 공동개발   수력발전 분야 기자재  설계 국산화 및 수출을 위한 판로개척  등에 협력하기로 했다 한국중부발전은  년부터 인도네시아 수마트라섬에 위치한  MW급 왐푸 수력발전소를   년부터는  MW급 땅가무스 수력발전소를 운영하고 있다  이 외에도 인도네시아에서 다수의 수력발전 사업을 개발하고 있다 두산중공업은  년대부터 수력발전사업을 시작해  MW 규모의 국내 수력발전소에 주계약자로 참여했으며  미국  인도  필리핀 등 해외 수력발전소에도 주요 기자재를 공급해왔다  지난달에는  억원 규모의 네팔 어퍼트리슐리  수력발전소를 수주한데 이어  파키스탄 수력발전 사업 참여도 추진하는 등 사업을 확대하고 있다 나기용 두산중공업 부사장은  이번 협약으로  해외 업체들이 주도해 온 국내외 수력발전 시장에서 사업 참여 기회가 확대될 전망인 만큼 주요 기자재 제작과 설계 등에서 국산화를 제고하고  국내 수력발전 생태계 활성화를 위해 노력하겠다 며  한국중부발전과 함께  년까지 약  GW 증가가 전망되는 동남아 수력시장을 적극 공략해 나갈 것 이라고 말했다 두산중공업은 지난해  월 수력발전 분야 글로벌 선도 기업인 오스트리아 안드리츠와 사업 및 기술협력 협약을 체결하면서 수력발전 설계 기술의 자립 기반을 구축한 바 있으며  한수원과 공동으로 수력발전용  MW급 수차 발전기 국산화를 추진하고 있다 say heraldcorp com 환경적 대화기구  헤럴드에코 밀리터리 전문 콘텐츠  헤밀 헤럴드경제 네이버 채널 구독  Copyrights   헤럴드경제   heraldbiz com  무단 전재 및 재배포 금지  ,2020-11-12,0.31,0.0
36,36,두산중공업  한국중부발전과 해외수력시장 진출 위한 업무협약,2020.11.12 11:17,해외 수력사업 공동 개발 수력발전 기자재 설계 국산화 및 공급 년까지  GW 증가 전망되는 동남아시아 수력시장 공략 지난  일 두산중공업 창원 본사에서 열린 해외수력사업 공동개발 및 국산 기자재 공급을 위한 양해각서 체결식에서 노웅환 한국중부발전 사업본부장  왼쪽 과 나기용 두산중공업 부사장이 협약 체결 후 기념촬영을 하고 있다 [두산중공업 제공] [헤럴드경제 정세희 기자]두산중공업은 한국중부발전과 해외 수력시장 진출을 위한 업무협약을 체결했다고  일 밝혔다 두산중공업에 따르면 지난  일 두산중공업 창원 본사에서 열린 협약식에는 노웅환 중부발전 사업본부장  나기용 두산중공업 부사장 등이 참석했다 이번 협약을 통해 양사는  신규 해외 수력발전사업 공동개발   수력발전 분야 기자재  설계 국산화 및 수출을 위한 판로개척  등에 협력하기로 했다 한국중부발전은  년부터 인도네시아 수마트라섬에 위치한  MW급 왐푸 수력발전소를   년부터는  MW급 땅가무스 수력발전소를 운영하고 있다  이 외에도 인도네시아에서 다수의 수력발전 사업을 개발하고 있다 두산중공업은  년대부터 수력발전사업을 시작해  MW 규모의 국내 수력발전소에 주계약자로 참여했으며  미국  인도  필리핀 등 해외 수력발전소에도 주요 기자재를 공급해왔다  지난달에는  억원 규모의 네팔 어퍼트리슐리  수력발전소를 수주한데 이어  파키스탄 수력발전 사업 참여도 추진하는 등 사업을 확대하고 있다 나기용 두산중공업 부사장은  이번 협약으로  해외 업체들이 주도해 온 국내외 수력발전 시장에서 사업 참여 기회가 확대될 전망인 만큼 주요 기자재 제작과 설계 등에서 국산화를 제고하고  국내 수력발전 생태계 활성화를 위해 노력하겠다 며  한국중부발전과 함께  년까지 약  GW 증가가 전망되는 동남아 수력시장을 적극 공략해 나갈 것 이라고 말했다 두산중공업은 지난해  월 수력발전 분야 글로벌 선도 기업인 오스트리아 안드리츠와 사업 및 기술협력 협약을 체결하면서 수력발전 설계 기술의 자립 기반을 구축한 바 있으며  한수원과 공동으로 수력발전용  MW급 수차 발전기 국산화를 추진하고 있다 say heraldcorp com 환경적 대화기구  헤럴드에코 밀리터리 전문 콘텐츠  헤밀 헤럴드경제 네이버 채널 구독  Copyrights   헤럴드경제   heraldbiz com  무단 전재 및 재배포 금지  ,2020-11-12,0.31,0.0
37,37,두산중공업  한국중부발전과 해외수력시장 진출 위한 업무협약,2020.11.12 11:17,해외 수력사업 공동 개발 수력발전 기자재 설계 국산화 및 공급 년까지  GW 증가 전망되는 동남아시아 수력시장 공략 지난  일 두산중공업 창원 본사에서 열린 해외수력사업 공동개발 및 국산 기자재 공급을 위한 양해각서 체결식에서 노웅환 한국중부발전 사업본부장  왼쪽 과 나기용 두산중공업 부사장이 협약 체결 후 기념촬영을 하고 있다 [두산중공업 제공] [헤럴드경제 정세희 기자]두산중공업은 한국중부발전과 해외 수력시장 진출을 위한 업무협약을 체결했다고  일 밝혔다 두산중공업에 따르면 지난  일 두산중공업 창원 본사에서 열린 협약식에는 노웅환 중부발전 사업본부장  나기용 두산중공업 부사장 등이 참석했다 이번 협약을 통해 양사는  신규 해외 수력발전사업 공동개발   수력발전 분야 기자재  설계 국산화 및 수출을 위한 판로개척  등에 협력하기로 했다 한국중부발전은  년부터 인도네시아 수마트라섬에 위치한  MW급 왐푸 수력발전소를   년부터는  MW급 땅가무스 수력발전소를 운영하고 있다  이 외에도 인도네시아에서 다수의 수력발전 사업을 개발하고 있다 두산중공업은  년대부터 수력발전사업을 시작해  MW 규모의 국내 수력발전소에 주계약자로 참여했으며  미국  인도  필리핀 등 해외 수력발전소에도 주요 기자재를 공급해왔다  지난달에는  억원 규모의 네팔 어퍼트리슐리  수력발전소를 수주한데 이어  파키스탄 수력발전 사업 참여도 추진하는 등 사업을 확대하고 있다 나기용 두산중공업 부사장은  이번 협약으로  해외 업체들이 주도해 온 국내외 수력발전 시장에서 사업 참여 기회가 확대될 전망인 만큼 주요 기자재 제작과 설계 등에서 국산화를 제고하고  국내 수력발전 생태계 활성화를 위해 노력하겠다 며  한국중부발전과 함께  년까지 약  GW 증가가 전망되는 동남아 수력시장을 적극 공략해 나갈 것 이라고 말했다 두산중공업은 지난해  월 수력발전 분야 글로벌 선도 기업인 오스트리아 안드리츠와 사업 및 기술협력 협약을 체결하면서 수력발전 설계 기술의 자립 기반을 구축한 바 있으며  한수원과 공동으로 수력발전용  MW급 수차 발전기 국산화를 추진하고 있다 say heraldcorp com 환경적 대화기구  헤럴드에코 밀리터리 전문 콘텐츠  헤밀 헤럴드경제 네이버 채널 구독  Copyrights   헤럴드경제   heraldbiz com  무단 전재 및 재배포 금지  ,2020-11-12,0.31,0.0
38,38,두산  두산중공업 주식  억원에 추가취득,2020.11.13 17:11,[이데일리 노재웅 기자] 두산 은 계열사 두산중공업의 주식  만 주를 약  억원에 추가 취득한다고  일 공시했다 주식 취득 뒤 두산의 두산중공업 지분율은  가 된다  주식 취득 예정일은 내달  일이다 두산은 이번 주식 취득의 목적을  계열회사 기업가치 제고 및 지배력 유지 등 이라고 밝혔다 노재웅  ripbird edaily co kr   시간 빠른  미리보는 뉴스  eNews  네이버에서  이데일리 뉴스 를 만나보세요  빡침해소  청춘뉘우스  스냅타임 종합 경제정보 미디어 이데일리   무단전재   재배포 금지 ,2020-11-16,-4.26,-1.0
39,39,두산  두산중공업 주식  억원에 추가취득,2020.11.13 17:11,[이데일리 노재웅 기자] 두산 은 계열사 두산중공업의 주식  만 주를 약  억원에 추가 취득한다고  일 공시했다 주식 취득 뒤 두산의 두산중공업 지분율은  가 된다  주식 취득 예정일은 내달  일이다 두산은 이번 주식 취득의 목적을  계열회사 기업가치 제고 및 지배력 유지 등 이라고 밝혔다 노재웅  ripbird edaily co kr   시간 빠른  미리보는 뉴스  eNews  네이버에서  이데일리 뉴스 를 만나보세요  빡침해소  청춘뉘우스  스냅타임 종합 경제정보 미디어 이데일리   무단전재   재배포 금지 ,2020-11-16,-4.26,-1.0
40,40,두산  두산중공업 주식  억원에 추가취득,2020.11.13 17:11,[이데일리 노재웅 기자] 두산 은 계열사 두산중공업의 주식  만 주를 약  억원에 추가 취득한다고  일 공시했다 주식 취득 뒤 두산의 두산중공업 지분율은  가 된다  주식 취득 예정일은 내달  일이다 두산은 이번 주식 취득의 목적을  계열회사 기업가치 제고 및 지배력 유지 등 이라고 밝혔다 노재웅  ripbird edaily co kr   시간 빠른  미리보는 뉴스  eNews  네이버에서  이데일리 뉴스 를 만나보세요  빡침해소  청춘뉘우스  스냅타임 종합 경제정보 미디어 이데일리   무단전재   재배포 금지 ,2020-11-16,-4.26,-1.0
41,41,두산  두산중공업 주식  억원에 추가취득 ,2020.11.13 17:15,[아시아경제 유현석 기자] 두산 두산중공업의 주식  만 주를 약  억원에 추가 취득한다고  일 공시했다 주식 취득 뒤 두산의 두산중공업 지분율은  다  주식 취득 예정일은 다음달  일이다 두산은 취득 목적에 대해  계열회사 기업가치 제고 및 지배력 유지 등 이라고 밝혔다 유현석 기자 guspower asiae co kr   년 신축년  신년운세와 토정비결은  발 빠른 최신 뉴스  네이버 메인에서 바로 보기  요즘 트렌드 모아보고 싶을 땐  드링킷 경제를 보는 눈  세계를 보는 창 아시아경제 무단전재 배포금지 ,2020-11-16,-4.26,-1.0
42,42,두산  두산중공업 주식  억원에 추가취득 ,2020.11.13 17:15,[아시아경제 유현석 기자] 두산 두산중공업의 주식  만 주를 약  억원에 추가 취득한다고  일 공시했다 주식 취득 뒤 두산의 두산중공업 지분율은  다  주식 취득 예정일은 다음달  일이다 두산은 취득 목적에 대해  계열회사 기업가치 제고 및 지배력 유지 등 이라고 밝혔다 유현석 기자 guspower asiae co kr   년 신축년  신년운세와 토정비결은  발 빠른 최신 뉴스  네이버 메인에서 바로 보기  요즘 트렌드 모아보고 싶을 땐  드링킷 경제를 보는 눈  세계를 보는 창 아시아경제 무단전재 배포금지 ,2020-11-16,-4.26,-1.0
43,43,두산중공업   분기 영업익  억 전년    증가,2020.11.13 17:51,[이데일리 노재웅 기자] 두산중공업 은 올  분기 연결기준 영업이익이 전년 동기대비   증가한  억원으로 집계됐다고  일 공시했다  매출은  조 억원  당기순손실은  억원이다 노재웅  ripbird edaily co kr   시간 빠른  미리보는 뉴스  eNews  네이버에서  이데일리 뉴스 를 만나보세요  빡침해소  청춘뉘우스  스냅타임 종합 경제정보 미디어 이데일리   무단전재   재배포 금지 ,2020-11-16,-4.26,-1.0
44,44,두산중공업   분기 영업익  억 전년    증가,2020.11.13 17:51,[이데일리 노재웅 기자] 두산중공업 은 올  분기 연결기준 영업이익이 전년 동기대비   증가한  억원으로 집계됐다고  일 공시했다  매출은  조 억원  당기순손실은  억원이다 노재웅  ripbird edaily co kr   시간 빠른  미리보는 뉴스  eNews  네이버에서  이데일리 뉴스 를 만나보세요  빡침해소  청춘뉘우스  스냅타임 종합 경제정보 미디어 이데일리   무단전재   재배포 금지 ,2020-11-16,-4.26,-1.0
45,45,두산중공업  SK건설과 부유식 해상풍력 기술 협력,2020.11.19 08:40,두산중공업 이 SK건설과 부유식 해상풍력 기술협력에 관한 상호협약을 체결했다고  일 밝혔다  전날 SK건설 본사에서 진행된 체결식에는 SK건설 안재현 사장과 두산중공업 박인원 Plant EPC BG장 등 관계자들이 참석했다 이번 협약으로 SK건설은 부유식 해상풍력 사업계획과 인 허가를 포함한 풍력발전 단지 개발을 진행하고  두산중공업은 부유식 해상풍력의 핵심설비 제작을 위한 기술 개발을 맡게 된다  두산중공업은 앞서 지난  월부터 한국남동발전  제주에너지공사 등과 컨소시엄을 구성해  부유식 해상풍력 시스템 개발 을 위한 국책과제에 참여하고 있다 박인원 두산중공업 플랜트 EPC BG장은  부유식 해상풍력에 대한 관심이 높아지고있는 상황에서 이번 협약을 통해 시장 참여 기회를 모색할 수 있게 됐다 며  년부터 단계적으로 확대가 예상되는 울산 동남권 해역을 비롯한 부유식 해상풍력 발전 사업의 성공적인 추진을 위해 노력하겠다 라고 했다 일 부유식 해상풍력 기술협력에 관한 상호협약식에서 SK건설 안재현 사장 왼쪽 과 두산중공업 박인원 플랜트 EPC BG장이 협약 체결 후 기념촬영을 하고 있다   두산중공업 제공 [권오은 기자 oheun chosunbiz com] 네이버에서 조선비즈를 구독 하세요 삼성 품은 이곳  제 의 이태원으로 급부상 올해  이 기업들  투자 안하면 영영 기회 없다 저작권자   조선비즈  무단 전재 및 재배포 금지,2020-11-19,-1.68,0.0
46,46,두산중공업  SK건설과 부유식 해상풍력 기술 협력,2020.11.19 08:40,두산중공업 이 SK건설과 부유식 해상풍력 기술협력에 관한 상호협약을 체결했다고  일 밝혔다  전날 SK건설 본사에서 진행된 체결식에는 SK건설 안재현 사장과 두산중공업 박인원 Plant EPC BG장 등 관계자들이 참석했다 이번 협약으로 SK건설은 부유식 해상풍력 사업계획과 인 허가를 포함한 풍력발전 단지 개발을 진행하고  두산중공업은 부유식 해상풍력의 핵심설비 제작을 위한 기술 개발을 맡게 된다  두산중공업은 앞서 지난  월부터 한국남동발전  제주에너지공사 등과 컨소시엄을 구성해  부유식 해상풍력 시스템 개발 을 위한 국책과제에 참여하고 있다 박인원 두산중공업 플랜트 EPC BG장은  부유식 해상풍력에 대한 관심이 높아지고있는 상황에서 이번 협약을 통해 시장 참여 기회를 모색할 수 있게 됐다 며  년부터 단계적으로 확대가 예상되는 울산 동남권 해역을 비롯한 부유식 해상풍력 발전 사업의 성공적인 추진을 위해 노력하겠다 라고 했다 일 부유식 해상풍력 기술협력에 관한 상호협약식에서 SK건설 안재현 사장 왼쪽 과 두산중공업 박인원 플랜트 EPC BG장이 협약 체결 후 기념촬영을 하고 있다   두산중공업 제공 [권오은 기자 oheun chosunbiz com] 네이버에서 조선비즈를 구독 하세요 삼성 품은 이곳  제 의 이태원으로 급부상 올해  이 기업들  투자 안하면 영영 기회 없다 저작권자   조선비즈  무단 전재 및 재배포 금지,2020-11-19,-1.68,0.0
47,47,두산중공업  SK건설과 부유식 해상풍력 기술 협력,2020.11.19 09:01,부유식 해상풍력 기술 협력에 관한 상호 협약 체결[이데일리 김영수 기자] 두산중공업이 SK건설과 부유식 해상풍력 기술협력에 관한 상호협약을 체결했다고  일 밝혔다 이번 협약으로 양사는 SK건설이 추진하는 부유식 해상풍력 사업에 대한 협력 체계를 구축하게 됐다  SK건설은 사업계획과 인 허가를 포함한 풍력발전 단지 개발을 수행하고 두산중공업 은 부유식 해상풍력의 핵심설비 제작을 위한 기술 개발을 맡게 된다 박인원 두산중공업 Plant EPC BG장은  부유식 해상풍력에 대한 관심이 높아지고있는 상황에서 이번 협약을 통해 시장 참여 기회를 모색할 수 있게 됐다 며  년부터 단계적으로 확대가 예상되는 울산 동남권 해역을 비롯한 부유식 해상풍력 발전 사업의 성공적인 추진을 위해 노력하겠다 고 밝혔다 두산중공업은 지난  월부터 한국에너지기술평가원을 전담기관으로 한국남동발전  제주에너지공사 등과 컨소시엄을 구성해  부유식 해상풍력 시스템 개발 을 위한 국책과제에 참여하고 있다  세계풍력에너지협의회 보고서 에 따르면 글로벌 부유식 해상풍력발전은 올해  MW 규모에서  년 최대  GW까지 증가할 것으로 전망된다  두산중공업은 부유식 해상풍력 사업 확대를 위해 연구개발과 생산시설 등에 투자할 예정이다 일 SK건설 본사에서 열린 부유식 해상풍력 기술협력에 관한 상호협약식에서 안재현 SK건설 사장 왼쪽 과 박인원 두산중공업 Plant EPC BG장이 협약 체결 후 기념촬영을 하고 있다   사진 두산중공업 김영수  kys edaily co kr   시간 빠른  미리보는 뉴스  eNews  네이버에서  이데일리 뉴스 를 만나보세요  빡침해소  청춘뉘우스  스냅타임 종합 경제정보 미디어 이데일리   무단전재   재배포 금지 ,2020-11-19,-1.68,0.0
48,48,두산중공업  SK건설과 부유식 해상풍력 기술 협력,2020.11.19 09:01,부유식 해상풍력 기술 협력에 관한 상호 협약 체결[이데일리 김영수 기자] 두산중공업이 SK건설과 부유식 해상풍력 기술협력에 관한 상호협약을 체결했다고  일 밝혔다 이번 협약으로 양사는 SK건설이 추진하는 부유식 해상풍력 사업에 대한 협력 체계를 구축하게 됐다  SK건설은 사업계획과 인 허가를 포함한 풍력발전 단지 개발을 수행하고 두산중공업 은 부유식 해상풍력의 핵심설비 제작을 위한 기술 개발을 맡게 된다 박인원 두산중공업 Plant EPC BG장은  부유식 해상풍력에 대한 관심이 높아지고있는 상황에서 이번 협약을 통해 시장 참여 기회를 모색할 수 있게 됐다 며  년부터 단계적으로 확대가 예상되는 울산 동남권 해역을 비롯한 부유식 해상풍력 발전 사업의 성공적인 추진을 위해 노력하겠다 고 밝혔다 두산중공업은 지난  월부터 한국에너지기술평가원을 전담기관으로 한국남동발전  제주에너지공사 등과 컨소시엄을 구성해  부유식 해상풍력 시스템 개발 을 위한 국책과제에 참여하고 있다  세계풍력에너지협의회 보고서 에 따르면 글로벌 부유식 해상풍력발전은 올해  MW 규모에서  년 최대  GW까지 증가할 것으로 전망된다  두산중공업은 부유식 해상풍력 사업 확대를 위해 연구개발과 생산시설 등에 투자할 예정이다 일 SK건설 본사에서 열린 부유식 해상풍력 기술협력에 관한 상호협약식에서 안재현 SK건설 사장 왼쪽 과 박인원 두산중공업 Plant EPC BG장이 협약 체결 후 기념촬영을 하고 있다   사진 두산중공업 김영수  kys edaily co kr   시간 빠른  미리보는 뉴스  eNews  네이버에서  이데일리 뉴스 를 만나보세요  빡침해소  청춘뉘우스  스냅타임 종합 경제정보 미디어 이데일리   무단전재   재배포 금지 ,2020-11-19,-1.68,0.0
49,49,두산중공업 SK건설  부유식 해상풍력 기술 개발 협력,2020.11.19 09:07,안재현 왼쪽  SK건설 사장과 박인원 두산중공업 플랜트 EPC BG장이 지난  일 SK건설 본사에서 열린 부유식 해상풍력 기술협력에 관한 협약 체결 후 기념촬영을 하고 있다 사진제공 두산중공업 [서울경제] 두산중공업 이 SK건설과 부유식 해상풍력 기술협력에 관한 업무협약을 체결했다고  일 밝혔다 협약에 따라 SK건설은 사업계획과 인허가를 포함한 풍력발전 단지 개발을 수행하고 두산중공업은 부유식 해상풍력의 핵심 설비 제작을 위한 기술 개발을 맡게 된다    세계풍력에너지협의회 보고서 에 따르면 글로벌 부유식 해상풍력발전 규모는 올해  에서 오는  년 최대  GW까지 증가할 것으로 전망된다 박인원 두산중공업 플랜트 EPC BG장은  부유식 해상풍력에 대한 관심이 높아진 상황에서 시장 참여 기회를 모색할 수 있게 됐다 면서  울산 동남권 해역 등에서 성공적 추진을 위해 노력하겠다 고 밝혔다 서종갑기자 gap sedaily com   분 만 투자하세요 [김영필의 월스트리트]  커피처럼 즐기는 기업 이야기 [비즈카페]  네이버 채널에서  서울경제  구독해주세요 저작권자   서울경제  무단 전재 및 재배포 금지,2020-11-19,-1.68,0.0
50,50,두산중공업 SK건설  부유식 해상풍력 기술 개발 협력,2020.11.19 09:07,안재현 왼쪽  SK건설 사장과 박인원 두산중공업 플랜트 EPC BG장이 지난  일 SK건설 본사에서 열린 부유식 해상풍력 기술협력에 관한 협약 체결 후 기념촬영을 하고 있다 사진제공 두산중공업 [서울경제] 두산중공업 이 SK건설과 부유식 해상풍력 기술협력에 관한 업무협약을 체결했다고  일 밝혔다 협약에 따라 SK건설은 사업계획과 인허가를 포함한 풍력발전 단지 개발을 수행하고 두산중공업은 부유식 해상풍력의 핵심 설비 제작을 위한 기술 개발을 맡게 된다    세계풍력에너지협의회 보고서 에 따르면 글로벌 부유식 해상풍력발전 규모는 올해  에서 오는  년 최대  GW까지 증가할 것으로 전망된다 박인원 두산중공업 플랜트 EPC BG장은  부유식 해상풍력에 대한 관심이 높아진 상황에서 시장 참여 기회를 모색할 수 있게 됐다 면서  울산 동남권 해역 등에서 성공적 추진을 위해 노력하겠다 고 밝혔다 서종갑기자 gap sedaily com   분 만 투자하세요 [김영필의 월스트리트]  커피처럼 즐기는 기업 이야기 [비즈카페]  네이버 채널에서  서울경제  구독해주세요 저작권자   서울경제  무단 전재 및 재배포 금지,2020-11-19,-1.68,0.0
51,51,두산중공업  SK건설과 부유식 해상풍력 기술 협력,2020.11.19 09:14, 일  SK건설 본사에서 열린 부유식 해상풍력 기술협력에 관한 상호협약식에서 SK건설 안재현 사장 사진 왼쪽 과 두산중공업 박인원 Plant EPC BG장이 협약 체결 후 기념촬영을 하고 있다  [사진제공   두산중공업] 두산중공업이 SK건설과 부유식 해상풍력 기술협력에 관한 상호협약을 체결했다고  일 밝혔다   일  SK건설 본사에서 진행된 체결식에는 SK건설 안재현 사장과 두산중공업 박인원 Plant EPC BG장 등 관계자들이 참석했다 이번 협약으로 양사는 SK건설이 추진하는 부유식 해상풍력 사업에 대한 협력 체계를 구축하게 됐다  SK건설은 사업계획과 인 허가를 포함한 풍력발전 단지 개발을 수행하고  두산중공업은 부유식 해상풍력의 핵심설비 제작을 위한 기술 개발을 맡게 된다 두산중공업 박인원 Plant EPC BG장은  부유식 해상풍력에 대한 관심이 높아지고있는 상황에서 이번 협약을 통해 시장 참여 기회를 모색할 수 있게 됐다  며  년부터 단계적으로 확대가 예상되는 울산 동남권 해역을 비롯한 부유식 해상풍력 발전 사업의 성공적인 추진을 위해 노력하겠다 라고 밝혔다 두산중공업은 지난  월부터 한국에너지기술평가원을 전담기관으로  한국남동발전  제주에너지공사 등과 컨소시엄을 구성해  부유식 해상풍력 시스템 개발 을 위한 국책과제에 참여하고 있다 [이상규 기자 boyondal mkinternet com]  네이버 메인에서  매일경제 를 받아보세요  궁금한 제조과정 영상으로 보세요   이렇게 만들죠  매일매일 색다른 뉴스레터  매콤달콤  구독하세요 [  매일경제   mk co kr  무단전재 및 재배포 금지],2020-11-19,-1.68,0.0
52,52,두산중공업  SK건설과 부유식 해상풍력 기술 협력,2020.11.19 09:14, 일  SK건설 본사에서 열린 부유식 해상풍력 기술협력에 관한 상호협약식에서 SK건설 안재현 사장 사진 왼쪽 과 두산중공업 박인원 Plant EPC BG장이 협약 체결 후 기념촬영을 하고 있다  [사진제공   두산중공업] 두산중공업이 SK건설과 부유식 해상풍력 기술협력에 관한 상호협약을 체결했다고  일 밝혔다   일  SK건설 본사에서 진행된 체결식에는 SK건설 안재현 사장과 두산중공업 박인원 Plant EPC BG장 등 관계자들이 참석했다 이번 협약으로 양사는 SK건설이 추진하는 부유식 해상풍력 사업에 대한 협력 체계를 구축하게 됐다  SK건설은 사업계획과 인 허가를 포함한 풍력발전 단지 개발을 수행하고  두산중공업은 부유식 해상풍력의 핵심설비 제작을 위한 기술 개발을 맡게 된다 두산중공업 박인원 Plant EPC BG장은  부유식 해상풍력에 대한 관심이 높아지고있는 상황에서 이번 협약을 통해 시장 참여 기회를 모색할 수 있게 됐다  며  년부터 단계적으로 확대가 예상되는 울산 동남권 해역을 비롯한 부유식 해상풍력 발전 사업의 성공적인 추진을 위해 노력하겠다 라고 밝혔다 두산중공업은 지난  월부터 한국에너지기술평가원을 전담기관으로  한국남동발전  제주에너지공사 등과 컨소시엄을 구성해  부유식 해상풍력 시스템 개발 을 위한 국책과제에 참여하고 있다 [이상규 기자 boyondal mkinternet com]  네이버 메인에서  매일경제 를 받아보세요  궁금한 제조과정 영상으로 보세요   이렇게 만들죠  매일매일 색다른 뉴스레터  매콤달콤  구독하세요 [  매일경제   mk co kr  무단전재 및 재배포 금지],2020-11-19,-1.68,0.0
53,53,두산중공업  SK건설과 부유식 해상풍력 기술 협력,2020.11.19 09:41, 일  SK건설 본사에서 열린 부유식 해상풍력 기술협력에 관한 상호협약식에서 SK건설 안재현 사장 왼쪽 과 두산중공업 박인원 Plant EPC BG장이 협약 체결 후 기념촬영을 하고 있다 [파이낸셜뉴스] 두산중공업이 SK건설과 부유식 해상풍력 기술협력에 관한 상호협약을 체결했다고  일 밝혔다 지난  일 SK건설 본사에서 진행된 체결식에는 SK건설 안재현 사장과 두산중공업 박인원 플랜트 Plant  EPC BG장 등 관계자들이 참석했다 이번 협약으로 양사는 SK건설이 추진하는 부유식 해상풍력 사업에 대한 협력 체계를 구축하게 됐다  SK건설은 사업계획과 인 허가를 포함한 풍력발전 단지 개발을 수행하고  두산중공업은 부유식 해상풍력의 핵심설비 제작을 위한 기술 개발을 맡게 된다 두산중공업 박인원 Plant EPC BG장은  부유식 해상풍력에 대한 관심이 높아지고있는 상황에서 이번 협약을 통해 시장 참여 기회를 모색할 수 있게 됐다  며  년부터 단계적으로 확대가 예상되는 울산 동남권 해역을 비롯한 부유식 해상풍력 발전 사업의 성공적인 추진을 위해 노력하겠다 고 말했다 두산중공업은 지난  월부터 한국에너지기술평가원을 전담기관으로  한국남동발전  제주에너지공사 등과 컨소시엄을 구성해  부유식 해상풍력 시스템 개발 을 위한 국책과제에 참여하고 있다  세계풍력에너지협의회 보고서 에 따르면 글로벌 부유식 해상풍력발전은 올해  MW 규모에서  년 최대  GW까지 증가할 것으로 전망된다  두산중공업은 부유식 해상풍력 사업 확대를 위해 연구개발과 생산시설 등에 투자할 예정이다 pja fnnews com 박지애 기자  헉  소리나는 스 토리 뉴스 [헉스]   아는 척 하고 싶은 당신을 위한 [두유노우]  날로먹고 구워먹는 금융이슈 [파인애플]  저작권자   파이낸셜뉴스  무단 전재 재배포 금지,2020-11-19,-1.68,0.0
54,54,두산중공업  SK건설과 부유식 해상풍력 기술 협력,2020.11.19 09:41, 일  SK건설 본사에서 열린 부유식 해상풍력 기술협력에 관한 상호협약식에서 SK건설 안재현 사장 왼쪽 과 두산중공업 박인원 Plant EPC BG장이 협약 체결 후 기념촬영을 하고 있다 [파이낸셜뉴스] 두산중공업이 SK건설과 부유식 해상풍력 기술협력에 관한 상호협약을 체결했다고  일 밝혔다 지난  일 SK건설 본사에서 진행된 체결식에는 SK건설 안재현 사장과 두산중공업 박인원 플랜트 Plant  EPC BG장 등 관계자들이 참석했다 이번 협약으로 양사는 SK건설이 추진하는 부유식 해상풍력 사업에 대한 협력 체계를 구축하게 됐다  SK건설은 사업계획과 인 허가를 포함한 풍력발전 단지 개발을 수행하고  두산중공업은 부유식 해상풍력의 핵심설비 제작을 위한 기술 개발을 맡게 된다 두산중공업 박인원 Plant EPC BG장은  부유식 해상풍력에 대한 관심이 높아지고있는 상황에서 이번 협약을 통해 시장 참여 기회를 모색할 수 있게 됐다  며  년부터 단계적으로 확대가 예상되는 울산 동남권 해역을 비롯한 부유식 해상풍력 발전 사업의 성공적인 추진을 위해 노력하겠다 고 말했다 두산중공업은 지난  월부터 한국에너지기술평가원을 전담기관으로  한국남동발전  제주에너지공사 등과 컨소시엄을 구성해  부유식 해상풍력 시스템 개발 을 위한 국책과제에 참여하고 있다  세계풍력에너지협의회 보고서 에 따르면 글로벌 부유식 해상풍력발전은 올해  MW 규모에서  년 최대  GW까지 증가할 것으로 전망된다  두산중공업은 부유식 해상풍력 사업 확대를 위해 연구개발과 생산시설 등에 투자할 예정이다 pja fnnews com 박지애 기자  헉  소리나는 스 토리 뉴스 [헉스]   아는 척 하고 싶은 당신을 위한 [두유노우]  날로먹고 구워먹는 금융이슈 [파인애플]  저작권자   파이낸셜뉴스  무단 전재 재배포 금지,2020-11-19,-1.68,0.0
55,55,두산중공업  SK건설과 부유식 해상풍력 기술 협력,2020.11.19 13:26,부유식 해상풍력 기술 협력에 관한 상호 협약 체결 지난  일 SK건설 본사에서 열린 부유식 해상풍력 기술협력에 관한 상호협약식에서 SK건설 안재현 사장 왼쪽 과 두산중공업 박인원 Plant EPC BG장이 협약 체결 후 기념촬영을 하고 있다  [두산중공업 제공] [헤럴드경제 천예선 기자] 두산중공업이 SK건설과 부유식 해상풍력 기술협력에 관한 상호협약을 체결했다고  일 밝혔다 이번 협약으로 양사는 SK건설이 추진하는 부유식 해상풍력 사업에 대한 협력 체계를 구축하게 됐다  SK건설은 사업계획과 인 허가를 포함한 풍력발전 단지 개발을 수행하고  두산중공업은 부유식 해상풍력의 핵심설비 제작을 위한 기술 개발을 맡게 된다 두산중공업 박인원 Plant EPC BG장은  부유식 해상풍력에 대한 관심이 높아지고있는 상황에서 이번 협약을 통해 시장 참여 기회를 모색할 수 있게 됐다  며  년부터 단계적으로 확대가 예상되는 울산 동남권 해역을 비롯한 부유식 해상풍력 발전 사업의 성공적인 추진을 위해 노력하겠다 라고 밝혔다 두산중공업은 지난  월부터 한국에너지기술평가원을 전담기관으로  한국남동발전  제주에너지공사 등과 컨소시엄을 구성해  부유식 해상풍력 시스템 개발 을 위한 국책과제에 참여하고 있다  세계풍력에너지협의회 보고서 에 따르면 글로벌 부유식 해상풍력발전은 올해  MW 규모에서  년 최대  GW까지 증가할 것으로 전망된다  두산중공업은 부유식 해상풍력 사업 확대를 위해 연구개발과 생산시설 등에 투자할 예정이다 환경적 대화기구  헤럴드에코 밀리터리 전문 콘텐츠  헤밀 헤럴드경제 네이버 채널 구독  Copyrights   헤럴드경제   heraldbiz com  무단 전재 및 재배포 금지  ,2020-11-19,-1.68,0.0
56,56,두산중공업  SK건설과 부유식 해상풍력 기술 협력,2020.11.19 13:26,부유식 해상풍력 기술 협력에 관한 상호 협약 체결 지난  일 SK건설 본사에서 열린 부유식 해상풍력 기술협력에 관한 상호협약식에서 SK건설 안재현 사장 왼쪽 과 두산중공업 박인원 Plant EPC BG장이 협약 체결 후 기념촬영을 하고 있다  [두산중공업 제공] [헤럴드경제 천예선 기자] 두산중공업이 SK건설과 부유식 해상풍력 기술협력에 관한 상호협약을 체결했다고  일 밝혔다 이번 협약으로 양사는 SK건설이 추진하는 부유식 해상풍력 사업에 대한 협력 체계를 구축하게 됐다  SK건설은 사업계획과 인 허가를 포함한 풍력발전 단지 개발을 수행하고  두산중공업은 부유식 해상풍력의 핵심설비 제작을 위한 기술 개발을 맡게 된다 두산중공업 박인원 Plant EPC BG장은  부유식 해상풍력에 대한 관심이 높아지고있는 상황에서 이번 협약을 통해 시장 참여 기회를 모색할 수 있게 됐다  며  년부터 단계적으로 확대가 예상되는 울산 동남권 해역을 비롯한 부유식 해상풍력 발전 사업의 성공적인 추진을 위해 노력하겠다 라고 밝혔다 두산중공업은 지난  월부터 한국에너지기술평가원을 전담기관으로  한국남동발전  제주에너지공사 등과 컨소시엄을 구성해  부유식 해상풍력 시스템 개발 을 위한 국책과제에 참여하고 있다  세계풍력에너지협의회 보고서 에 따르면 글로벌 부유식 해상풍력발전은 올해  MW 규모에서  년 최대  GW까지 증가할 것으로 전망된다  두산중공업은 부유식 해상풍력 사업 확대를 위해 연구개발과 생산시설 등에 투자할 예정이다 환경적 대화기구  헤럴드에코 밀리터리 전문 콘텐츠  헤밀 헤럴드경제 네이버 채널 구독  Copyrights   헤럴드경제   heraldbiz com  무단 전재 및 재배포 금지  ,2020-11-19,-1.68,0.0
57,57,두산중공업  SK건설과 부유식 해상풍력 기술 협력,2020.11.19 16:58,두산중공업  SK건설과 부유식 해상풍력 기술 협력 일  SK건설 본사에서 열린 부유식 해상풍력 기술협력에 관한 상호협약식에서 SK건설 안재현 사장 왼쪽 과 두산중공업 박인원 Plant EPC BG장이 협약 체결 후 기념촬영을 하고 있다  사진 두산중공업 제공 일  SK건설 본사에서 열린 부유식 해상풍력 기술협력에 관한 상호협약식에서 SK건설 안재현 사장 왼쪽 과 두산중공업 박인원 Plant EPC BG장이 협약 체결 후 기념촬영을 하고 있다  사진 두산중공업 제공 두산중공업이 SK건설과 부유식 해상풍력 기술협력에 관한 상호협약을 체결했다고  일 밝혔다  SK건설 본사에서 진행된 체결식에는 SK건설 안재현 사장과 두산중공업 박인원 Plant EPC BG장 등 관계자들이 참석했다 이번 협약으로 양사는 SK건설이 추진하는 부유식 해상풍력 사업에 대한 협력 체계를 구축하게 됐다  SK건설은 사업계획과 인 허가를 포함한 풍력발전 단지 개발을 수행하고  두산중공업은 부유식 해상풍력의 핵심설비 제작을 위한 기술 개발을 맡게 된다 두산중공업은 지난  월부터 한국에너지기술평가원을 전담기관으로  한국남동발전  제주에너지공사 등과 컨소시엄을 구성해  부유식 해상풍력 시스템 개발 을 위한 국책과제에 참여하고 있다  세계풍력에너지협의회 보고서 에 따르면 글로벌 부유식 해상풍력발전은 올해  MW 규모에서  년 최대  GW까지 증가할 것으로 전망된다  조세일보 홈페이지   정회원 가입  조세일보 네이버 뉴스스탠드 구독 종합 경제 김상우 swkim joseilbo com 저작권자   조세일보 http www joseilbo com  무단전재 및 재배포 금지,2020-11-20,1.02,0.0
58,58,두산중공업  SK건설과 부유식 해상풍력 기술 협력,2020.11.19 16:58,두산중공업  SK건설과 부유식 해상풍력 기술 협력 일  SK건설 본사에서 열린 부유식 해상풍력 기술협력에 관한 상호협약식에서 SK건설 안재현 사장 왼쪽 과 두산중공업 박인원 Plant EPC BG장이 협약 체결 후 기념촬영을 하고 있다  사진 두산중공업 제공 일  SK건설 본사에서 열린 부유식 해상풍력 기술협력에 관한 상호협약식에서 SK건설 안재현 사장 왼쪽 과 두산중공업 박인원 Plant EPC BG장이 협약 체결 후 기념촬영을 하고 있다  사진 두산중공업 제공 두산중공업이 SK건설과 부유식 해상풍력 기술협력에 관한 상호협약을 체결했다고  일 밝혔다  SK건설 본사에서 진행된 체결식에는 SK건설 안재현 사장과 두산중공업 박인원 Plant EPC BG장 등 관계자들이 참석했다 이번 협약으로 양사는 SK건설이 추진하는 부유식 해상풍력 사업에 대한 협력 체계를 구축하게 됐다  SK건설은 사업계획과 인 허가를 포함한 풍력발전 단지 개발을 수행하고  두산중공업은 부유식 해상풍력의 핵심설비 제작을 위한 기술 개발을 맡게 된다 두산중공업은 지난  월부터 한국에너지기술평가원을 전담기관으로  한국남동발전  제주에너지공사 등과 컨소시엄을 구성해  부유식 해상풍력 시스템 개발 을 위한 국책과제에 참여하고 있다  세계풍력에너지협의회 보고서 에 따르면 글로벌 부유식 해상풍력발전은 올해  MW 규모에서  년 최대  GW까지 증가할 것으로 전망된다  조세일보 홈페이지   정회원 가입  조세일보 네이버 뉴스스탠드 구독 종합 경제 김상우 swkim joseilbo com 저작권자   조세일보 http www joseilbo com  무단전재 및 재배포 금지,2020-11-20,1.02,0.0
59,59,두산중공업  SK건설과 부유식 해상풍력 기술 협력,2020.11.19 16:58,두산중공업  SK건설과 부유식 해상풍력 기술 협력 일  SK건설 본사에서 열린 부유식 해상풍력 기술협력에 관한 상호협약식에서 SK건설 안재현 사장 왼쪽 과 두산중공업 박인원 Plant EPC BG장이 협약 체결 후 기념촬영을 하고 있다  사진 두산중공업 제공 일  SK건설 본사에서 열린 부유식 해상풍력 기술협력에 관한 상호협약식에서 SK건설 안재현 사장 왼쪽 과 두산중공업 박인원 Plant EPC BG장이 협약 체결 후 기념촬영을 하고 있다  사진 두산중공업 제공 두산중공업이 SK건설과 부유식 해상풍력 기술협력에 관한 상호협약을 체결했다고  일 밝혔다  SK건설 본사에서 진행된 체결식에는 SK건설 안재현 사장과 두산중공업 박인원 Plant EPC BG장 등 관계자들이 참석했다 이번 협약으로 양사는 SK건설이 추진하는 부유식 해상풍력 사업에 대한 협력 체계를 구축하게 됐다  SK건설은 사업계획과 인 허가를 포함한 풍력발전 단지 개발을 수행하고  두산중공업은 부유식 해상풍력의 핵심설비 제작을 위한 기술 개발을 맡게 된다 두산중공업은 지난  월부터 한국에너지기술평가원을 전담기관으로  한국남동발전  제주에너지공사 등과 컨소시엄을 구성해  부유식 해상풍력 시스템 개발 을 위한 국책과제에 참여하고 있다  세계풍력에너지협의회 보고서 에 따르면 글로벌 부유식 해상풍력발전은 올해  MW 규모에서  년 최대  GW까지 증가할 것으로 전망된다  조세일보 홈페이지   정회원 가입  조세일보 네이버 뉴스스탠드 구독 종합 경제 김상우 swkim joseilbo com 저작권자   조세일보 http www joseilbo com  무단전재 및 재배포 금지,2020-11-20,1.02,0.0
60,60,두산중공업  SK건설과 부유식 해상 풍력 발전 사업  맞손 ,2020.11.23 20:59,[위클리 이슈   기업] 두산중공업이 SK건설과 함께  월  일 부유식 해상풍력 기술 협력에 대한 상호 협약을 체결했다  이번 협약으로 양 사는 SK건설이 추진하는 부유식 해상 풍력 사업에 대한 협력 체계를 구축하게 됐다 SK건설은 사업 계획과 인허가를 포함한 풍력 발전 단지 개발을 수행하고 두산중공업은 부유식 해상 풍력의 핵심 설비 제작을 위한 기술 개발을 맡게 된다 두산중공업은 지난  월부터  부유식 해상 풍력 시스템 개발 을 위한 국책 과제에 참여하고 있다    세계풍력에너지협의회 보고서 는 글로벌 부유식 해상 풍력 발전이 올해  MW 규모에서  년 최대  GW까지 증가할 것이라고 전망했다 안옥희 기자 ahnoh hankyung com I 사진 한국경제신문 [위클리 이슈   기업 기사 인덱스] 삼성바이오로직스 셀트리온  인천 송도에 글로벌  바이오 허브  만든다 삼성SDI  포항에 양극재 공장 착공 전기차 시장 선점 가속 현대차그룹  새만금에 그린 수소 생태계 구축 카카오뱅크  홍콩계 PEF에서  억원 추가 투자 유치 SK케미칼  언택트 마케팅으로 미주 유럽 집중 공략 현대제철  비대면으로 미래 모빌리티 기술력 알린다 두산중공업  SK건설과 부유식 해상 풍력 발전 사업  맞손 애경산업  용인물류센터 준공 물류 배송 강화 [본 기사는 한경비즈니스 제  호      기사입니다 ]  한경비즈니스 네이버 뉴스에서 [구독 클릭]  요즘 핫한 유튜버 기업 다 있다  뉴니콘 유튜브 확인  잡지 정기구독 신청  한경비즈니스  무단전재 및 재배포 금지,2020-11-24,0.0,0.0
61,61,두산중공업  SK건설과 부유식 해상 풍력 발전 사업  맞손 ,2020.11.23 20:59,[위클리 이슈   기업] 두산중공업이 SK건설과 함께  월  일 부유식 해상풍력 기술 협력에 대한 상호 협약을 체결했다  이번 협약으로 양 사는 SK건설이 추진하는 부유식 해상 풍력 사업에 대한 협력 체계를 구축하게 됐다 SK건설은 사업 계획과 인허가를 포함한 풍력 발전 단지 개발을 수행하고 두산중공업은 부유식 해상 풍력의 핵심 설비 제작을 위한 기술 개발을 맡게 된다 두산중공업은 지난  월부터  부유식 해상 풍력 시스템 개발 을 위한 국책 과제에 참여하고 있다    세계풍력에너지협의회 보고서 는 글로벌 부유식 해상 풍력 발전이 올해  MW 규모에서  년 최대  GW까지 증가할 것이라고 전망했다 안옥희 기자 ahnoh hankyung com I 사진 한국경제신문 [위클리 이슈   기업 기사 인덱스] 삼성바이오로직스 셀트리온  인천 송도에 글로벌  바이오 허브  만든다 삼성SDI  포항에 양극재 공장 착공 전기차 시장 선점 가속 현대차그룹  새만금에 그린 수소 생태계 구축 카카오뱅크  홍콩계 PEF에서  억원 추가 투자 유치 SK케미칼  언택트 마케팅으로 미주 유럽 집중 공략 현대제철  비대면으로 미래 모빌리티 기술력 알린다 두산중공업  SK건설과 부유식 해상 풍력 발전 사업  맞손 애경산업  용인물류센터 준공 물류 배송 강화 [본 기사는 한경비즈니스 제  호      기사입니다 ]  한경비즈니스 네이버 뉴스에서 [구독 클릭]  요즘 핫한 유튜버 기업 다 있다  뉴니콘 유튜브 확인  잡지 정기구독 신청  한경비즈니스  무단전재 및 재배포 금지,2020-11-24,0.0,0.0
62,62,두산중공업  SK건설과 부유식 해상 풍력 발전 사업  맞손 ,2020.11.23 20:59,[위클리 이슈   기업] 두산중공업이 SK건설과 함께  월  일 부유식 해상풍력 기술 협력에 대한 상호 협약을 체결했다  이번 협약으로 양 사는 SK건설이 추진하는 부유식 해상 풍력 사업에 대한 협력 체계를 구축하게 됐다 SK건설은 사업 계획과 인허가를 포함한 풍력 발전 단지 개발을 수행하고 두산중공업은 부유식 해상 풍력의 핵심 설비 제작을 위한 기술 개발을 맡게 된다 두산중공업은 지난  월부터  부유식 해상 풍력 시스템 개발 을 위한 국책 과제에 참여하고 있다    세계풍력에너지협의회 보고서 는 글로벌 부유식 해상 풍력 발전이 올해  MW 규모에서  년 최대  GW까지 증가할 것이라고 전망했다 안옥희 기자 ahnoh hankyung com I 사진 한국경제신문 [위클리 이슈   기업 기사 인덱스] 삼성바이오로직스 셀트리온  인천 송도에 글로벌  바이오 허브  만든다 삼성SDI  포항에 양극재 공장 착공 전기차 시장 선점 가속 현대차그룹  새만금에 그린 수소 생태계 구축 카카오뱅크  홍콩계 PEF에서  억원 추가 투자 유치 SK케미칼  언택트 마케팅으로 미주 유럽 집중 공략 현대제철  비대면으로 미래 모빌리티 기술력 알린다 두산중공업  SK건설과 부유식 해상 풍력 발전 사업  맞손 애경산업  용인물류센터 준공 물류 배송 강화 [본 기사는 한경비즈니스 제  호      기사입니다 ]  한경비즈니스 네이버 뉴스에서 [구독 클릭]  요즘 핫한 유튜버 기업 다 있다  뉴니콘 유튜브 확인  잡지 정기구독 신청  한경비즈니스  무단전재 및 재배포 금지,2020-11-24,0.0,0.0
63,63,두산중공업  제주 바람으로 그린수소 만든다,2020.11.25 09:06,[파이낸셜뉴스] 친환경 에너지 사업을 강화하고 있는 두산중공업이 그린수소 실증사업에 참여한다  풍력발전을 활용한 그린수소 전주기 실증사업은 이번이 국내 처음이다 두산중공업은 제주에너지공사가 주관하고 산업통상자원부와 한국에너지기술평가원이 지원하는  그린수소 생산 저장 활용 실증사업  추진을 위한 과제협약을 체결했다고  일 밝혔다 협약에는 제주도청  한국중부발전  한국가스공사 등  개  기관  기업이 참여했다  이번 협약으로 각 참여기관은 풍력발전에서 생산된 전력으로 수소를 생산하고  이를 저장  운송  활용함으로써 탄소배출이 전혀 없는 그린수소 전주기에 대한 기술을 개발하고 실증하게 된다 실증사업은 제주에너지공사가 보유한 동복 북촌 풍력단지에서 추진할 예정이다  이 곳에  풍력으로 생산한  MW의 전력을 사용해 하루 약  kg 수소를 만드는 수소생산 시스템  생산한 수소를 압축 저장하는 시스템  미활용 전력을  MWh 용량의 배터리에 저장하는 시스템 등을 구축한다 두산중공업은 수소의 생산  압축  저장 등 수소플랜트 전체의 통합 설계와 감리를 진행하고  에너지관리시스템 EMS  개발 등을 맡는다  총 사업비는 약  억원  사업기간은  년  월까지다  여기서 생산된 수소는 제주도에 도입 예정인 수소버스의 연료로 사용된다 수소는 제조 방식에 따라 석유화학 공정의 부산물로 나오는  부생수소  천연가스를 개질해 만드는  추출수소  물을 전기분해해 생산하는  수전해수소 로 구분된다  특히 풍력 등 재생에너지로 전기를 만들고 그 전기로 물을 분해해 만든 수소는  수소생산 전 주기에서 이산화탄소 등 환경오염 물질을 배출시키지 않아  그린수소 로 불린다  정부의 수소 로드맵에 따르면  년 필요한 수소공급 목표  만톤의  를 그린수소로 충당할 전망이다 두산중공업 송용진 전략혁신부문장은  정부가 최근 수소 발전 의무화 제도 HPS  도입을 의결하는 등 국내에서 수소에 대한 수요는 빠르게 확대될 것으로 보인다 며  앞으로 수소를 비롯해 풍력  수력 등 친환경 에너지 사업을 지속 육성하고 관련 산업 생태계 활성화에도 앞장 설 계획이다 고 말했다 한편 두산중공업은 최근 한 달 동안 친환경 에너지 사업에서  억원 이상을 계약하며 주목을 받고 있다   월 말  억원 규모의 네팔 수력발전소  이달 초  억원 규모의 국내 첫 수소액화플랜트 계약을 잇따라 체결하며 친환경 에너지 사업에서 성과를 거두고 있다 pja fnnews com 박지애 기자  헉  소리나는 스 토리 뉴스 [헉스]   아는 척 하고 싶은 당신을 위한 [두유노우]  날로먹고 구워먹는 금융이슈 [파인애플]  저작권자   파이낸셜뉴스  무단 전재 재배포 금지,2020-11-25,0.65,0.0
64,64,두산중공업  제주 바람으로 그린수소 만든다,2020.11.25 09:06,[파이낸셜뉴스] 친환경 에너지 사업을 강화하고 있는 두산중공업이 그린수소 실증사업에 참여한다  풍력발전을 활용한 그린수소 전주기 실증사업은 이번이 국내 처음이다 두산중공업은 제주에너지공사가 주관하고 산업통상자원부와 한국에너지기술평가원이 지원하는  그린수소 생산 저장 활용 실증사업  추진을 위한 과제협약을 체결했다고  일 밝혔다 협약에는 제주도청  한국중부발전  한국가스공사 등  개  기관  기업이 참여했다  이번 협약으로 각 참여기관은 풍력발전에서 생산된 전력으로 수소를 생산하고  이를 저장  운송  활용함으로써 탄소배출이 전혀 없는 그린수소 전주기에 대한 기술을 개발하고 실증하게 된다 실증사업은 제주에너지공사가 보유한 동복 북촌 풍력단지에서 추진할 예정이다  이 곳에  풍력으로 생산한  MW의 전력을 사용해 하루 약  kg 수소를 만드는 수소생산 시스템  생산한 수소를 압축 저장하는 시스템  미활용 전력을  MWh 용량의 배터리에 저장하는 시스템 등을 구축한다 두산중공업은 수소의 생산  압축  저장 등 수소플랜트 전체의 통합 설계와 감리를 진행하고  에너지관리시스템 EMS  개발 등을 맡는다  총 사업비는 약  억원  사업기간은  년  월까지다  여기서 생산된 수소는 제주도에 도입 예정인 수소버스의 연료로 사용된다 수소는 제조 방식에 따라 석유화학 공정의 부산물로 나오는  부생수소  천연가스를 개질해 만드는  추출수소  물을 전기분해해 생산하는  수전해수소 로 구분된다  특히 풍력 등 재생에너지로 전기를 만들고 그 전기로 물을 분해해 만든 수소는  수소생산 전 주기에서 이산화탄소 등 환경오염 물질을 배출시키지 않아  그린수소 로 불린다  정부의 수소 로드맵에 따르면  년 필요한 수소공급 목표  만톤의  를 그린수소로 충당할 전망이다 두산중공업 송용진 전략혁신부문장은  정부가 최근 수소 발전 의무화 제도 HPS  도입을 의결하는 등 국내에서 수소에 대한 수요는 빠르게 확대될 것으로 보인다 며  앞으로 수소를 비롯해 풍력  수력 등 친환경 에너지 사업을 지속 육성하고 관련 산업 생태계 활성화에도 앞장 설 계획이다 고 말했다 한편 두산중공업은 최근 한 달 동안 친환경 에너지 사업에서  억원 이상을 계약하며 주목을 받고 있다   월 말  억원 규모의 네팔 수력발전소  이달 초  억원 규모의 국내 첫 수소액화플랜트 계약을 잇따라 체결하며 친환경 에너지 사업에서 성과를 거두고 있다 pja fnnews com 박지애 기자  헉  소리나는 스 토리 뉴스 [헉스]   아는 척 하고 싶은 당신을 위한 [두유노우]  날로먹고 구워먹는 금융이슈 [파인애플]  저작권자   파이낸셜뉴스  무단 전재 재배포 금지,2020-11-25,0.65,0.0
65,65,두산중공업  국내 처음으로  제주 바람  활용한 그린수소 만든다,2020.11.25 09:24,두산중공업 이 국내 처음으로 풍력발전을 활용한 그린수소 전주기 all cycle  실증사업에 참여한다 두산중공업은 제주에너지공사가 주관하고 산업통상자원부와 한국에너지기술평가원이 지원하는  그린수소 생산 저장 활용 실증사업 추진을 위한 과제협약 을 체결했다고  일 밝혔다  협약에는 제주도청  한국중부발전  한국가스공사 등  개기관과 기업이 참여했다 전북 서남해 해상풍력 실증단지   두산중공업 제공 이번 협약에 따라 각 참여기관은 풍력발전에서 생산된 전력으로 수소를 생산하고  이를 저장 운송 활용하는 과정에서 탄소배출이 전혀 없는 그린수소 전주기 기술을 개발하고 실증할 계획이다  재생에너지로 전기를 만들고 그 전기로 물을 분해해 만든 수소는  수소생산 전 주기에서 이산화탄소 등 환경오염 물질을 배출시키지 않아  그린수소 로 불린다  정부의 수소 로드맵에 따르면  년 필요한 수소공급 목표  만톤의  를 그린수소로 충당할 계획이다 실증사업은 제주에너지공사가 보유한 동복 북촌 풍력단지에서 추진할 예정이다  이 곳에  풍력으로 생산한  MW 메가와트 의 전력을 사용해 하루 약  kg 수소를 만드는 수소생산 시스템  생산한 수소를 압축 저장하는 시스템  미활용 전력을  MWh 메가와트시 용량의 배터리에 저장하는 시스템 등을 구축한다 두산중공업은 수소의 생산  압축  저장 등 수소플랜트 전체의 통합 설계와 감리를 진행한다  에너지관리시스템 EMS  개발도 맡는다  총 사업비는 약  억원  사업기간은  년  월까지다  생산된 수소는 제주도에 도입 예정인 수소버스의 연료로 사용된다 송용진 두산중공업 전략혁신부문장은  정부가 최근 수소 발전 의무화 제도 HPS  도입을 의결하는 등 국내에서 수소에 대한 수요는 빠르게 확대될 것으로 보인다 며  앞으로 수소를 비롯해 풍력  수력 등 친환경 에너지 사업을 지속 육성하고 관련 산업 생태계 활성화에도 앞장 설 계획이다 라고 말했다 두산중공업은 최근 한달 동안 친환경 에너지 사업에서  억원 이상의 계약을 따냈다  지난달 말  억원 규모의 네팔 수력발전소  이달 초  억원 규모의 국내 첫 수소액화플랜트 계약 등이다 [권오은 기자 oheun chosunbiz com] 네이버에서 조선비즈를 구독 하세요 코로나 시대 신혼여행지로 뜬 이곳  백만명 맞을 하늘길 연다 올해  이 기업들  투자 안 하면 영영 기회 없다 저작권자   조선비즈  무단 전재 및 재배포 금지,2020-11-25,0.65,0.0
66,66,두산중공업  국내 처음으로  제주 바람  활용한 그린수소 만든다,2020.11.25 09:24,두산중공업 이 국내 처음으로 풍력발전을 활용한 그린수소 전주기 all cycle  실증사업에 참여한다 두산중공업은 제주에너지공사가 주관하고 산업통상자원부와 한국에너지기술평가원이 지원하는  그린수소 생산 저장 활용 실증사업 추진을 위한 과제협약 을 체결했다고  일 밝혔다  협약에는 제주도청  한국중부발전  한국가스공사 등  개기관과 기업이 참여했다 전북 서남해 해상풍력 실증단지   두산중공업 제공 이번 협약에 따라 각 참여기관은 풍력발전에서 생산된 전력으로 수소를 생산하고  이를 저장 운송 활용하는 과정에서 탄소배출이 전혀 없는 그린수소 전주기 기술을 개발하고 실증할 계획이다  재생에너지로 전기를 만들고 그 전기로 물을 분해해 만든 수소는  수소생산 전 주기에서 이산화탄소 등 환경오염 물질을 배출시키지 않아  그린수소 로 불린다  정부의 수소 로드맵에 따르면  년 필요한 수소공급 목표  만톤의  를 그린수소로 충당할 계획이다 실증사업은 제주에너지공사가 보유한 동복 북촌 풍력단지에서 추진할 예정이다  이 곳에  풍력으로 생산한  MW 메가와트 의 전력을 사용해 하루 약  kg 수소를 만드는 수소생산 시스템  생산한 수소를 압축 저장하는 시스템  미활용 전력을  MWh 메가와트시 용량의 배터리에 저장하는 시스템 등을 구축한다 두산중공업은 수소의 생산  압축  저장 등 수소플랜트 전체의 통합 설계와 감리를 진행한다  에너지관리시스템 EMS  개발도 맡는다  총 사업비는 약  억원  사업기간은  년  월까지다  생산된 수소는 제주도에 도입 예정인 수소버스의 연료로 사용된다 송용진 두산중공업 전략혁신부문장은  정부가 최근 수소 발전 의무화 제도 HPS  도입을 의결하는 등 국내에서 수소에 대한 수요는 빠르게 확대될 것으로 보인다 며  앞으로 수소를 비롯해 풍력  수력 등 친환경 에너지 사업을 지속 육성하고 관련 산업 생태계 활성화에도 앞장 설 계획이다 라고 말했다 두산중공업은 최근 한달 동안 친환경 에너지 사업에서  억원 이상의 계약을 따냈다  지난달 말  억원 규모의 네팔 수력발전소  이달 초  억원 규모의 국내 첫 수소액화플랜트 계약 등이다 [권오은 기자 oheun chosunbiz com] 네이버에서 조선비즈를 구독 하세요 코로나 시대 신혼여행지로 뜬 이곳  백만명 맞을 하늘길 연다 올해  이 기업들  투자 안 하면 영영 기회 없다 저작권자   조선비즈  무단 전재 및 재배포 금지,2020-11-25,0.65,0.0
67,67,두산중공업  제주 바람 으로  그린수소  만든다,2020.11.25 09:47,[머니투데이 안정준 기자] 친환경 에너지 사업을 대폭 강화하는 두산중공업이 그린수소 실증사업에 참여한다  풍력발전을 활용한 그린수소 실증사업은 이번이 국내 최초다 일 두산중공업은 제주에너지공사가 주관하고 산업통상자원부와 한국에너지기술평가원이 지원하는  그린수소 생산 저장 활용 실증사업  추진을 위한 과제협약을 체결했다고 밝혔다 이 협약에는 제주도청  한국중부발전  한국가스공사 등  개 기관 기업이 참여했다  앞으로 각 참여기관은 풍력발전에서 생산된 전력으로 수소를 생산하고  이를 저장  운송  활용함으로써 탄소배출이 전혀 없는 그린수소 전 주기에 대한 기술을 개발하고 실증한다 실증사업은 제주에너지공사가 보유한 동복 북촌 풍력단지에서 이뤄진다  이곳에  풍력으로 생산한  MW의 전력을 사용해  일  kg 수소를 만드는 수소생산 시스템  생산한 수소를 압축 저장하는 시스템  미활용 전력을  MWh 용량의 배터리에 저장하는 시스템 등을 구축한다 두산중공업은 수소의 생산  압축  저장 등 수소플랜트 전체의 통합 설계와 감리를 진행하며 에너지관리시스템 EMS  개발도 맡는다  총 사업비는  억원으로 사업기간은  년  월까지다  여기서 생산된 수소는 제주도에 도입 예정인 수소버스의 연료로 사용한다 수소는 제조 방식에 따라 석유화학 공정의 부산물로 나오는  부생수소  천연가스를 개질해 만드는  추출수소  물을 전기분해해 생산하는  수전해수소 로 구분된다 특히 풍력 등 재생에너지로 전기를 만들고 그 전기로 물을 분해해 만든 수소는 수소생산 전 주기에서 이산화탄소 등 환경오염 물질을 배출시키지 않아  그린수소 로 불린다  정부의 수소 로드맵에 따르면  년 필요한 수소공급 목표  만톤의  를 그린수소로 충당할 전망이다 두산중공업은 지난 한 달간 친환경 에너지 사업 관련  억원 이상을 계약했다   월 말  억원 규모의 네팔 수력발전소  이달 초  억원 규모의 국내 첫 수소액화플랜트 계약을 잇따라 체결하며 친환경 에너지 사업에서 성과를 거두고 있다 송용진 두산중공업 전략혁신부문장은  정부가 최근 수소 발전 의무화 제도 HPS  도입을 의결하는 등 국내에서 수소에 대한 수요는 빠르게 확대될 것으로 보인다 며  앞으로 수소를 비롯해 풍력  수력 등 친환경 에너지 사업을 지속 육성하고 관련 산업 생태계 활성화에도 앞장 서겠다 고 말했다 안정준 기자  up mt co kr 부동산 투자는 [부릿지] 조 변호사의 가정상담소 줄리아 투자노트 저작권자    돈이 보이는 리얼타임 뉴스  머니투데이  무단전재 및 재배포 금지 ,2020-11-25,0.65,0.0
68,68,두산중공업  제주 바람 으로  그린수소  만든다,2020.11.25 09:47,[머니투데이 안정준 기자] 친환경 에너지 사업을 대폭 강화하는 두산중공업이 그린수소 실증사업에 참여한다  풍력발전을 활용한 그린수소 실증사업은 이번이 국내 최초다 일 두산중공업은 제주에너지공사가 주관하고 산업통상자원부와 한국에너지기술평가원이 지원하는  그린수소 생산 저장 활용 실증사업  추진을 위한 과제협약을 체결했다고 밝혔다 이 협약에는 제주도청  한국중부발전  한국가스공사 등  개 기관 기업이 참여했다  앞으로 각 참여기관은 풍력발전에서 생산된 전력으로 수소를 생산하고  이를 저장  운송  활용함으로써 탄소배출이 전혀 없는 그린수소 전 주기에 대한 기술을 개발하고 실증한다 실증사업은 제주에너지공사가 보유한 동복 북촌 풍력단지에서 이뤄진다  이곳에  풍력으로 생산한  MW의 전력을 사용해  일  kg 수소를 만드는 수소생산 시스템  생산한 수소를 압축 저장하는 시스템  미활용 전력을  MWh 용량의 배터리에 저장하는 시스템 등을 구축한다 두산중공업은 수소의 생산  압축  저장 등 수소플랜트 전체의 통합 설계와 감리를 진행하며 에너지관리시스템 EMS  개발도 맡는다  총 사업비는  억원으로 사업기간은  년  월까지다  여기서 생산된 수소는 제주도에 도입 예정인 수소버스의 연료로 사용한다 수소는 제조 방식에 따라 석유화학 공정의 부산물로 나오는  부생수소  천연가스를 개질해 만드는  추출수소  물을 전기분해해 생산하는  수전해수소 로 구분된다 특히 풍력 등 재생에너지로 전기를 만들고 그 전기로 물을 분해해 만든 수소는 수소생산 전 주기에서 이산화탄소 등 환경오염 물질을 배출시키지 않아  그린수소 로 불린다  정부의 수소 로드맵에 따르면  년 필요한 수소공급 목표  만톤의  를 그린수소로 충당할 전망이다 두산중공업은 지난 한 달간 친환경 에너지 사업 관련  억원 이상을 계약했다   월 말  억원 규모의 네팔 수력발전소  이달 초  억원 규모의 국내 첫 수소액화플랜트 계약을 잇따라 체결하며 친환경 에너지 사업에서 성과를 거두고 있다 송용진 두산중공업 전략혁신부문장은  정부가 최근 수소 발전 의무화 제도 HPS  도입을 의결하는 등 국내에서 수소에 대한 수요는 빠르게 확대될 것으로 보인다 며  앞으로 수소를 비롯해 풍력  수력 등 친환경 에너지 사업을 지속 육성하고 관련 산업 생태계 활성화에도 앞장 서겠다 고 말했다 안정준 기자  up mt co kr 부동산 투자는 [부릿지] 조 변호사의 가정상담소 줄리아 투자노트 저작권자    돈이 보이는 리얼타임 뉴스  머니투데이  무단전재 및 재배포 금지 ,2020-11-25,0.65,0.0
69,69,두산중공업  제주 바람으로 그린수소 만든다,2020.11.25 10:08,제주에너지공사 등  개 기관과 실증사업 추진 협약 체결 [헤럴드경제 정순식 기자] 친환경 에너지 사업을 강화하고 있는 두산중공업이 그린수소 실증사업에 참여한다  그린수소 생산에서 풍력발전을 활용해 저장  운송 활용에 이어지는 전주기 실증사업은 이번이 국내 처음이다 두산중공업은 제주에너지공사가 주관하고 산업통상자원부와 한국에너지기술평가원이 지원하는  그린수소 생산 저장 활용 실증사업  추진을 위한 과제협약을 체결했다고  일 밝혔다  협약에는 제주도청  한국중부발전  한국가스공사 등  개 기관  기업이 참여했다  이번 협약으로 각 참여기관은 풍력발전에서 생산된 전력으로 수소를 생산하고  이를 저장  운송  활용함으로써 탄소배출이 전혀 없는 그린수소 전주기에 대한 기술을 개발하고 실증하게 된다 실증사업은 제주에너지공사가 보유한 동복 북촌 풍력단지에서 추진할 예정이다  이 곳에  풍력으로 생산한  MW의 전력을 사용해 하루 약  kg 수소를 만드는 수소생산 시스템  생산한 수소를 압축 저장하는 시스템  미활용 전력을  MWh 용량의 배터리에 저장하는 시스템 등을 구축한다 두산중공업은 수소의 생산  압축  저장 등 수소플랜트 전체의 통합 설계와 감리를 진행하고  에너지관리시스템 EMS  개발 등을 맡는다  총 사업비는 약  억원  사업기간은  년  월까지다  여기서 생산된 수소는 제주도에 도입 예정인 수소버스의 연료로 사용된다 두산중공업 송용진 전략혁신부문장은  정부가 최근 수소 발전 의무화 제도 HPS  도입을 의결하는 등 국내에서 수소에 대한 수요는 빠르게 확대될 것으로 보인다 며  앞으로 수소를 비롯해 풍력  수력 등 친환경 에너지 사업을 지속 육성하고 관련 산업 생태계 활성화에도 앞장 설 계획이다 고 말했다 한편  두산중공업은 최근 한 달 동안 친환경 에너지 사업에서  억원 이상을 계약하며 주목을 받고 있다   월 말  억원 규모의 네팔 수력발전소  이달 초  억원 규모의 국내 첫 수소액화플랜트 계약을 잇따라 체결하며 친환경 에너지 사업에서 성과를 거두고 있다 환경적 대화기구  헤럴드에코 밀리터리 전문 콘텐츠  헤밀 헤럴드경제 네이버 채널 구독  Copyrights   헤럴드경제   heraldbiz com  무단 전재 및 재배포 금지  ,2020-11-25,0.65,0.0
70,70,두산중공업  제주 바람으로 그린수소 만든다,2020.11.25 10:08,제주에너지공사 등  개 기관과 실증사업 추진 협약 체결 [헤럴드경제 정순식 기자] 친환경 에너지 사업을 강화하고 있는 두산중공업이 그린수소 실증사업에 참여한다  그린수소 생산에서 풍력발전을 활용해 저장  운송 활용에 이어지는 전주기 실증사업은 이번이 국내 처음이다 두산중공업은 제주에너지공사가 주관하고 산업통상자원부와 한국에너지기술평가원이 지원하는  그린수소 생산 저장 활용 실증사업  추진을 위한 과제협약을 체결했다고  일 밝혔다  협약에는 제주도청  한국중부발전  한국가스공사 등  개 기관  기업이 참여했다  이번 협약으로 각 참여기관은 풍력발전에서 생산된 전력으로 수소를 생산하고  이를 저장  운송  활용함으로써 탄소배출이 전혀 없는 그린수소 전주기에 대한 기술을 개발하고 실증하게 된다 실증사업은 제주에너지공사가 보유한 동복 북촌 풍력단지에서 추진할 예정이다  이 곳에  풍력으로 생산한  MW의 전력을 사용해 하루 약  kg 수소를 만드는 수소생산 시스템  생산한 수소를 압축 저장하는 시스템  미활용 전력을  MWh 용량의 배터리에 저장하는 시스템 등을 구축한다 두산중공업은 수소의 생산  압축  저장 등 수소플랜트 전체의 통합 설계와 감리를 진행하고  에너지관리시스템 EMS  개발 등을 맡는다  총 사업비는 약  억원  사업기간은  년  월까지다  여기서 생산된 수소는 제주도에 도입 예정인 수소버스의 연료로 사용된다 두산중공업 송용진 전략혁신부문장은  정부가 최근 수소 발전 의무화 제도 HPS  도입을 의결하는 등 국내에서 수소에 대한 수요는 빠르게 확대될 것으로 보인다 며  앞으로 수소를 비롯해 풍력  수력 등 친환경 에너지 사업을 지속 육성하고 관련 산업 생태계 활성화에도 앞장 설 계획이다 고 말했다 한편  두산중공업은 최근 한 달 동안 친환경 에너지 사업에서  억원 이상을 계약하며 주목을 받고 있다   월 말  억원 규모의 네팔 수력발전소  이달 초  억원 규모의 국내 첫 수소액화플랜트 계약을 잇따라 체결하며 친환경 에너지 사업에서 성과를 거두고 있다 환경적 대화기구  헤럴드에코 밀리터리 전문 콘텐츠  헤밀 헤럴드경제 네이버 채널 구독  Copyrights   헤럴드경제   heraldbiz com  무단 전재 및 재배포 금지  ,2020-11-25,0.65,0.0
71,71,두산중공업  제주 바람으로 그린수소 만든다,2020.11.25 14:02,제주에너지공사 등  개 기관과 실증사업 추진 협약 체결 바람이 만들어낸 전기로 수소 생산 오염물질 배출  두산중공업 탐라해상풍력발전기 사진제공 두산중공업 [서울경제] 두산중공업 이 풍력발전으로 수소를 만드는  그린수소  실증사업에 참여한다 두산중공업은 제주에너지공사가 주관하고 산업통상자원부와 한국에너지기술평가원이 지원하는  그린수소 생산 저장 활용 실증사업  추진을 위한 과제협약을 체결했다고  일 밝혔다  협약에는 제주도청  한국중부발전  한국가스공사 등  개 기관  기업이 참여했다  이번 협약으로 각 참여기관은 풍력발전에서 생산된 전력으로 수소를 생산하고  이를 저장  운송  활용함으로써 탄소배출이 전혀 없는 그린수소 전주기에 대한 기술을 개발하고 실증하게 된다 실증사업은 제주에너지공사가 보유한 동복 북촌 풍력단지에서 추진하게 된다  이 곳에  풍력으로 생산한  MW의 전력을 사용해 하루 약  kg 수소를 만드는 수소생산 시스템  생산한 수소를 압축 저장하는 시스템  미활용 전력을  MWh 용량의 배터리에 저장하는 시스템 등을 구축한다 두산중공업은 수소의 생산  압축  저장 등 수소플랜트 전체의 통합 설계와 감리를 진행하고  에너지관리시스템 EMS  개발 등을 맡는다  총 사업비는 약  억원  사업기간은  년  월까지다  여기서 생산된 수소는 제주도에 도입 예정인 수소버스의 연료로 사용된다 수소는 제조 방식에 따라 석유화학 공정의 부산물로 나오는  부생수소  천연가스를 개질해 만드는  추출수소  물을 전기분해해 생산하는  수전해수소 로 구분된다  풍력 등 재생에너지로 전기를 만들고 그 전기로 물을 분해해 만든 수소는  수소생산 전 주기에서 이산화탄소 등 환경오염 물질을 배출시키지 않아  그린수소 로 불린다  정부의 수소 로드맵에 따르면  년 필요한 수소공급 목표  만톤의  를 그린수소로 충당할 전망이다 두산중공업 송용진 전략혁신부문장은  정부가 최근 수소 발전 의무화 제도 HPS  도입을 의결하는 등 국내에서 수소에 대한 수요는 빠르게 확대될 것으로 보인다 며  앞으로 수소를 비롯해 풍력  수력 등 친환경 에너지 사업을 지속 육성하고 관련 산업 생태계 활성화에도 앞장 설 계획이다 고 말했다 한동희기자 dwise sedaily com   분 만 투자하세요 [김영필의 월스트리트]  정치권 속사정이 궁금하다면 [여쏙야쏙]  네이버 채널에서  서울경제  구독해주세요 저작권자   서울경제  무단 전재 및 재배포 금지,2020-11-25,0.65,0.0
72,72,두산중공업  제주 바람으로 그린수소 만든다,2020.11.25 14:02,제주에너지공사 등  개 기관과 실증사업 추진 협약 체결 바람이 만들어낸 전기로 수소 생산 오염물질 배출  두산중공업 탐라해상풍력발전기 사진제공 두산중공업 [서울경제] 두산중공업 이 풍력발전으로 수소를 만드는  그린수소  실증사업에 참여한다 두산중공업은 제주에너지공사가 주관하고 산업통상자원부와 한국에너지기술평가원이 지원하는  그린수소 생산 저장 활용 실증사업  추진을 위한 과제협약을 체결했다고  일 밝혔다  협약에는 제주도청  한국중부발전  한국가스공사 등  개 기관  기업이 참여했다  이번 협약으로 각 참여기관은 풍력발전에서 생산된 전력으로 수소를 생산하고  이를 저장  운송  활용함으로써 탄소배출이 전혀 없는 그린수소 전주기에 대한 기술을 개발하고 실증하게 된다 실증사업은 제주에너지공사가 보유한 동복 북촌 풍력단지에서 추진하게 된다  이 곳에  풍력으로 생산한  MW의 전력을 사용해 하루 약  kg 수소를 만드는 수소생산 시스템  생산한 수소를 압축 저장하는 시스템  미활용 전력을  MWh 용량의 배터리에 저장하는 시스템 등을 구축한다 두산중공업은 수소의 생산  압축  저장 등 수소플랜트 전체의 통합 설계와 감리를 진행하고  에너지관리시스템 EMS  개발 등을 맡는다  총 사업비는 약  억원  사업기간은  년  월까지다  여기서 생산된 수소는 제주도에 도입 예정인 수소버스의 연료로 사용된다 수소는 제조 방식에 따라 석유화학 공정의 부산물로 나오는  부생수소  천연가스를 개질해 만드는  추출수소  물을 전기분해해 생산하는  수전해수소 로 구분된다  풍력 등 재생에너지로 전기를 만들고 그 전기로 물을 분해해 만든 수소는  수소생산 전 주기에서 이산화탄소 등 환경오염 물질을 배출시키지 않아  그린수소 로 불린다  정부의 수소 로드맵에 따르면  년 필요한 수소공급 목표  만톤의  를 그린수소로 충당할 전망이다 두산중공업 송용진 전략혁신부문장은  정부가 최근 수소 발전 의무화 제도 HPS  도입을 의결하는 등 국내에서 수소에 대한 수요는 빠르게 확대될 것으로 보인다 며  앞으로 수소를 비롯해 풍력  수력 등 친환경 에너지 사업을 지속 육성하고 관련 산업 생태계 활성화에도 앞장 설 계획이다 고 말했다 한동희기자 dwise sedaily com   분 만 투자하세요 [김영필의 월스트리트]  정치권 속사정이 궁금하다면 [여쏙야쏙]  네이버 채널에서  서울경제  구독해주세요 저작권자   서울경제  무단 전재 및 재배포 금지,2020-11-25,0.65,0.0
73,73,두산퓨얼셀  최대주주 두산 두산중공업,2020.11.26 14:05,[이데일리 경계영 기자] 두산퓨얼셀 은 지난  월 일 박정원 두산그룹 회장을 비롯한 특수관계인  명이 보통주  만 주를 두산중공업에 증여한 데 따라 최대주주가  두산 외  명에서 두산중공업 외  명으로 변경된다고  일 공시했다  이들 최대주주의 지분율은  로 동일하다 경계영  kyung edaily co kr   시간 빠른  미리보는 뉴스  eNews  네이버에서  이데일리 뉴스 를 만나보세요  빡침해소  청춘뉘우스  스냅타임 종합 경제정보 미디어 이데일리   무단전재   재배포 금지 ,2020-11-26,4.22,1.0
74,74,두산퓨얼셀  최대주주 두산 두산중공업,2020.11.26 14:05,[이데일리 경계영 기자] 두산퓨얼셀 은 지난  월 일 박정원 두산그룹 회장을 비롯한 특수관계인  명이 보통주  만 주를 두산중공업에 증여한 데 따라 최대주주가  두산 외  명에서 두산중공업 외  명으로 변경된다고  일 공시했다  이들 최대주주의 지분율은  로 동일하다 경계영  kyung edaily co kr   시간 빠른  미리보는 뉴스  eNews  네이버에서  이데일리 뉴스 를 만나보세요  빡침해소  청춘뉘우스  스냅타임 종합 경제정보 미디어 이데일리   무단전재   재배포 금지 ,2020-11-26,4.22,1.0
75,75,두산퓨얼셀  최대주주 두산 두산중공업,2020.11.26 14:05,[이데일리 경계영 기자] 두산퓨얼셀 은 지난  월 일 박정원 두산그룹 회장을 비롯한 특수관계인  명이 보통주  만 주를 두산중공업에 증여한 데 따라 최대주주가  두산 외  명에서 두산중공업 외  명으로 변경된다고  일 공시했다  이들 최대주주의 지분율은  로 동일하다 경계영  kyung edaily co kr   시간 빠른  미리보는 뉴스  eNews  네이버에서  이데일리 뉴스 를 만나보세요  빡침해소  청춘뉘우스  스냅타임 종합 경제정보 미디어 이데일리   무단전재   재배포 금지 ,2020-11-26,4.22,1.0
76,76,두산퓨얼셀  최대주주 두산서 두산중공업으로 변경,2020.11.26 14:10,[아시아경제 박지환 기자] 두산퓨얼셀은  월 일 박정원 두산그룹 회장을 비롯한 특수관계인  명이 보통주  만 주를 두산중공업에 증여함에 따라 최대주주가 두산 외  명에서 두산중공업 외  명으로 변경됐다고  일 공시했다 이들 최대주주의 지분율은  로 동일하다 박지환 기자 pjhyj asiae co kr   년 신축년  신년운세와 토정비결은  발 빠른 최신 뉴스  네이버 메인에서 바로 보기  요즘 트렌드 모아보고 싶을 땐  드링킷 경제를 보는 눈  세계를 보는 창 아시아경제 무단전재 배포금지 ,2020-11-26,4.22,1.0
77,77,두산퓨얼셀  최대주주 두산서 두산중공업으로 변경,2020.11.26 14:10,[아시아경제 박지환 기자] 두산퓨얼셀은  월 일 박정원 두산그룹 회장을 비롯한 특수관계인  명이 보통주  만 주를 두산중공업에 증여함에 따라 최대주주가 두산 외  명에서 두산중공업 외  명으로 변경됐다고  일 공시했다 이들 최대주주의 지분율은  로 동일하다 박지환 기자 pjhyj asiae co kr   년 신축년  신년운세와 토정비결은  발 빠른 최신 뉴스  네이버 메인에서 바로 보기  요즘 트렌드 모아보고 싶을 땐  드링킷 경제를 보는 눈  세계를 보는 창 아시아경제 무단전재 배포금지 ,2020-11-26,4.22,1.0
78,78,두산퓨얼셀  최대주주 두산서 두산중공업으로 변경,2020.11.26 14:10,[아시아경제 박지환 기자] 두산퓨얼셀은  월 일 박정원 두산그룹 회장을 비롯한 특수관계인  명이 보통주  만 주를 두산중공업에 증여함에 따라 최대주주가 두산 외  명에서 두산중공업 외  명으로 변경됐다고  일 공시했다 이들 최대주주의 지분율은  로 동일하다 박지환 기자 pjhyj asiae co kr   년 신축년  신년운세와 토정비결은  발 빠른 최신 뉴스  네이버 메인에서 바로 보기  요즘 트렌드 모아보고 싶을 땐  드링킷 경제를 보는 눈  세계를 보는 창 아시아경제 무단전재 배포금지 ,2020-11-26,4.22,1.0
79,79,두산퓨얼셀  최대주주 두산중공업으로 변경,2020.11.26 14:14,[헤럴드경제 증권부] 두산퓨얼셀은 최대주주가 두산 외  명에서 두산중공업 외  명으로 변경됐다고  일 공시했다 변경후 최대주주등의 소유비율은  만 주 이다 회사측은  지난  월  일 박정원 등 특수관계인  인이 보통주  만 주를 두산중공업에 증여함에 따른 최대주주 변경 이라고 밝혔다 totoro heraldcorp com 환경적 대화기구  헤럴드에코 밀리터리 전문 콘텐츠  헤밀 헤럴드경제 네이버 채널 구독  Copyrights   헤럴드경제   heraldbiz com  무단 전재 및 재배포 금지  ,2020-11-26,4.22,1.0
80,80,두산퓨얼셀  최대주주 두산중공업으로 변경,2020.11.26 14:14,[헤럴드경제 증권부] 두산퓨얼셀은 최대주주가 두산 외  명에서 두산중공업 외  명으로 변경됐다고  일 공시했다 변경후 최대주주등의 소유비율은  만 주 이다 회사측은  지난  월  일 박정원 등 특수관계인  인이 보통주  만 주를 두산중공업에 증여함에 따른 최대주주 변경 이라고 밝혔다 totoro heraldcorp com 환경적 대화기구  헤럴드에코 밀리터리 전문 콘텐츠  헤밀 헤럴드경제 네이버 채널 구독  Copyrights   헤럴드경제   heraldbiz com  무단 전재 및 재배포 금지  ,2020-11-26,4.22,1.0
81,81,두산 대주주  두산퓨얼셀 지분   두산중공업에 무상증여,2020.11.26 14:16,[파이낸셜뉴스] 박정원 두산그룹 회장을 비롯한 두산 대주주들이 두산중공업 재무구조 개선을 위해 출연하기로 했던 두산퓨얼셀 지분 무상증여를 이행했다 두산퓨얼셀은  일 박정원 회장 등  두산 특수관계인들은  보유중이던 두산퓨얼셀 보통주 지분  를 이날 두산중공업에 무상 증여했다고 공시했다  이는 총  만 주이며   일 종가 기준으로  억 원 규모다 두산중공업은 두산퓨얼셀 지분 수증을 통한 자본 확충으로 재무구조를 개선하게 됐고  오는  월 진행되는 유상증자까지 완료하고 나면 재무구조는 한층 더 탄탄해질 것으로 예상된다 두산 관계자는  두산중공업이 이번 지분 수증을 통해 두산퓨얼셀의 최대주주가 됨으로써 두 회사의 사업 시너지 효과가 예상되며  이를 통해 두산그룹의 친환경 에너지 사업이 보다 강화될 것 이라고 말했다 두산퓨얼셀은 선도적 기술을 바탕으로 발전용 수소연료전지 시장에서 독보적 지위를 차지하고 있다  두산중공업은 국내 최초 액화수소플랜트 사업에 참여하는 것을 비롯해 풍력발전 등 재생에너지로 수소를 만드는 그린수소 생산  가스터빈 원천 기술을 기반으로 한 수소터빈 사업 등을 추진 중이다 두산중공업은 두산퓨얼셀의 연료전지 발전기술까지 확보하게 됨으로써 연료전지 kW  풍력 MW급  중소형원자로 SMR  단위  MW  가스터빈 MW   MW 으로 이어지는 친환경 발전기술 라인업을 구축하게 된다  두산퓨얼셀은 두산중공업의 EPC 역량과 글로벌 고객 네트워크를 활용해 글로벌 시장으로 진입할 수 있는 발판을 마련하게 된다 두산 관계자는  채권단의 적극적인 지원에 힘입어 두산중공업의 재무구조 개선과 사업 포트폴리오 개편을 위한 기반을 계획한 대로 마련할 수 있었다 면서  두산퓨얼셀 지분 무상증여를 약속대로 이행한 것처럼 남은 재무구조 개선 작업도 차질 없이 진행 하겠다 고 말했다 두산중공업  두산그룹  두산퓨얼셀 pja fnnews com 박지애 기자  헉  소리나는 스 토리 뉴스 [헉스]   아는 척 하고 싶은 당신을 위한 [두유노우]  날로먹고 구워먹는 금융이슈 [파인애플]  저작권자   파이낸셜뉴스  무단 전재 재배포 금지,2020-11-26,4.22,1.0
82,82,두산 대주주  두산퓨얼셀 지분   두산중공업에 무상증여,2020.11.26 14:16,[파이낸셜뉴스] 박정원 두산그룹 회장을 비롯한 두산 대주주들이 두산중공업 재무구조 개선을 위해 출연하기로 했던 두산퓨얼셀 지분 무상증여를 이행했다 두산퓨얼셀은  일 박정원 회장 등  두산 특수관계인들은  보유중이던 두산퓨얼셀 보통주 지분  를 이날 두산중공업에 무상 증여했다고 공시했다  이는 총  만 주이며   일 종가 기준으로  억 원 규모다 두산중공업은 두산퓨얼셀 지분 수증을 통한 자본 확충으로 재무구조를 개선하게 됐고  오는  월 진행되는 유상증자까지 완료하고 나면 재무구조는 한층 더 탄탄해질 것으로 예상된다 두산 관계자는  두산중공업이 이번 지분 수증을 통해 두산퓨얼셀의 최대주주가 됨으로써 두 회사의 사업 시너지 효과가 예상되며  이를 통해 두산그룹의 친환경 에너지 사업이 보다 강화될 것 이라고 말했다 두산퓨얼셀은 선도적 기술을 바탕으로 발전용 수소연료전지 시장에서 독보적 지위를 차지하고 있다  두산중공업은 국내 최초 액화수소플랜트 사업에 참여하는 것을 비롯해 풍력발전 등 재생에너지로 수소를 만드는 그린수소 생산  가스터빈 원천 기술을 기반으로 한 수소터빈 사업 등을 추진 중이다 두산중공업은 두산퓨얼셀의 연료전지 발전기술까지 확보하게 됨으로써 연료전지 kW  풍력 MW급  중소형원자로 SMR  단위  MW  가스터빈 MW   MW 으로 이어지는 친환경 발전기술 라인업을 구축하게 된다  두산퓨얼셀은 두산중공업의 EPC 역량과 글로벌 고객 네트워크를 활용해 글로벌 시장으로 진입할 수 있는 발판을 마련하게 된다 두산 관계자는  채권단의 적극적인 지원에 힘입어 두산중공업의 재무구조 개선과 사업 포트폴리오 개편을 위한 기반을 계획한 대로 마련할 수 있었다 면서  두산퓨얼셀 지분 무상증여를 약속대로 이행한 것처럼 남은 재무구조 개선 작업도 차질 없이 진행 하겠다 고 말했다 두산중공업  두산그룹  두산퓨얼셀 pja fnnews com 박지애 기자  헉  소리나는 스 토리 뉴스 [헉스]   아는 척 하고 싶은 당신을 위한 [두유노우]  날로먹고 구워먹는 금융이슈 [파인애플]  저작권자   파이낸셜뉴스  무단 전재 재배포 금지,2020-11-26,4.22,1.0
83,83,두산 대주주  두산퓨얼셀 지분   두산중공업에 무상증여,2020.11.26 14:16,[파이낸셜뉴스] 박정원 두산그룹 회장을 비롯한 두산 대주주들이 두산중공업 재무구조 개선을 위해 출연하기로 했던 두산퓨얼셀 지분 무상증여를 이행했다 두산퓨얼셀은  일 박정원 회장 등  두산 특수관계인들은  보유중이던 두산퓨얼셀 보통주 지분  를 이날 두산중공업에 무상 증여했다고 공시했다  이는 총  만 주이며   일 종가 기준으로  억 원 규모다 두산중공업은 두산퓨얼셀 지분 수증을 통한 자본 확충으로 재무구조를 개선하게 됐고  오는  월 진행되는 유상증자까지 완료하고 나면 재무구조는 한층 더 탄탄해질 것으로 예상된다 두산 관계자는  두산중공업이 이번 지분 수증을 통해 두산퓨얼셀의 최대주주가 됨으로써 두 회사의 사업 시너지 효과가 예상되며  이를 통해 두산그룹의 친환경 에너지 사업이 보다 강화될 것 이라고 말했다 두산퓨얼셀은 선도적 기술을 바탕으로 발전용 수소연료전지 시장에서 독보적 지위를 차지하고 있다  두산중공업은 국내 최초 액화수소플랜트 사업에 참여하는 것을 비롯해 풍력발전 등 재생에너지로 수소를 만드는 그린수소 생산  가스터빈 원천 기술을 기반으로 한 수소터빈 사업 등을 추진 중이다 두산중공업은 두산퓨얼셀의 연료전지 발전기술까지 확보하게 됨으로써 연료전지 kW  풍력 MW급  중소형원자로 SMR  단위  MW  가스터빈 MW   MW 으로 이어지는 친환경 발전기술 라인업을 구축하게 된다  두산퓨얼셀은 두산중공업의 EPC 역량과 글로벌 고객 네트워크를 활용해 글로벌 시장으로 진입할 수 있는 발판을 마련하게 된다 두산 관계자는  채권단의 적극적인 지원에 힘입어 두산중공업의 재무구조 개선과 사업 포트폴리오 개편을 위한 기반을 계획한 대로 마련할 수 있었다 면서  두산퓨얼셀 지분 무상증여를 약속대로 이행한 것처럼 남은 재무구조 개선 작업도 차질 없이 진행 하겠다 고 말했다 두산중공업  두산그룹  두산퓨얼셀 pja fnnews com 박지애 기자  헉  소리나는 스 토리 뉴스 [헉스]   아는 척 하고 싶은 당신을 위한 [두유노우]  날로먹고 구워먹는 금융이슈 [파인애플]  저작권자   파이낸셜뉴스  무단 전재 재배포 금지,2020-11-26,4.22,1.0
84,84,두산 대주주  두산퓨얼셀 지분  천여억원 두산중공업에 무상증여,2020.11.26 14:24,사재출연 약속 지켜 두산중공업 재무구조 개선  수소 사업 등 시너지 기대 박정원 두산그룹 회장을 비롯한  두산 대주주들이  두산중공업 재무구조 개선을 위해 출연하기로 했던 두산퓨얼셀 지분 무상증여를 이행했다 두산퓨얼셀이  일 제출한 공시에 따르면  박정원 회장 등  두산 특수관계인들은  보유중이던 두산퓨얼셀 보통주 지분  를 이날 두산중공업에 무상 증여했다  총  주이며  일 종가 기준으로  억 원 규모다 두산중공업은 두산퓨얼셀 지분 수증을 통한 자본 확충으로 재무구조를 개선하게 됐고 오는  월 진행되는 유상증자까지 완료하고 나면 재무구조는 한층 더 탄탄해질 것으로 예상된다 두산 관계자는  두산중공업이 이번 지분 수증을 통해 두산퓨얼셀의 최대주주가 됨으로써 두 회사의 사업 시너지 효과가 예상되며  이를 통해 두산그룹의 친환경 에너지 사업이 보다 강화될 것 이라고 말했다 두산퓨얼셀은 발전용 수소연료전지 시장에서 독보적 지위를 차지하고 있다  두산중공업은 국내 최초 액화수소플랜트 사업에 참여하는 것을 비롯해 풍력발전 등 재생에너지로 수소를 만드는 그린수소 생산  가스터빈 원천 기술을 기반으로 한 수소터빈 사업 등을 추진 중이다 두산중공업은 두산퓨얼셀의 연료전지 발전기술까지 확보하게 됨으로써 연료전지 kW  풍력 MW급  중소형원자로 SMR  단위  MW  가스터빈 MW   MW 으로 이어지는 친환경 발전기술 라인업을 구축하게 된다  두산퓨얼셀은 두산중공업의 EPC 역량과 글로벌 고객 네트워크를 활용해 글로벌 시장으로 진입할 수 있는 발판을 마련하게 된다  조세일보 홈페이지   정회원 가입  조세일보 네이버 뉴스스탠드 구독 종합 경제 김상우 swkim joseilbo com 저작권자   조세일보 http www joseilbo com  무단전재 및 재배포 금지,2020-11-26,4.22,1.0
85,85,두산 대주주  두산퓨얼셀 지분  천여억원 두산중공업에 무상증여,2020.11.26 14:24,사재출연 약속 지켜 두산중공업 재무구조 개선  수소 사업 등 시너지 기대 박정원 두산그룹 회장을 비롯한  두산 대주주들이  두산중공업 재무구조 개선을 위해 출연하기로 했던 두산퓨얼셀 지분 무상증여를 이행했다 두산퓨얼셀이  일 제출한 공시에 따르면  박정원 회장 등  두산 특수관계인들은  보유중이던 두산퓨얼셀 보통주 지분  를 이날 두산중공업에 무상 증여했다  총  주이며  일 종가 기준으로  억 원 규모다 두산중공업은 두산퓨얼셀 지분 수증을 통한 자본 확충으로 재무구조를 개선하게 됐고 오는  월 진행되는 유상증자까지 완료하고 나면 재무구조는 한층 더 탄탄해질 것으로 예상된다 두산 관계자는  두산중공업이 이번 지분 수증을 통해 두산퓨얼셀의 최대주주가 됨으로써 두 회사의 사업 시너지 효과가 예상되며  이를 통해 두산그룹의 친환경 에너지 사업이 보다 강화될 것 이라고 말했다 두산퓨얼셀은 발전용 수소연료전지 시장에서 독보적 지위를 차지하고 있다  두산중공업은 국내 최초 액화수소플랜트 사업에 참여하는 것을 비롯해 풍력발전 등 재생에너지로 수소를 만드는 그린수소 생산  가스터빈 원천 기술을 기반으로 한 수소터빈 사업 등을 추진 중이다 두산중공업은 두산퓨얼셀의 연료전지 발전기술까지 확보하게 됨으로써 연료전지 kW  풍력 MW급  중소형원자로 SMR  단위  MW  가스터빈 MW   MW 으로 이어지는 친환경 발전기술 라인업을 구축하게 된다  두산퓨얼셀은 두산중공업의 EPC 역량과 글로벌 고객 네트워크를 활용해 글로벌 시장으로 진입할 수 있는 발판을 마련하게 된다  조세일보 홈페이지   정회원 가입  조세일보 네이버 뉴스스탠드 구독 종합 경제 김상우 swkim joseilbo com 저작권자   조세일보 http www joseilbo com  무단전재 및 재배포 금지,2020-11-26,4.22,1.0
86,86,두산 대주주  두산퓨얼셀 지분  천여억원 두산중공업에 무상증여,2020.11.26 14:24,사재출연 약속 지켜 두산중공업 재무구조 개선  수소 사업 등 시너지 기대 박정원 두산그룹 회장을 비롯한  두산 대주주들이  두산중공업 재무구조 개선을 위해 출연하기로 했던 두산퓨얼셀 지분 무상증여를 이행했다 두산퓨얼셀이  일 제출한 공시에 따르면  박정원 회장 등  두산 특수관계인들은  보유중이던 두산퓨얼셀 보통주 지분  를 이날 두산중공업에 무상 증여했다  총  주이며  일 종가 기준으로  억 원 규모다 두산중공업은 두산퓨얼셀 지분 수증을 통한 자본 확충으로 재무구조를 개선하게 됐고 오는  월 진행되는 유상증자까지 완료하고 나면 재무구조는 한층 더 탄탄해질 것으로 예상된다 두산 관계자는  두산중공업이 이번 지분 수증을 통해 두산퓨얼셀의 최대주주가 됨으로써 두 회사의 사업 시너지 효과가 예상되며  이를 통해 두산그룹의 친환경 에너지 사업이 보다 강화될 것 이라고 말했다 두산퓨얼셀은 발전용 수소연료전지 시장에서 독보적 지위를 차지하고 있다  두산중공업은 국내 최초 액화수소플랜트 사업에 참여하는 것을 비롯해 풍력발전 등 재생에너지로 수소를 만드는 그린수소 생산  가스터빈 원천 기술을 기반으로 한 수소터빈 사업 등을 추진 중이다 두산중공업은 두산퓨얼셀의 연료전지 발전기술까지 확보하게 됨으로써 연료전지 kW  풍력 MW급  중소형원자로 SMR  단위  MW  가스터빈 MW   MW 으로 이어지는 친환경 발전기술 라인업을 구축하게 된다  두산퓨얼셀은 두산중공업의 EPC 역량과 글로벌 고객 네트워크를 활용해 글로벌 시장으로 진입할 수 있는 발판을 마련하게 된다  조세일보 홈페이지   정회원 가입  조세일보 네이버 뉴스스탠드 구독 종합 경제 김상우 swkim joseilbo com 저작권자   조세일보 http www joseilbo com  무단전재 및 재배포 금지,2020-11-26,4.22,1.0
87,87, 두산 대주주  두산퓨얼셀 지분   두산중공업에 무상증여 억원 규모,2020.11.26 15:23,사재출연 통한 책임경영 두산중공업 재무구조 개선  수소 사업 등 시너지 기대 박정원 두산그룹 회장을 비롯한  두산 대주주들이  두산중공업 재무구조 개선을 위해 출연하기로 했던 두산퓨얼셀 지분 무상증여를 이행했다 두산퓨얼셀이  일 제출한 공시에 따르면  박정원 회장 등  두산 특수관계인들은 보유중이던 두산퓨얼셀 보통주 지분  를 이날 두산중공업에 무상 증여했다  총  만 주이며   일 종가 기준으로  억 원 규모다 이로써 두산중공업은 두산퓨얼셀 지분 수증을 통한 자본 확충으로 재무구조를 개선하게 됐다 또한 오는  월 진행되는 유상증자까지 완료하고 나면 재무구조는 한층 더 탄탄해질 것으로 예상된다 두산 관계자는  두산중공업이 이번 지분 수증을 통해 두산퓨얼셀의 최대주주가 됨으로써 두 회사의 사업 시너지 효과가 예상되며  이를 통해 두산그룹의 친환경 에너지 사업이 보다 강화될 것 이라고 말했다 두산퓨얼셀은 발전용 수소연료전지 시장에서 독보적 지위를 차지하고 있다  두산중공업은 국내 최초 액화수소플랜트 사업에 참여하는 것을 비롯해 풍력발전 등 재생에너지로 수소를 만드는 그린수소 생산  가스터빈 원천 기술을 기반으로 한 수소터빈 사업 등을 추진 중이다 두산중공업은 두산퓨얼셀의 연료전지 발전기술까지 확보하게 됨으로써 연료전지 kW  풍력 MW급  중소형원자로 SMR  단위  MW  가스터빈 MW   MW 으로 이어지는 친환경 발전기술 라인업을 구축하게 된다  두산퓨얼셀은 두산중공업의 EPC 역량과 글로벌 고객 네트워크를 활용해 글로벌 시장으로 진입할 수 있는 발판을 마련하게 된다 두산 관계자는  채권단의 적극적인 지원에 힘입어 두산중공업의 재무구조 개선과 사업 포트폴리오 개편을 위한 기반을 계획한 대로 마련할 수 있었다 면서  두산퓨얼셀 지분 무상증여를 약속대로 이행한 것처럼 남은 재무구조 개선 작업도 차질 없이 진행 하겠다 고 말했다 [이상규 기자 boyondal mkinternet com]  네이버 메인에서  매일경제 를 받아보세요  궁금한 제조과정 영상으로 보세요   이렇게 만들죠  매일매일 색다른 뉴스레터  매콤달콤  구독하세요 [  매일경제   mk co kr  무단전재 및 재배포 금지],2020-11-27,6.54,1.0
88,88, 두산 대주주  두산퓨얼셀 지분   두산중공업에 무상증여 억원 규모,2020.11.26 15:23,사재출연 통한 책임경영 두산중공업 재무구조 개선  수소 사업 등 시너지 기대 박정원 두산그룹 회장을 비롯한  두산 대주주들이  두산중공업 재무구조 개선을 위해 출연하기로 했던 두산퓨얼셀 지분 무상증여를 이행했다 두산퓨얼셀이  일 제출한 공시에 따르면  박정원 회장 등  두산 특수관계인들은 보유중이던 두산퓨얼셀 보통주 지분  를 이날 두산중공업에 무상 증여했다  총  만 주이며   일 종가 기준으로  억 원 규모다 이로써 두산중공업은 두산퓨얼셀 지분 수증을 통한 자본 확충으로 재무구조를 개선하게 됐다 또한 오는  월 진행되는 유상증자까지 완료하고 나면 재무구조는 한층 더 탄탄해질 것으로 예상된다 두산 관계자는  두산중공업이 이번 지분 수증을 통해 두산퓨얼셀의 최대주주가 됨으로써 두 회사의 사업 시너지 효과가 예상되며  이를 통해 두산그룹의 친환경 에너지 사업이 보다 강화될 것 이라고 말했다 두산퓨얼셀은 발전용 수소연료전지 시장에서 독보적 지위를 차지하고 있다  두산중공업은 국내 최초 액화수소플랜트 사업에 참여하는 것을 비롯해 풍력발전 등 재생에너지로 수소를 만드는 그린수소 생산  가스터빈 원천 기술을 기반으로 한 수소터빈 사업 등을 추진 중이다 두산중공업은 두산퓨얼셀의 연료전지 발전기술까지 확보하게 됨으로써 연료전지 kW  풍력 MW급  중소형원자로 SMR  단위  MW  가스터빈 MW   MW 으로 이어지는 친환경 발전기술 라인업을 구축하게 된다  두산퓨얼셀은 두산중공업의 EPC 역량과 글로벌 고객 네트워크를 활용해 글로벌 시장으로 진입할 수 있는 발판을 마련하게 된다 두산 관계자는  채권단의 적극적인 지원에 힘입어 두산중공업의 재무구조 개선과 사업 포트폴리오 개편을 위한 기반을 계획한 대로 마련할 수 있었다 면서  두산퓨얼셀 지분 무상증여를 약속대로 이행한 것처럼 남은 재무구조 개선 작업도 차질 없이 진행 하겠다 고 말했다 [이상규 기자 boyondal mkinternet com]  네이버 메인에서  매일경제 를 받아보세요  궁금한 제조과정 영상으로 보세요   이렇게 만들죠  매일매일 색다른 뉴스레터  매콤달콤  구독하세요 [  매일경제   mk co kr  무단전재 및 재배포 금지],2020-11-27,6.54,1.0
89,89,박정원 회장 등  두산 대주주   천억 두산퓨얼셀 지분 두산중공업에 무상증여,2020.11.26 16:11,사재출연 통한 책임경영 약속 지켜 두산중공업과 시너지 기대 박정원 두산그룹 회장을 비롯한  두산 대주주들이 두산중공업 재무구조 개선을 위해 출연하기로 했던 두산퓨얼셀 지분 무상증여를 이행했다 두산퓨얼셀은  일 공시를 통해 박정원 회장 등  두산 특수관계인들이 보유 두산퓨얼셀 보통주 지분  를 이날 두산중공업에 무상 증여했다고 밝혔다  지난  일 종가 기준  억 원 규모다 두산 관계자는  두산중공업이 이번 지분 수증을 통해 두산퓨얼셀 최대주주가 됨으로써 두 회사 사업 시너지 효과가 예상되며  이를 통해 두산그룹의 친환경 에너지 사업이 보다 강화될 것 이라고 말했다 두산퓨얼셀은 선도적 기술을 바탕으로 발전용 수소연료전지 시장에서 독보적 지위를 차지하고 있다  두산중공업은 국내 최초 액화수소플랜트 사업에 참여하는 것을 비롯해 풍력발전 등 재생에너지로 수소를 만드는 그린수소 생산  가스터빈 원천 기술을 기반으로 한 수소터빈 사업 등을 추진 중이다 두산중공업은 두산퓨얼셀의 연료전지 발전기술까지 확보하게 됨으로써 연료전지 kW  풍력 MW급  중소형원자로 SMR  단위  MW  가스터빈 MW   MW 으로 이어지는 친환경 발전기술 라인업을 구축하게 된다  두산퓨얼셀은 두산중공업의 EPC 역량과 글로벌 고객 네트워크를 활용해 글로벌 시장으로 진입할 수 있는 발판을 마련하게 된다 두산그룹은 남은 재무구조 개선 작업도 차질없이 진행할 예정이다 [한우람 기자]  네이버 메인에서  매일경제 를 받아보세요  궁금한 제조과정 영상으로 보세요   이렇게 만들죠  매일매일 색다른 뉴스레터  매콤달콤  구독하세요 [  매일경제   mk co kr  무단전재 및 재배포 금지],2020-11-27,6.54,1.0
90,90,박정원 회장 등  두산 대주주   천억 두산퓨얼셀 지분 두산중공업에 무상증여,2020.11.26 16:11,사재출연 통한 책임경영 약속 지켜 두산중공업과 시너지 기대 박정원 두산그룹 회장을 비롯한  두산 대주주들이 두산중공업 재무구조 개선을 위해 출연하기로 했던 두산퓨얼셀 지분 무상증여를 이행했다 두산퓨얼셀은  일 공시를 통해 박정원 회장 등  두산 특수관계인들이 보유 두산퓨얼셀 보통주 지분  를 이날 두산중공업에 무상 증여했다고 밝혔다  지난  일 종가 기준  억 원 규모다 두산 관계자는  두산중공업이 이번 지분 수증을 통해 두산퓨얼셀 최대주주가 됨으로써 두 회사 사업 시너지 효과가 예상되며  이를 통해 두산그룹의 친환경 에너지 사업이 보다 강화될 것 이라고 말했다 두산퓨얼셀은 선도적 기술을 바탕으로 발전용 수소연료전지 시장에서 독보적 지위를 차지하고 있다  두산중공업은 국내 최초 액화수소플랜트 사업에 참여하는 것을 비롯해 풍력발전 등 재생에너지로 수소를 만드는 그린수소 생산  가스터빈 원천 기술을 기반으로 한 수소터빈 사업 등을 추진 중이다 두산중공업은 두산퓨얼셀의 연료전지 발전기술까지 확보하게 됨으로써 연료전지 kW  풍력 MW급  중소형원자로 SMR  단위  MW  가스터빈 MW   MW 으로 이어지는 친환경 발전기술 라인업을 구축하게 된다  두산퓨얼셀은 두산중공업의 EPC 역량과 글로벌 고객 네트워크를 활용해 글로벌 시장으로 진입할 수 있는 발판을 마련하게 된다 두산그룹은 남은 재무구조 개선 작업도 차질없이 진행할 예정이다 [한우람 기자]  네이버 메인에서  매일경제 를 받아보세요  궁금한 제조과정 영상으로 보세요   이렇게 만들죠  매일매일 색다른 뉴스레터  매콤달콤  구독하세요 [  매일경제   mk co kr  무단전재 및 재배포 금지],2020-11-27,6.54,1.0
91,91,두산중공업  한국남동발전과 대규모 해상풍력 사업 협력,2020.11.27 13:39,두산중공업 이 한국남동발전과 국산 해상풍력 활성화를 위한 양해각서를 체결했다고  일 밝혔다 두 회사는 이번 협약에 따라 한국남동발전이 경인  서남해  제주 지역 등에 개발 중인  GW 기가와트  규모의 해상풍력 사업에 협력하고  MW 메가와트 급 부유식 해상풍력 시스템 및 단지 구축에도 협력하기로로 했다 전북 서남해 해상풍력 실증단지   두산중공업 제공 또 두산중공업이 국책과제 주관기관으로서 추진하는  MW 대용량 해상풍력발전 상용화 를 위한 기술 교류도 확대할 계획이다  두산중공업은  년 상용화를 목표로  MW급 해상풍력시스템을 개발하고 있다  블레이드 풍력발전의 날개  길이를 최대로 해 효율을 높이면서 국내 바람 조건에 최적화 되도록 차별화하는 것이 목표다 한국남동발전은 국내 해상풍력 사업자 가운데 규모면에서 가장 많은 사업계획을 보유하고 있다   년 국내 처음으로 국산 풍력 상용화 단지인 영흥 풍력 단지를 준공한 바 있으며  두산중공업은 이 단지에 풍력발전기  기 MW 를 공급했다   년에도 국내 최초 상업용 해상풍력단지인 탐라해상풍력을 두산중공업과 함께 국내기술로 준공하는 등 국내 풍력산업 활성화에 앞장서고 있다 박인원 Plant EPC BG장은  이번 양해각서를 통해 국산 해상풍력 발전기의 대규모 실적확보를 통한 상용화를 기대할 수 있게 됐다 며  한국남동발전과 함께 정부의 그린뉴딜 정책에 발맞춰 국내 풍력 산업 생태계 활성화를 위해 노력하겠다 고 말했다 [권오은 기자 oheun chosunbiz com] 네이버에서 조선비즈를 구독 하세요 코로나 시대 신혼여행지로 뜬 이곳  백만명 맞을 하늘길 연다 올해  이 기업들  투자 안 하면 영영 기회 없다 저작권자   조선비즈  무단 전재 및 재배포 금지,2020-11-27,6.54,1.0
92,92,두산중공업  한국남동발전과 대규모 해상풍력 사업 협력,2020.11.27 13:39,두산중공업 이 한국남동발전과 국산 해상풍력 활성화를 위한 양해각서를 체결했다고  일 밝혔다 두 회사는 이번 협약에 따라 한국남동발전이 경인  서남해  제주 지역 등에 개발 중인  GW 기가와트  규모의 해상풍력 사업에 협력하고  MW 메가와트 급 부유식 해상풍력 시스템 및 단지 구축에도 협력하기로로 했다 전북 서남해 해상풍력 실증단지   두산중공업 제공 또 두산중공업이 국책과제 주관기관으로서 추진하는  MW 대용량 해상풍력발전 상용화 를 위한 기술 교류도 확대할 계획이다  두산중공업은  년 상용화를 목표로  MW급 해상풍력시스템을 개발하고 있다  블레이드 풍력발전의 날개  길이를 최대로 해 효율을 높이면서 국내 바람 조건에 최적화 되도록 차별화하는 것이 목표다 한국남동발전은 국내 해상풍력 사업자 가운데 규모면에서 가장 많은 사업계획을 보유하고 있다   년 국내 처음으로 국산 풍력 상용화 단지인 영흥 풍력 단지를 준공한 바 있으며  두산중공업은 이 단지에 풍력발전기  기 MW 를 공급했다   년에도 국내 최초 상업용 해상풍력단지인 탐라해상풍력을 두산중공업과 함께 국내기술로 준공하는 등 국내 풍력산업 활성화에 앞장서고 있다 박인원 Plant EPC BG장은  이번 양해각서를 통해 국산 해상풍력 발전기의 대규모 실적확보를 통한 상용화를 기대할 수 있게 됐다 며  한국남동발전과 함께 정부의 그린뉴딜 정책에 발맞춰 국내 풍력 산업 생태계 활성화를 위해 노력하겠다 고 말했다 [권오은 기자 oheun chosunbiz com] 네이버에서 조선비즈를 구독 하세요 코로나 시대 신혼여행지로 뜬 이곳  백만명 맞을 하늘길 연다 올해  이 기업들  투자 안 하면 영영 기회 없다 저작권자   조선비즈  무단 전재 및 재배포 금지,2020-11-27,6.54,1.0
93,93,두산중공업  한국남동발전과 대규모 해상풍력 사업 협력,2020.11.27 13:53,[파이낸셜뉴스] 두산중공업이 한국남동발전과 국산 해상풍력 활성화를 위한 양해각서를 체결했다고  일 밝혔다 이번 협약으로 양사는  한국남동발전이 개발 중인 경인  서남해  제주 지역 등  GW 규모 해상풍력 사업에 협력하는 한편 MW급 부유식 해상풍력 시스템 및 단지 구축에도 협력키로 했다  또한  두산중공업이 국책과제 주관기관으로서 추진중인  MW 대용량 해상풍력발전 상용화 를 위한 기술 교류도 확대한다 한국남동발전은 국내 해상풍력 사업자 가운데 규모면에서 가장 많은 사업계획을 보유하고 있다   년 국내 최초 국산 풍력 상용화 단지인 영흥 풍력 단지를 준공한 바 있으며  두산중공업은 이 단지에 풍력발전기  기 MW 를 공급했다  또한  년 국내 최초 상업용 해상풍력단지인 탐라해상풍력을 두산중공업과 함께 국내기술로 준공하는 등 국내 풍력산업 활성화에 앞장서고 있다 박인원 Plant EPC BG장은  이번 양해각서를 통해 국산 해상풍력 발전기의 대규모 실적확보를 통한 상용화를 기대할 수 있게 됐다  면서  한국남동발전과 함께 정부의 그린뉴딜 정책에 발맞춰 국내 풍력 산업 생태계 활성화를 위해 노력하겠다 고 말했다 두산중공업은  년 국내 최초로  MW급 해상풍력발전기를 개발해 국제인증을 받았으며  지난해에는  MW급 해상풍력발전시스템 국제인증을 획득했다  또한  국내 최대 용량인  MW급 해상풍력시스템을  년 상용화할 예정으로  이 제품은 블레이드 길이를 최대로 해 효율을 높이면서 국내 바람 조건에 최적화 되도록 차별화할 계획이다 pja fnnews com 박지애 기자  헉  소리나는 스 토리 뉴스 [헉스]   아는 척 하고 싶은 당신을 위한 [두유노우]  날로먹고 구워먹는 금융이슈 [파인애플]  저작권자   파이낸셜뉴스  무단 전재 재배포 금지,2020-11-27,6.54,1.0
94,94,두산중공업  한국남동발전과 대규모 해상풍력 사업 협력,2020.11.27 13:53,[파이낸셜뉴스] 두산중공업이 한국남동발전과 국산 해상풍력 활성화를 위한 양해각서를 체결했다고  일 밝혔다 이번 협약으로 양사는  한국남동발전이 개발 중인 경인  서남해  제주 지역 등  GW 규모 해상풍력 사업에 협력하는 한편 MW급 부유식 해상풍력 시스템 및 단지 구축에도 협력키로 했다  또한  두산중공업이 국책과제 주관기관으로서 추진중인  MW 대용량 해상풍력발전 상용화 를 위한 기술 교류도 확대한다 한국남동발전은 국내 해상풍력 사업자 가운데 규모면에서 가장 많은 사업계획을 보유하고 있다   년 국내 최초 국산 풍력 상용화 단지인 영흥 풍력 단지를 준공한 바 있으며  두산중공업은 이 단지에 풍력발전기  기 MW 를 공급했다  또한  년 국내 최초 상업용 해상풍력단지인 탐라해상풍력을 두산중공업과 함께 국내기술로 준공하는 등 국내 풍력산업 활성화에 앞장서고 있다 박인원 Plant EPC BG장은  이번 양해각서를 통해 국산 해상풍력 발전기의 대규모 실적확보를 통한 상용화를 기대할 수 있게 됐다  면서  한국남동발전과 함께 정부의 그린뉴딜 정책에 발맞춰 국내 풍력 산업 생태계 활성화를 위해 노력하겠다 고 말했다 두산중공업은  년 국내 최초로  MW급 해상풍력발전기를 개발해 국제인증을 받았으며  지난해에는  MW급 해상풍력발전시스템 국제인증을 획득했다  또한  국내 최대 용량인  MW급 해상풍력시스템을  년 상용화할 예정으로  이 제품은 블레이드 길이를 최대로 해 효율을 높이면서 국내 바람 조건에 최적화 되도록 차별화할 계획이다 pja fnnews com 박지애 기자  헉  소리나는 스 토리 뉴스 [헉스]   아는 척 하고 싶은 당신을 위한 [두유노우]  날로먹고 구워먹는 금융이슈 [파인애플]  저작권자   파이낸셜뉴스  무단 전재 재배포 금지,2020-11-27,6.54,1.0
95,95,두산중공업  한국남동발전과 대규모 해상풍력 사업 협력,2020.11.27 14:13,두산중공업은 한국남동발전과 국산 해상풍력 활성화를 위한 양해각서를 체결했다고  일 밝혔다 이번 협약으로 양사는 한국남동발전이 개발 중인 경인  서남해  제주 지역 등  GW 규모 해상풍력 사업에 협력하는 한편 MW급 부유식 해상풍력 시스템 및 단지 구축에도 협력하기로 했다  또한 두산중공업이 국책과제 주관기관으로서 추진중인  MW 대용량 해상풍력발전 상용화 를 위한 기술 교류도 확대한다 한국남동발전은 국내 해상풍력 사업자 가운데 규모면에서 가장 많은 사업계획을 보유하고 있다   년 국내 최초 국산 풍력 상용화 단지인 영흥 풍력 단지를 준공한 바 있으며  두산중공업은 이 단지에 풍력발전기  기 MW 를 공급했다  또한  년 국내 최초 상업용 해상풍력단지인 탐라해상풍력을 두산중공업과 함께 국내기술로 준공하는 등 국내 풍력산업 활성화에 앞장서고 있다 박인원 Plant EPC BG장은  이번 양해각서를 통해 국산 해상풍력 발전기의 대규모 실적확보를 통한 상용화를 기대할 수 있게 됐다  면서  한국남동발전과 함께 정부의 그린뉴딜 정책에 발맞춰 국내 풍력 산업 생태계 활성화를 위해 노력하겠다 고 말했다 [이상규 기자 boyondal mkinternet com]  네이버 메인에서  매일경제 를 받아보세요  궁금한 제조과정 영상으로 보세요   이렇게 만들죠  매일매일 색다른 뉴스레터  매콤달콤  구독하세요 [  매일경제   mk co kr  무단전재 및 재배포 금지],2020-11-27,6.54,1.0
96,96,두산중공업  한국남동발전과 대규모 해상풍력 사업 협력,2020.11.27 14:13,두산중공업은 한국남동발전과 국산 해상풍력 활성화를 위한 양해각서를 체결했다고  일 밝혔다 이번 협약으로 양사는 한국남동발전이 개발 중인 경인  서남해  제주 지역 등  GW 규모 해상풍력 사업에 협력하는 한편 MW급 부유식 해상풍력 시스템 및 단지 구축에도 협력하기로 했다  또한 두산중공업이 국책과제 주관기관으로서 추진중인  MW 대용량 해상풍력발전 상용화 를 위한 기술 교류도 확대한다 한국남동발전은 국내 해상풍력 사업자 가운데 규모면에서 가장 많은 사업계획을 보유하고 있다   년 국내 최초 국산 풍력 상용화 단지인 영흥 풍력 단지를 준공한 바 있으며  두산중공업은 이 단지에 풍력발전기  기 MW 를 공급했다  또한  년 국내 최초 상업용 해상풍력단지인 탐라해상풍력을 두산중공업과 함께 국내기술로 준공하는 등 국내 풍력산업 활성화에 앞장서고 있다 박인원 Plant EPC BG장은  이번 양해각서를 통해 국산 해상풍력 발전기의 대규모 실적확보를 통한 상용화를 기대할 수 있게 됐다  면서  한국남동발전과 함께 정부의 그린뉴딜 정책에 발맞춰 국내 풍력 산업 생태계 활성화를 위해 노력하겠다 고 말했다 [이상규 기자 boyondal mkinternet com]  네이버 메인에서  매일경제 를 받아보세요  궁금한 제조과정 영상으로 보세요   이렇게 만들죠  매일매일 색다른 뉴스레터  매콤달콤  구독하세요 [  매일경제   mk co kr  무단전재 및 재배포 금지],2020-11-27,6.54,1.0
97,97,두산중공업  한국서부발전과 라오스 수력발전 공동개발,2020.11.30 13:49,라오스 남부에  MW 규모 건설 일 두산중공업 서울사무소에서 열린 라오스 수력발전사업 MOU 체결식에서 송재섭 왼쪽  한국서부발전 기획관리본부장과 두산중공업 박인원 플랜트 EPC BG장이 협약 체결 후 기념촬영을 하고 있다 사진제공 두산중공업 [서울경제] 두산중공업 은 한국서부발전과 라오스 푸노이 Phou Ngoy  수력발전사업 개발을 위한 협약을 체결했다고  일 밝혔다 이번 사업은 태국의 디벨로퍼사인 CEWA Charoen Energy and Water Asia 가 라오스 정부와 사업개발협약 체결 후 한국서부발전과 공동으로 추진 중이며  지난  월에는 한국해외인프라도시개발지원공사 KIND 와  자 간 투자 협약이 이뤄졌다  두산중공업은 이번 협약을 통해 한국서부발전과 라오스 푸노이 수력사업을 공동 개발하고  수력발전 분야 핵심 기자재의 국산화 및 수출 판로개척 등에 협력하기로 했다 푸노이 수력발전소는 라오스 남부 참파삭주 팍세시에  MW 규모로 건설된다  사업자가 자금을 조달하고 건설한 후 일정 기간 운영까지 맡는 BOT Build Operate Transfer  방식으로 추진되며  총 사업비는 약  억불 규모이다  두산중공업은 주요 기자재 공급과 건설을 담당하는 EPC 방식으로 사업을 수행할 계획이다  내년  월 양사가 공동으로 현장 조사 후 기본 설계를 수행하고   년 건설을 시작해  년 완공할 예정이다 두산중공업 박인원 플랜트 EPC BG장은  최근 수력은 물론 풍력  수소 등 두산중공업이 추진하는 친환경 에너지 사업에서 성과가 나타나고 있다 며  앞으로도 국내외 수력발전 사업 기회가 확대될 전망인 만큼 주요 기자재  설계 등의 국산화 속도를 높이고  국내 유관 산업 활성화를 위해 앞장서겠다 고 말했다 한동희기자 dwise sedaily com   분 만 투자하세요 [김영필의 월스트리트]  정치권 속사정이 궁금하다면 [여쏙야쏙]  네이버 채널에서  서울경제  구독해주세요 저작권자   서울경제  무단 전재 및 재배포 금지,2020-11-30,-2.05,0.0
98,98,두산중공업  한국서부발전과 라오스 수력발전 공동개발,2020.11.30 13:49,라오스 남부에  MW 규모 건설 일 두산중공업 서울사무소에서 열린 라오스 수력발전사업 MOU 체결식에서 송재섭 왼쪽  한국서부발전 기획관리본부장과 두산중공업 박인원 플랜트 EPC BG장이 협약 체결 후 기념촬영을 하고 있다 사진제공 두산중공업 [서울경제] 두산중공업 은 한국서부발전과 라오스 푸노이 Phou Ngoy  수력발전사업 개발을 위한 협약을 체결했다고  일 밝혔다 이번 사업은 태국의 디벨로퍼사인 CEWA Charoen Energy and Water Asia 가 라오스 정부와 사업개발협약 체결 후 한국서부발전과 공동으로 추진 중이며  지난  월에는 한국해외인프라도시개발지원공사 KIND 와  자 간 투자 협약이 이뤄졌다  두산중공업은 이번 협약을 통해 한국서부발전과 라오스 푸노이 수력사업을 공동 개발하고  수력발전 분야 핵심 기자재의 국산화 및 수출 판로개척 등에 협력하기로 했다 푸노이 수력발전소는 라오스 남부 참파삭주 팍세시에  MW 규모로 건설된다  사업자가 자금을 조달하고 건설한 후 일정 기간 운영까지 맡는 BOT Build Operate Transfer  방식으로 추진되며  총 사업비는 약  억불 규모이다  두산중공업은 주요 기자재 공급과 건설을 담당하는 EPC 방식으로 사업을 수행할 계획이다  내년  월 양사가 공동으로 현장 조사 후 기본 설계를 수행하고   년 건설을 시작해  년 완공할 예정이다 두산중공업 박인원 플랜트 EPC BG장은  최근 수력은 물론 풍력  수소 등 두산중공업이 추진하는 친환경 에너지 사업에서 성과가 나타나고 있다 며  앞으로도 국내외 수력발전 사업 기회가 확대될 전망인 만큼 주요 기자재  설계 등의 국산화 속도를 높이고  국내 유관 산업 활성화를 위해 앞장서겠다 고 말했다 한동희기자 dwise sedaily com   분 만 투자하세요 [김영필의 월스트리트]  정치권 속사정이 궁금하다면 [여쏙야쏙]  네이버 채널에서  서울경제  구독해주세요 저작권자   서울경제  무단 전재 및 재배포 금지,2020-11-30,-2.05,0.0
99,99,두산중공업  한국서부발전과 라오스 수력발전 공동개발,2020.11.30 14:14,두산중공업  일 서울사무소에서 열린 라오스 수력발전사업 MOU 체결식에서 한국서부발전 송재섭 기획관리본부장 왼쪽 과 두산중공업 박인원 플랜트 EPC BG장이 협약 체결 후 기념촬영을 하고 있다 [파이낸셜뉴스] 두산중공업은 한국서부발전과 라오스 푸노이 Phou Ngoy  수력발전사업 개발을 위한 협약을 체결했다고  일 밝혔다 이번 사업은 태국의 디벨로퍼사인 CEWA Charoen Energy and Water Asia Co  Ltd 가 라오스 정부와 사업개발협약 체결 후 한국서부발전과 공동으로 추진 중이며  지난  월에는 한국해외인프라도시개발지원공사 KIND 와  자 간 투자 협약이 이뤄졌다 두산중공업은 이번 협약을 통해 한국서부발전과 라오스 푸노이 수력사업을 공동 개발하고  수력발전 분야 핵심 기자재의 국산화 및 수출 판로개척 등에 협력하기로 했다 푸노이 수력발전소는 라오스 남부 참파삭주 팍세시에  MW 규모로 건설된다  BOT Build Operate Transfer  방식으로 추진되며  총 사업비는 약  억불 규모이다  두산중공업은 주요 기자재 공급과 건설을 담당하는 EPC 방식으로 사업을 수행할 계획이다  내년  월 양사가 공동으로 현장 조사 후 기본 설계를 수행하고   년 건설을 시작해  년 완공할 예정이다 산중공업 박인원 플랜트 EPC BG장은  최근 수력은 물론 풍력  수소 등 두산중공업이 추진하는 친환경 에너지 사업에서 성과가 나타나고 있다 며  앞으로도 국내외 수력발전 사업 기회가 확대될 전망인 만큼 주요 기자재  설계 등의 국산화 속도를 높이고  국내 유관 산업 활성화를 위해 앞장서겠다 고 말했다 두산중공업은 최근 친환경 수력발전 사업을 적극 확대하고 있다  지난  월 한국남동발전과  억원 규모의 네팔 어퍼트리슐리  수력발전소 계약을 체결했으며  파키스탄 수력발전 사업 참여도 추진하기로 했다   월에는 한국중부발전과 해외 수력시장 진출을 위한 협약을 체결했다 두산중공업은 지난해  월 수력발전 분야 글로벌 선도 기업인 오스트리아 안드리츠와 사업 및 기술협력 협약을 체결해 수력발전 설계 기술의 자립 발판을 마련했으며  국내외 수력발전 사업 확대를 위해 한수원과 공동으로 수력발전용  MW급 수차 발전기 국산화를 추진하고 있다 pja fnnews com 박지애 기자  헉  소리나는 스 토리 뉴스 [헉스]   아는 척 하고 싶은 당신을 위한 [두유노우]  날로먹고 구워먹는 금융이슈 [파인애플]  저작권자   파이낸셜뉴스  무단 전재 재배포 금지,2020-11-30,-2.05,0.0
100,100,두산중공업  한국서부발전과 라오스 수력발전 공동개발,2020.11.30 14:14,두산중공업  일 서울사무소에서 열린 라오스 수력발전사업 MOU 체결식에서 한국서부발전 송재섭 기획관리본부장 왼쪽 과 두산중공업 박인원 플랜트 EPC BG장이 협약 체결 후 기념촬영을 하고 있다 [파이낸셜뉴스] 두산중공업은 한국서부발전과 라오스 푸노이 Phou Ngoy  수력발전사업 개발을 위한 협약을 체결했다고  일 밝혔다 이번 사업은 태국의 디벨로퍼사인 CEWA Charoen Energy and Water Asia Co  Ltd 가 라오스 정부와 사업개발협약 체결 후 한국서부발전과 공동으로 추진 중이며  지난  월에는 한국해외인프라도시개발지원공사 KIND 와  자 간 투자 협약이 이뤄졌다 두산중공업은 이번 협약을 통해 한국서부발전과 라오스 푸노이 수력사업을 공동 개발하고  수력발전 분야 핵심 기자재의 국산화 및 수출 판로개척 등에 협력하기로 했다 푸노이 수력발전소는 라오스 남부 참파삭주 팍세시에  MW 규모로 건설된다  BOT Build Operate Transfer  방식으로 추진되며  총 사업비는 약  억불 규모이다  두산중공업은 주요 기자재 공급과 건설을 담당하는 EPC 방식으로 사업을 수행할 계획이다  내년  월 양사가 공동으로 현장 조사 후 기본 설계를 수행하고   년 건설을 시작해  년 완공할 예정이다 산중공업 박인원 플랜트 EPC BG장은  최근 수력은 물론 풍력  수소 등 두산중공업이 추진하는 친환경 에너지 사업에서 성과가 나타나고 있다 며  앞으로도 국내외 수력발전 사업 기회가 확대될 전망인 만큼 주요 기자재  설계 등의 국산화 속도를 높이고  국내 유관 산업 활성화를 위해 앞장서겠다 고 말했다 두산중공업은 최근 친환경 수력발전 사업을 적극 확대하고 있다  지난  월 한국남동발전과  억원 규모의 네팔 어퍼트리슐리  수력발전소 계약을 체결했으며  파키스탄 수력발전 사업 참여도 추진하기로 했다   월에는 한국중부발전과 해외 수력시장 진출을 위한 협약을 체결했다 두산중공업은 지난해  월 수력발전 분야 글로벌 선도 기업인 오스트리아 안드리츠와 사업 및 기술협력 협약을 체결해 수력발전 설계 기술의 자립 발판을 마련했으며  국내외 수력발전 사업 확대를 위해 한수원과 공동으로 수력발전용  MW급 수차 발전기 국산화를 추진하고 있다 pja fnnews com 박지애 기자  헉  소리나는 스 토리 뉴스 [헉스]   아는 척 하고 싶은 당신을 위한 [두유노우]  날로먹고 구워먹는 금융이슈 [파인애플]  저작권자   파이낸셜뉴스  무단 전재 재배포 금지,2020-11-30,-2.05,0.0
101,101,두산중공업  한국서부발전과 라오스 푸노이 수력발전사업 공동 개발,2020.11.30 15:41, 일  두산중공업 서울사무소에서 열린 라오스 수력발전사업 MOU 체결식에서 한국서부발전 송재섭 기획관리본부장 사진 왼쪽 과 두산중공업 박인원 플랜트 EPC BG장이 협약 체결 후 기념촬영을 하고 있다  [사진 제공   두산중공업] 두산중공업은  한국서부발전과 라오스 푸노이 Phou Ngoy  수력발전사업 개발을 위한 협약을 체결했다고  일 밝혔다 이번 사업은  태국의 디벨로퍼사인 CEWA Charoen Energy and Water Asia Co  Ltd 가 라오스 정부와 사업개발협약 체결 후 한국서부발전과 공동으로 추진 중이며  지난  월에는 한국해외인프라도시개발지원공사 KIND 와  자 간 투자 협약이 이뤄졌다 두산중공업은 이번 협약을 통해 한국서부발전과 라오스 푸노이 수력사업을 공동 개발하고  수력발전 분야 핵심 기자재의 국산화 및 수출 판로개척 등에 협력하기로 했다 푸노이 수력발전소는 라오스 남부 참파삭주 팍세시에  MW 규모로 건설된다  BOT Build Operate Transfer  방식으로 추진되며  총 사업비는 약  억달러 규모이다  두산중공업은 주요 기자재 공급과 건설을 담당하는 EPC 방식으로 사업을 수행할 계획이다  내년  월 양사가 공동으로 현장 조사 후 기본 설계를 수행하고   년 건설을 시작해  년 완공할 예정이다 두산중공업 박인원 플랜트 EPC BG장은  최근 수력은 물론 풍력  수소 등 두산중공업이 추진하는 친환경 에너지 사업에서 성과가 나타나고 있다 며  앞으로도 국내외 수력발전 사업 기회가 확대될 전망인 만큼 주요 기자재  설계 등의 국산화 속도를 높이고  국내 유관 산업 활성화를 위해 앞장서겠다 고 말했다 [이상규 기자 boyondal mkinternet com]  네이버 메인에서  매일경제 를 받아보세요  궁금한 제조과정 영상으로 보세요   이렇게 만들죠  매일매일 색다른 뉴스레터  매콤달콤  구독하세요 [  매일경제   mk co kr  무단전재 및 재배포 금지],2020-12-01,-7.46,-1.0
102,102,두산중공업  한국서부발전과 라오스 푸노이 수력발전사업 공동 개발,2020.11.30 15:41, 일  두산중공업 서울사무소에서 열린 라오스 수력발전사업 MOU 체결식에서 한국서부발전 송재섭 기획관리본부장 사진 왼쪽 과 두산중공업 박인원 플랜트 EPC BG장이 협약 체결 후 기념촬영을 하고 있다  [사진 제공   두산중공업] 두산중공업은  한국서부발전과 라오스 푸노이 Phou Ngoy  수력발전사업 개발을 위한 협약을 체결했다고  일 밝혔다 이번 사업은  태국의 디벨로퍼사인 CEWA Charoen Energy and Water Asia Co  Ltd 가 라오스 정부와 사업개발협약 체결 후 한국서부발전과 공동으로 추진 중이며  지난  월에는 한국해외인프라도시개발지원공사 KIND 와  자 간 투자 협약이 이뤄졌다 두산중공업은 이번 협약을 통해 한국서부발전과 라오스 푸노이 수력사업을 공동 개발하고  수력발전 분야 핵심 기자재의 국산화 및 수출 판로개척 등에 협력하기로 했다 푸노이 수력발전소는 라오스 남부 참파삭주 팍세시에  MW 규모로 건설된다  BOT Build Operate Transfer  방식으로 추진되며  총 사업비는 약  억달러 규모이다  두산중공업은 주요 기자재 공급과 건설을 담당하는 EPC 방식으로 사업을 수행할 계획이다  내년  월 양사가 공동으로 현장 조사 후 기본 설계를 수행하고   년 건설을 시작해  년 완공할 예정이다 두산중공업 박인원 플랜트 EPC BG장은  최근 수력은 물론 풍력  수소 등 두산중공업이 추진하는 친환경 에너지 사업에서 성과가 나타나고 있다 며  앞으로도 국내외 수력발전 사업 기회가 확대될 전망인 만큼 주요 기자재  설계 등의 국산화 속도를 높이고  국내 유관 산업 활성화를 위해 앞장서겠다 고 말했다 [이상규 기자 boyondal mkinternet com]  네이버 메인에서  매일경제 를 받아보세요  궁금한 제조과정 영상으로 보세요   이렇게 만들죠  매일매일 색다른 뉴스레터  매콤달콤  구독하세요 [  매일경제   mk co kr  무단전재 및 재배포 금지],2020-12-01,-7.46,-1.0
103,103,두산중공업 가스터빈 개발 내년 열병합발전소 적용,2020.11.30 15:42,두산중공업 창원 본사에서 지난  월 진행한 발전용 대형 가스터빈 최종조립 작업 모습  두산중공업 제공 [파이낸셜뉴스] 정부가 가스터빈산업 경쟁력 강화 방안을 발표한 가운데 두산중공업이 진행 중인 발전용 가스터빈 개발 진척 상황에도 관심이 집중되고 있다 월  일 관련 업계에 따르면 지난  년부터 산업통상자원부와 한국에너지기술평가원의 지원을 받아 국책 과제로 발전용 대형 가스터빈 개발에 착수한 두산중공업은 지난해  월 최종 조립행사를 열고  MW 가스터빈 모델을 공개한 바 있다  해당 모델에 대해선 현재 창원 본사에서 성능을 시험하고 있다 시험에 성공하면 한국은 미국  독일  일본  이탈리아와 함께 발전용 대형 가스터빈 기술을 보유한  개 국가에 이름을 올리게 된다 시험이 완료되면 해당 모델의 가스터빈은 내년 착공에 들어가는 김포 열병합발전소에 바로 적용될 예정이다  김포 열병합발전소는 오는  년 중순 완공 후 본격적인 상업운전에 들어갈 계획이다 발전용 가스터빈이란 압축된 공기와 연료를 혼합  연소시켜 발생하는 고온 고압의 연소가스를 터빈의 블레이드를 통해 회전력으로 전환시키고  이때 터빈에 연결된 발전기를 통해 최종적으로 전기에너지를 생성하는 내연기관을 말한다 현재 국내 발전소에서 운영되고 있는 가스터빈은 총  기로 전량 해외 기업 제품이다  가스터빈 구매비용 약  조 억원에 유지보수  부대 및 기타비용 약  조 억원을 고려하면 약  조 억원에 이른다 이와 별도로 두산중공업은 올해  월 한국에너지기술평가원에서 추진하는  분산발전 가스터빈용 수소 전소 저 질소산화물 NOx  연소기 개발  주관기관에 선정돼 오는  년까지 기술개발을 완료할 계획이다 한편 국내 가스 발전 시장은 점차 확대될 전망이다   년 말 발표된  차 전력수급기본계획과 노후 복합발전소  석탄발전소 리파워링을 고려하면  오는  년까지 국내에 가스터빈이 필요한 복합발전소 신규 건설 규모는  GW 수준에 이를 전망이다 pja fnnews com 박지애 기자  헉  소리나는 스 토리 뉴스 [헉스]   아는 척 하고 싶은 당신을 위한 [두유노우]  날로먹고 구워먹는 금융이슈 [파인애플]  저작권자   파이낸셜뉴스  무단 전재 재배포 금지,2020-12-01,-7.46,-1.0
104,104,두산중공업 가스터빈 개발 내년 열병합발전소 적용,2020.11.30 15:42,두산중공업 창원 본사에서 지난  월 진행한 발전용 대형 가스터빈 최종조립 작업 모습  두산중공업 제공 [파이낸셜뉴스] 정부가 가스터빈산업 경쟁력 강화 방안을 발표한 가운데 두산중공업이 진행 중인 발전용 가스터빈 개발 진척 상황에도 관심이 집중되고 있다 월  일 관련 업계에 따르면 지난  년부터 산업통상자원부와 한국에너지기술평가원의 지원을 받아 국책 과제로 발전용 대형 가스터빈 개발에 착수한 두산중공업은 지난해  월 최종 조립행사를 열고  MW 가스터빈 모델을 공개한 바 있다  해당 모델에 대해선 현재 창원 본사에서 성능을 시험하고 있다 시험에 성공하면 한국은 미국  독일  일본  이탈리아와 함께 발전용 대형 가스터빈 기술을 보유한  개 국가에 이름을 올리게 된다 시험이 완료되면 해당 모델의 가스터빈은 내년 착공에 들어가는 김포 열병합발전소에 바로 적용될 예정이다  김포 열병합발전소는 오는  년 중순 완공 후 본격적인 상업운전에 들어갈 계획이다 발전용 가스터빈이란 압축된 공기와 연료를 혼합  연소시켜 발생하는 고온 고압의 연소가스를 터빈의 블레이드를 통해 회전력으로 전환시키고  이때 터빈에 연결된 발전기를 통해 최종적으로 전기에너지를 생성하는 내연기관을 말한다 현재 국내 발전소에서 운영되고 있는 가스터빈은 총  기로 전량 해외 기업 제품이다  가스터빈 구매비용 약  조 억원에 유지보수  부대 및 기타비용 약  조 억원을 고려하면 약  조 억원에 이른다 이와 별도로 두산중공업은 올해  월 한국에너지기술평가원에서 추진하는  분산발전 가스터빈용 수소 전소 저 질소산화물 NOx  연소기 개발  주관기관에 선정돼 오는  년까지 기술개발을 완료할 계획이다 한편 국내 가스 발전 시장은 점차 확대될 전망이다   년 말 발표된  차 전력수급기본계획과 노후 복합발전소  석탄발전소 리파워링을 고려하면  오는  년까지 국내에 가스터빈이 필요한 복합발전소 신규 건설 규모는  GW 수준에 이를 전망이다 pja fnnews com 박지애 기자  헉  소리나는 스 토리 뉴스 [헉스]   아는 척 하고 싶은 당신을 위한 [두유노우]  날로먹고 구워먹는 금융이슈 [파인애플]  저작권자   파이낸셜뉴스  무단 전재 재배포 금지,2020-12-01,-7.46,-1.0
105,105,두산중공업  한국서부발전과 라오스   수력발전 공동개발 MOU,2020.11.30 17:50,풍력 수소 수력 등 친환경 에너지 영토 확장 두산중공업과 한국서부발전은  일 두산중공업 서울사무소에서 라오스 수력발전 공동개발 MOU를 체결했다  송재섭 한국서부발전 기획관리본부장 왼쪽 과 박인원두산중공업 플랜트 EPC BG장이 협약 체결 후 기념촬영중이다   사진제공   두산중공업 두산중공업은 한국서부발전과 라오스 푸노이 Phou Ngoy  수력발전사업 개발을 위한 협약 MOU 을 체결했다고  일 밝혔다  이번 사업은 태국 디벨로퍼사 CEWA Charoen Energy and Water Asia Co  Ltd 가 라오스 정부와 사업개발협약 체결 후 한국서부발전과 공동으로 추진 중이며 지난  월에는 한국해외인프라도시개발지원공사 KIND 와  자 간 투자 협약도 이뤄졌다  푸노이 수력발전소는 라오스 남부 참파삭주 팍세시에   규모로 건설된다  BOT Build Operate Transfer  방식으로 추진되며 총 사업비는 약  억불 규모다 두산중공업은 이번 협약을 통해 한국서부발전과 라오스 푸노이 수력사업을 공동 개발하고 수력발전 분야 핵심 기자재 국산화 및 수출 판로개척 등에 협력하기로 했다 두산중공업은 주요 기자재 공급과 건설을 담당하는 EPC 방식으로 사업을 수행할 계획이다  내년  월 양사가 공동으로 현장 조사 후 기본 설계를 수행하고   년 건설을 시작해  년 완공할 예정이다 박인원 두산중공업 플랜트 EPC BG장은  최근 수력은 물론 풍력  수소 등 두산중공업이 추진하는 친환경 에너지 사업에서 성과가 나타나고 있다 며  앞으로도 국내외 수력발전 사업 기회가 확대될 전망인 만큼 주요 기자재  설계 등 국산화 속도를 높이고 국내 유관 산업 활성화를 위해 앞장서겠다 고 말했다 두산중공업은 최근 친환경 수력발전 사업을 적극 확대하고 있다  지난  월 한국남동발전과  억원 규모의 네팔 어퍼트리슐리  수력발전소 계약을 체결했으며  파키스탄 수력발전 사업 참여도 추진하기로 했다   월에는 한국중부발전과 해외 수력시장 진출을 위한 협약을 체결했다 두산중공업은 지난해  월 수력발전 분야 글로벌 선도 기업인 오스트리아 안드리츠와 사업 및 기술협력 협약을 체결해 수력발전 설계 기술의 자립 발판을 마련했으며  국내외 수력발전 사업 확대를 위해 한수원과 공동으로 수력발전용  급 수차 발전기 국산화를 추진하고 있다 [한우람 기자]  네이버 메인에서  매일경제 를 받아보세요  궁금한 제조과정 영상으로 보세요   이렇게 만들죠  매일매일 색다른 뉴스레터  매콤달콤  구독하세요 [  매일경제   mk co kr  무단전재 및 재배포 금지],2020-12-01,-7.46,-1.0
106,106,두산중공업  한국서부발전과 라오스   수력발전 공동개발 MOU,2020.11.30 17:50,풍력 수소 수력 등 친환경 에너지 영토 확장 두산중공업과 한국서부발전은  일 두산중공업 서울사무소에서 라오스 수력발전 공동개발 MOU를 체결했다  송재섭 한국서부발전 기획관리본부장 왼쪽 과 박인원두산중공업 플랜트 EPC BG장이 협약 체결 후 기념촬영중이다   사진제공   두산중공업 두산중공업은 한국서부발전과 라오스 푸노이 Phou Ngoy  수력발전사업 개발을 위한 협약 MOU 을 체결했다고  일 밝혔다  이번 사업은 태국 디벨로퍼사 CEWA Charoen Energy and Water Asia Co  Ltd 가 라오스 정부와 사업개발협약 체결 후 한국서부발전과 공동으로 추진 중이며 지난  월에는 한국해외인프라도시개발지원공사 KIND 와  자 간 투자 협약도 이뤄졌다  푸노이 수력발전소는 라오스 남부 참파삭주 팍세시에   규모로 건설된다  BOT Build Operate Transfer  방식으로 추진되며 총 사업비는 약  억불 규모다 두산중공업은 이번 협약을 통해 한국서부발전과 라오스 푸노이 수력사업을 공동 개발하고 수력발전 분야 핵심 기자재 국산화 및 수출 판로개척 등에 협력하기로 했다 두산중공업은 주요 기자재 공급과 건설을 담당하는 EPC 방식으로 사업을 수행할 계획이다  내년  월 양사가 공동으로 현장 조사 후 기본 설계를 수행하고   년 건설을 시작해  년 완공할 예정이다 박인원 두산중공업 플랜트 EPC BG장은  최근 수력은 물론 풍력  수소 등 두산중공업이 추진하는 친환경 에너지 사업에서 성과가 나타나고 있다 며  앞으로도 국내외 수력발전 사업 기회가 확대될 전망인 만큼 주요 기자재  설계 등 국산화 속도를 높이고 국내 유관 산업 활성화를 위해 앞장서겠다 고 말했다 두산중공업은 최근 친환경 수력발전 사업을 적극 확대하고 있다  지난  월 한국남동발전과  억원 규모의 네팔 어퍼트리슐리  수력발전소 계약을 체결했으며  파키스탄 수력발전 사업 참여도 추진하기로 했다   월에는 한국중부발전과 해외 수력시장 진출을 위한 협약을 체결했다 두산중공업은 지난해  월 수력발전 분야 글로벌 선도 기업인 오스트리아 안드리츠와 사업 및 기술협력 협약을 체결해 수력발전 설계 기술의 자립 발판을 마련했으며  국내외 수력발전 사업 확대를 위해 한수원과 공동으로 수력발전용  급 수차 발전기 국산화를 추진하고 있다 [한우람 기자]  네이버 메인에서  매일경제 를 받아보세요  궁금한 제조과정 영상으로 보세요   이렇게 만들죠  매일매일 색다른 뉴스레터  매콤달콤  구독하세요 [  매일경제   mk co kr  무단전재 및 재배포 금지],2020-12-01,-7.46,-1.0
107,107,두산중공업  유상증자 확정발행가액  원,2020.12.01 09:46,[헤럴드경제 증권부] 두산중공업은 유상증자 신주발행가액이  원으로 확정됐다고  일 공시했다 totoro heraldcorp com 환경적 대화기구  헤럴드에코 밀리터리 전문 콘텐츠  헤밀 헤럴드경제 네이버 채널 구독  Copyrights   헤럴드경제   heraldbiz com  무단 전재 및 재배포 금지  ,2020-12-01,-7.46,-1.0
108,108,두산중공업  유상증자 신주발행가액  원 확정,2020.12.01 09:50,[이데일리 김호준 기자] 두산중공업 은 유상증자 신주발행가액이  원으로 확정됐다고  일 공시했다 김호준  kazzyy edaily co kr   시간 빠른  미리보는 뉴스  eNews  네이버에서  이데일리 뉴스 를 만나보세요  빡침해소  청춘뉘우스  스냅타임 종합 경제정보 미디어 이데일리   무단전재   재배포 금지 ,2020-12-01,-7.46,-1.0
109,109,[공시]두산중공업  유상증자 신주발행가액  원 확정,2020.12.01 13:22,[파이낸셜뉴스] 두산중공업은 유상증자 신주발행가액이  원으로 확정됐다고  일 공시했다 ggg fnnews com 강구귀 기자  헉  소리나는 스 토리 뉴스 [헉스]   아는 척 하고 싶은 당신을 위한 [두유노우]  날로먹고 구워먹는 금융이슈 [파인애플]  저작권자   파이낸셜뉴스  무단 전재 재배포 금지,2020-12-01,-7.46,-1.0
110,110,우리기술  두산중공업과  억 만원 규모 공급계약 체결,2020.12.03 11:29,[아시아경제 오주연 기자] 우리기술은 두산중공업과  억 만원 규모의 국내 MMIS 디지털트윈 시스템 개발 DCS 소프트웨어 용역계약을 체결했다고  일 공시했다  이는 최근 매출액 대비  에 해당한다 오주연 기자 moon asiae co kr   년 신축년  신년운세와 토정비결은  발 빠른 최신 뉴스  네이버 메인에서 바로 보기  요즘 트렌드 모아보고 싶을 땐  드링킷 경제를 보는 눈  세계를 보는 창 아시아경제 무단전재 배포금지 ,2020-12-03,-0.33,0.0
111,111,우리기술  두산중공업과  억 규모 용역 계약,2020.12.03 11:41,[헤럴드경제 증권부] 우리기술은 두산중공업과 국내 MMIS 디지털트윈 시스템 개발 DCS 소프트웨어 용역계약을 체결했다고  일 공시했다 계약금액은  억 만원이며 이는  년 매출 대비  에 해당하는 규모이다 계약기간은  년  월  일까지다 totoro heraldcorp com 환경적 대화기구  헤럴드에코 밀리터리 전문 콘텐츠  헤밀 헤럴드경제 네이버 채널 구독  Copyrights   헤럴드경제   heraldbiz com  무단 전재 및 재배포 금지  ,2020-12-03,-0.33,0.0
112,112,우리기술  두산중공업과  억원 규모 소프트웨어 용역 계약 체결,2020.12.03 13:47,[이데일리 고준혁 기자] 우리기술 은 두산중공업 과  억원 규모의 MMIS 디지털트윈 시스템 개발 DCS 소프트웨어 용역 계약을 체결했다고  일 공시했다  계약 규모는 지난해 매출액의  에 해당한다  계약기간은 전날부터 오는  년  월  일까지다 고준혁  kotaeng edaily co kr   시간 빠른  미리보는 뉴스  eNews  네이버에서  이데일리 뉴스 를 만나보세요  빡침해소  청춘뉘우스  스냅타임 종합 경제정보 미디어 이데일리   무단전재   재배포 금지 ,2020-12-03,-0.33,0.0
113,113,두산중공업  두산인프라코어 지분 매각 본입찰 진행중 ,2020.12.04 17:49,[이데일리 배진솔 기자] 두산중공업 은 자회사 두산인프라코어의 지분 매각설에 대해  재무구조개선을 위한 자구책 일환으로 본입찰에 대한 지분매각을 진행하고 있지만 확정된 것은 없다 고  일 공시했다 향후 매각과 관련해  년  월 일까지 재공시하기로 했다 배진솔  sincere edaily co kr   시간 빠른  미리보는 뉴스  eNews  네이버에서  이데일리 뉴스 를 만나보세요  빡침해소  청춘뉘우스  스냅타임 종합 경제정보 미디어 이데일리   무단전재   재배포 금지 ,2020-12-07,-3.36,-1.0
114,114,두산중공업  두산인프라코어 지분 매각 본입찰 진행중 ,2020.12.04 17:49,[이데일리 배진솔 기자] 두산중공업 은 자회사 두산인프라코어의 지분 매각설에 대해  재무구조개선을 위한 자구책 일환으로 본입찰에 대한 지분매각을 진행하고 있지만 확정된 것은 없다 고  일 공시했다 향후 매각과 관련해  년  월 일까지 재공시하기로 했다 배진솔  sincere edaily co kr   시간 빠른  미리보는 뉴스  eNews  네이버에서  이데일리 뉴스 를 만나보세요  빡침해소  청춘뉘우스  스냅타임 종합 경제정보 미디어 이데일리   무단전재   재배포 금지 ,2020-12-07,-3.36,-1.0
115,115,[마켓인사이트]두산중공업    유상증자 성공,2020.12.07 11:45,주주 및 우리사주 청약률   기록 시세보다 싸게 매수할 기회로 판단 이 기사는  월 일  자본시장의 혜안  마켓인사이트 에 게재된 기사입니다 조 억원대 유상증자에 나선 두산중공업이 목표한 투자수요를 확보하는 데 성공했다  주가가 신주 발행가격보다   이상 높은 수준을 유지한 것이 임직원과 주주들의 관심을 끌었다는 평가다 두산중공업은 지난  일 주주와 우리사주조합을 상대로 진행한  조 억원 규모 유상증자 청약을 진행할 결과  의 청약률을 기록했다고  일 공시했다  우리사주 청약률이  를 기록했지만 여러 주주가 초과청약을 하며 적극적인 투자의향을 보인 덕분에 목표금액을 채웠다 두산중공업은 이번 청약에서 목표한 투자수요를 모두 확보했지만 초과청약을 한 주주들을 상대로 한 신주 배정과정에서 발생한 단수주  만 주를 일반 투자자에 넘기기로 했다  오는  일 일반 공모를 진행해 투자자를 모집할 계획이다  물량이 적어 치열한 매수경쟁이 벌어질 것이란 관측에 힘이 실린다 주주들은 시세보다 훨씬 저렴한 가격에 신주를 살 수 있다고 판단하고 적극적으로 청약에 참여했다  지난  일 두산중공업 주가는  만 원으로 신주 발행가격 원 보다   높다  정부가 내놓은 그린 뉴딜 정책의 수혜주가 될 것이란 기대가 주가를 받쳐주고 있다는 평가다  두산중공업은 해상풍력 등 신재생에너지 분야를 새 먹거리로 키우고 있다  최근엔 박정원 회장 등 두산그룹 대주주 일가  명이 보유한 연료전지업체 두산퓨얼셀 보통주  만 주 우선주 포함 기준 지분율  도 증여 받았다 두산중공업은 이번 유상증자로 확보한  조 억원을 모두 산업은행과 수출입은행으로부터 빌린 자금을 갚는 데 사용할 계획이다 김진성 기자 jskim hankyung com  한경 고품격 뉴스레터  원클릭으로 구독하세요  네이버에서 한국경제 뉴스를 받아보세요  모바일한경 구독신청  한국경제   hankyung com  무단전재 및 재배포 금지,2020-12-07,-3.36,-1.0
116,116,[마켓인사이트]두산중공업    유상증자 성공,2020.12.07 11:45,주주 및 우리사주 청약률   기록 시세보다 싸게 매수할 기회로 판단 이 기사는  월 일  자본시장의 혜안  마켓인사이트 에 게재된 기사입니다 조 억원대 유상증자에 나선 두산중공업이 목표한 투자수요를 확보하는 데 성공했다  주가가 신주 발행가격보다   이상 높은 수준을 유지한 것이 임직원과 주주들의 관심을 끌었다는 평가다 두산중공업은 지난  일 주주와 우리사주조합을 상대로 진행한  조 억원 규모 유상증자 청약을 진행할 결과  의 청약률을 기록했다고  일 공시했다  우리사주 청약률이  를 기록했지만 여러 주주가 초과청약을 하며 적극적인 투자의향을 보인 덕분에 목표금액을 채웠다 두산중공업은 이번 청약에서 목표한 투자수요를 모두 확보했지만 초과청약을 한 주주들을 상대로 한 신주 배정과정에서 발생한 단수주  만 주를 일반 투자자에 넘기기로 했다  오는  일 일반 공모를 진행해 투자자를 모집할 계획이다  물량이 적어 치열한 매수경쟁이 벌어질 것이란 관측에 힘이 실린다 주주들은 시세보다 훨씬 저렴한 가격에 신주를 살 수 있다고 판단하고 적극적으로 청약에 참여했다  지난  일 두산중공업 주가는  만 원으로 신주 발행가격 원 보다   높다  정부가 내놓은 그린 뉴딜 정책의 수혜주가 될 것이란 기대가 주가를 받쳐주고 있다는 평가다  두산중공업은 해상풍력 등 신재생에너지 분야를 새 먹거리로 키우고 있다  최근엔 박정원 회장 등 두산그룹 대주주 일가  명이 보유한 연료전지업체 두산퓨얼셀 보통주  만 주 우선주 포함 기준 지분율  도 증여 받았다 두산중공업은 이번 유상증자로 확보한  조 억원을 모두 산업은행과 수출입은행으로부터 빌린 자금을 갚는 데 사용할 계획이다 김진성 기자 jskim hankyung com  한경 고품격 뉴스레터  원클릭으로 구독하세요  네이버에서 한국경제 뉴스를 받아보세요  모바일한경 구독신청  한국경제   hankyung com  무단전재 및 재배포 금지,2020-12-07,-3.36,-1.0
117,117,[시그널] 그린뉴딜 수혜 기대 두산중공업   조 유증 성공,2020.12.07 13:29,유증 청약률   기록 낮은 신주가 퓨얼셀 최대주주 등극 호재 블랙록은 두산퓨얼셀 지분   취득 [서울경제] 두산중공업 이  조 억원 규모의 유상증자에 성공했다  낮은 신주발행가에 두산중공업이 그린뉴딜 수혜주로 부각된 점이 투자 심리를 자극했다 두산중공업은  일 진행한  조 억원 규모 유상증자 청약률이  를 기록했다고  일 밝혔다  우리사주조합 및 구주주를 대상으로 진행된 이번 유증의 발행 주식 수는  억 만 주였고 청약 주식 수는  억 만 주였다 두산중공업은 이번 청약에서 투자 수요를 모두 확보했지만  초과 청약한 주주들을 대상으로 신주 배정에서 발생한 단수주 주 미만으로 배정돼 발행되지 않은 주식   만 주는 일반 투자자에 넘길 예정이다   일 공모를 진행해 투자자를 모집한다 이번 유증이 성공할 수 있었던 비결은 신주 인수 가격이 최근 주가 대비  가량 낮은 점이었다  유증 모집가액은  원이었다  지난달  일부터  일 주가의 가중산술 평균에   할인된 금액이 적용됐다   일 두산중공업 주가가  만 원인 점을 고려하면   낮다 정부가 그린뉴딜정책을 통해 신재생에너지 분야에 대한 투자를 확대하는 상황에서 두산중공업이 수혜를 볼 것이란 전망도 영향을 줬다  두산 오너가가 두산중공업 정상화에 온 힘을 다하고 있는 점 역시 호재다  앞서 박정원 회장 등  두산 대주주들은 보유 중인  억원 규모 두산퓨얼셀  보통주 일부 지분 을 두산중공업에 무상증여 한 바 있다  이를 통해 두산중공업은 두산퓨얼셀 지분  우선주 포함 발행주식총수 기준 을 보유한 최대주주가 됐다  두산 퓨얼셀은 발전용 연료전지 기술을 주력으로 하는 기업이다  가스터빈과 풍력  수소 등 친환경 에너지 사업에 박차를 가하고 있는 두산중공업은 수소연료전지 원천기술을 가진 두산퓨얼셀 최대주주가 되면서 시너지를 기대할 수 있게 됐다 두산퓨얼셀이 성장할 것이란 기대감에 최근 세계 최대 자산운용사인 블랙록은 장내 매수를 통해 지난달  일 지분  를 단순투자 목적으로 취득하기도 했다 한편 이번 유증 성공에 따라 대표 주관사 업무를 맡았던 한국투자증권 억원 과 NH투자증권 억원 은 수수료로  억원을 받을 전망이다 강도원기자 theone sedaily com   분 만 투자하세요 [김영필의 월스트리트]  정치권 속사정이 궁금하다면 [여쏙야쏙]  네이버 채널에서  서울경제  구독해주세요 저작권자   서울경제  무단 전재 및 재배포 금지,2020-12-07,-3.36,-1.0
118,118,[시그널] 그린뉴딜 수혜 기대 두산중공업   조 유증 성공,2020.12.07 13:29,유증 청약률   기록 낮은 신주가 퓨얼셀 최대주주 등극 호재 블랙록은 두산퓨얼셀 지분   취득 [서울경제] 두산중공업 이  조 억원 규모의 유상증자에 성공했다  낮은 신주발행가에 두산중공업이 그린뉴딜 수혜주로 부각된 점이 투자 심리를 자극했다 두산중공업은  일 진행한  조 억원 규모 유상증자 청약률이  를 기록했다고  일 밝혔다  우리사주조합 및 구주주를 대상으로 진행된 이번 유증의 발행 주식 수는  억 만 주였고 청약 주식 수는  억 만 주였다 두산중공업은 이번 청약에서 투자 수요를 모두 확보했지만  초과 청약한 주주들을 대상으로 신주 배정에서 발생한 단수주 주 미만으로 배정돼 발행되지 않은 주식   만 주는 일반 투자자에 넘길 예정이다   일 공모를 진행해 투자자를 모집한다 이번 유증이 성공할 수 있었던 비결은 신주 인수 가격이 최근 주가 대비  가량 낮은 점이었다  유증 모집가액은  원이었다  지난달  일부터  일 주가의 가중산술 평균에   할인된 금액이 적용됐다   일 두산중공업 주가가  만 원인 점을 고려하면   낮다 정부가 그린뉴딜정책을 통해 신재생에너지 분야에 대한 투자를 확대하는 상황에서 두산중공업이 수혜를 볼 것이란 전망도 영향을 줬다  두산 오너가가 두산중공업 정상화에 온 힘을 다하고 있는 점 역시 호재다  앞서 박정원 회장 등  두산 대주주들은 보유 중인  억원 규모 두산퓨얼셀  보통주 일부 지분 을 두산중공업에 무상증여 한 바 있다  이를 통해 두산중공업은 두산퓨얼셀 지분  우선주 포함 발행주식총수 기준 을 보유한 최대주주가 됐다  두산 퓨얼셀은 발전용 연료전지 기술을 주력으로 하는 기업이다  가스터빈과 풍력  수소 등 친환경 에너지 사업에 박차를 가하고 있는 두산중공업은 수소연료전지 원천기술을 가진 두산퓨얼셀 최대주주가 되면서 시너지를 기대할 수 있게 됐다 두산퓨얼셀이 성장할 것이란 기대감에 최근 세계 최대 자산운용사인 블랙록은 장내 매수를 통해 지난달  일 지분  를 단순투자 목적으로 취득하기도 했다 한편 이번 유증 성공에 따라 대표 주관사 업무를 맡았던 한국투자증권 억원 과 NH투자증권 억원 은 수수료로  억원을 받을 전망이다 강도원기자 theone sedaily com   분 만 투자하세요 [김영필의 월스트리트]  정치권 속사정이 궁금하다면 [여쏙야쏙]  네이버 채널에서  서울경제  구독해주세요 저작권자   서울경제  무단 전재 및 재배포 금지,2020-12-07,-3.36,-1.0
119,119,두산중공업  현대중공업  두산인프라코어 우선매각협상자 선정 ,2020.12.10 17:20,[이데일리 왕해나 기자]두산중공업이  재무구조개선을 위한 자구안의 일환으로 자회사인 두산인프라코어 지분매각을 위해 현대중공업지주 KDB인베스트먼트를 우선협상대상자로 선정했다 고  일 공시했다 왕해나  haena edaily co kr   시간 빠른  미리보는 뉴스  eNews  네이버에서  이데일리 뉴스 를 만나보세요  빡침해소  청춘뉘우스  스냅타임 종합 경제정보 미디어 이데일리   무단전재   재배포 금지 ,2020-12-11,1.03,0.0
120,120,두산중공업  현대중공업  두산인프라코어 우선매각협상자 선정 ,2020.12.10 17:20,[이데일리 왕해나 기자]두산중공업이  재무구조개선을 위한 자구안의 일환으로 자회사인 두산인프라코어 지분매각을 위해 현대중공업지주 KDB인베스트먼트를 우선협상대상자로 선정했다 고  일 공시했다 왕해나  haena edaily co kr   시간 빠른  미리보는 뉴스  eNews  네이버에서  이데일리 뉴스 를 만나보세요  빡침해소  청춘뉘우스  스냅타임 종합 경제정보 미디어 이데일리   무단전재   재배포 금지 ,2020-12-11,1.03,0.0
121,121,두산중공업  현대  두산인프라 매각 우선협상대상자 선정,2020.12.10 17:23,[머니투데이 안정준 기자] 두산중공업은 두산인프라코어 지분 매각 관련 본 입찰 결과   현대중공업지주 컨소시엄을 우선협상대상자로 선정했다 고  일 밝혔다 두산중공업은 두산인프라코어 지분  을 보유한 최대 주주로 우선협상대상자로 선정한 현대중공업지주 컨소시엄과 계약서 협의를 거쳐 빠른 시간 내에 본 계약을 체결할 예정이다 안정준 기자  up mt co kr 부동산 투자는 [부릿지] 조 변호사의 가정상담소 줄리아 투자노트 저작권자    돈이 보이는 리얼타임 뉴스  머니투데이  무단전재 및 재배포 금지 ,2020-12-11,1.03,0.0
122,122,두산중공업   천억 규모 호주 ESS 수주,2020.12.15 08:20,서울 강남구 두산중공업 서울사무소  사진 뉴스 [파이낸셜뉴스] 두산중공업은 미국 자회사인 두산그리드텍이 신재생에너지 민자발전사인 뷔나에너지로부터 호주 퀸즈랜드주 최대 에너지저장시스템 ESS 을 수주했다고  일 밝혔다 지금까지 두산중공업의 ESS 수주 가운데 최대 규모로 총 사업비는  억원이다 싱가포르에 본사를 둔 뷔나에너지는 아시아태평양 지역의 대표적 재생에너지 민자발전사 IPP 다  호주  인도  인도네시아  일본 등에서  기가와트 이상의 재생에너지 발전단지를 운영  개발 중이다 두산그리드텍은 자체 보유한 ESS 소프트웨어와 시스템통합 역량을 바탕으로 설계에서부터 기자재 공급  시공까지 일괄 수행하는 설계 공급 시공 EPC  방식으로  년까지 ESS를 공급할 계획이다  이번에 공급되는 ESS는  MWh 규모로  만 여가구에 하루동안 전력을 공급할 수 있는 수준이다 ESS는 디지털 기술과 친환경 그린에너지가 접목되는 사업으로 평가된다  피크 전력 수요 관리와 신재생 발전원의 출력 안정화 등 용도로 쓰인다 이번에 공급하는 ESS는 두산그리드텍의 제어용 소프트웨어인  DG IC 를 적용해 호주 퀸즈랜드주 전력망에 직접 연계하는 피크저감형이다  전력 사용량이 적은 시간대에 전기를 비축해 두었다가 사용량이 많은 피크 시간에 공급하는 차익거래 방식으로 운영된다 송용진 두산중공업 전략 혁신부문장은  이번 수주로 두산중공업의 ESS 기술과 경쟁력을 다시 한번 입증하게 됐다 면서  이번 프로젝트를 발판으로 급성장이 예상되는 호주 ESS시장에서도 사업을 확대해 나갈 것 이라고 말했다 한편 에너지시장 분석 업체인 블룸버그 뉴에너지 파이낸스 BNEF 에 따르면 호주 ESS시장 누적 설치 용량 은  년  GWh 규모에서  년  GWh   년  GWh로  년간  배 이상 급성장할 것으로 전망된다 kim fnnews com 김영권 기자  헉  소리나는 스 토리 뉴스 [헉스]   아는 척 하고 싶은 당신을 위한 [두유노우]  날로먹고 구워먹는 금융이슈 [파인애플]  저작권자   파이낸셜뉴스  무단 전재 재배포 금지,2020-12-15,-0.69,0.0
123,123,두산중공업  호주 퀸즐랜드 최대 에너지저장시스템 수주,2020.12.15 10:33,두산중공업은 미국 자회사인 두산그리드텍이 신재생에너지 발전사 뷔나에너지를 통해 호주 퀸즐랜드주 최대 에너지저장시스템 ESS 을 수주했다고  일 밝혔다 두산중공업이 수주한 ESS 중 최대 규모로  총사업비는 약  억원이다  이번 ESS는  메가와트시 MWh  규모로   만 여 가구에 하루 동안 전력을 공급할 수 있다 ESS는 두산그리드텍의 제어용 소프트웨어인  DG IC 가 적용돼 전력 사용량이 적은 시간대에 전기를 비축했다가 사용량이 많은 피크 시간에 공급하는 차익거래로 운영된다 두산중공업은 EPC 설계 조달 시공  방식으로  년까지 ESS를 공급할 계획이다  싱가포르에 본사를 둔 뷔나에너지는 아시아태평양 지역의 대표 재생에너지 민자발전사 IPP 로 호주와 인도  인도네시아 등에서  GW 기가와트 의 재생에너지 발전단지를 운영하고 있다  송용진 두산중공업 전략 신부문장은  이번 수주로 두산중공업의 ESS 기술력을 다시 한번 입증하게 됐다 고 밝혔다 최만수 기자 bebop hankyung com  한경 고품격 뉴스레터  원클릭으로 구독하세요  네이버에서 한국경제 뉴스를 받아보세요  모바일한경 구독신청  한국경제   hankyung com  무단전재 및 재배포 금지,2020-12-15,-0.69,0.0
124,124,두산중공업  호주 퀸즐랜드 최대 에너지저장시스템 수주,2020.12.15 10:33,두산중공업은 미국 자회사인 두산그리드텍이 신재생에너지 발전사 뷔나에너지를 통해 호주 퀸즐랜드주 최대 에너지저장시스템 ESS 을 수주했다고  일 밝혔다 두산중공업이 수주한 ESS 중 최대 규모로  총사업비는 약  억원이다  이번 ESS는  메가와트시 MWh  규모로   만 여 가구에 하루 동안 전력을 공급할 수 있다 ESS는 두산그리드텍의 제어용 소프트웨어인  DG IC 가 적용돼 전력 사용량이 적은 시간대에 전기를 비축했다가 사용량이 많은 피크 시간에 공급하는 차익거래로 운영된다 두산중공업은 EPC 설계 조달 시공  방식으로  년까지 ESS를 공급할 계획이다  싱가포르에 본사를 둔 뷔나에너지는 아시아태평양 지역의 대표 재생에너지 민자발전사 IPP 로 호주와 인도  인도네시아 등에서  GW 기가와트 의 재생에너지 발전단지를 운영하고 있다  송용진 두산중공업 전략 신부문장은  이번 수주로 두산중공업의 ESS 기술력을 다시 한번 입증하게 됐다 고 밝혔다 최만수 기자 bebop hankyung com  한경 고품격 뉴스레터  원클릭으로 구독하세요  네이버에서 한국경제 뉴스를 받아보세요  모바일한경 구독신청  한국경제   hankyung com  무단전재 및 재배포 금지,2020-12-15,-0.69,0.0
125,125,두산중공업  호주서 대규모 에너지저장시스템 수주,2020.12.15 13:47,호주 퀸즈랜드  최대 ESS  MWh 규모  총 사업비 약  억원 년  GWh  급성장하는 호주 ESS 시장 진입 발판 두산중공업의 미국 자회사인 두산그리드텍이 신재생에너지 민자발전사인 뷔나에너지 Vena Energy 로부터 호주 퀸즈랜드 Queensland 주 최대 에너지저장시스템 이하 ESS 을 수주했다고  일 밝혔다  지금까지 두산중공업의 ESS 수주 가운데 최대 규모로 총 사업비는 약  억원이다 싱가포르에 본사를 둔 뷔나에너지는 아시아태평양 지역의 대표적 재생에너지 민자발전사 IPP 로  호주  인도  인도네시아  일본 등에서  기가와트 이상의 재생에너지 발전단지를 운영  개발 중이다 두산그리드텍은 자체 보유한 ESS 소프트웨어와 시스템통합 역량을 바탕으로  설계에서부터 기자재 공급  시공까지 일괄 수행하는 EPC 방식으로  년까지 ESS를 공급할 계획이다  이번 ESS는  MWh 규모로   만  천여 가구에 하루동안 전력을 공급할 수 있는 규모다 ESS는 디지털 기술과 친환경 그린에너지가 접목되는 사업으로 평가되며  피크 전력 수요 관리와 신재생 발전원의 출력 안정화 등 용도로 쓰인다  이번에 공급하는 ESS는 두산그리드텍의 제어용 소프트웨어인 DG IC를 적용해 호주 퀸즈랜드주 전력망에 직접 연계하는 피크저감형이다  전력 사용량이 적은 시간대에 전기를 비축해 두었다가 사용량이 많은 피크 시간에 공급하는 차익거래 방식으로 운영될 예정이다 송용진 두산중공업 전략 혁신부문장은  이번 수주로 두산중공업의 ESS 기술과 경쟁력을 다시 한번 입증하게 됐다 면서  이번 프로젝트를 발판으로 급성장이 예상되는 호주 ESS시장에서도 사업을 확대해 나갈 것 이라고 밝혔다 호주의 ESS의 수요는 지속적으로 증가하고 있다  에너지시장 분석 업체인 블룸버그 뉴에너지 파이낸스 BNEF 에 따르면 호주 ESS시장 누적 설치 용량 은  년  GWh 규모에서  년  GWh   년  GWh로  년간  배 이상 급성장할 것으로 전망된다  조세일보 홈페이지   정회원 가입  조세일보 네이버 뉴스스탠드 구독 종합 경제 김상우 swkim joseilbo com 저작권자   조세일보 http www joseilbo com  무단전재 및 재배포 금지,2020-12-15,-0.69,0.0
126,126,두산중공업  호주서  억 규모 ESS 수주,2020.12.15 15:05,두산  ESS 수주금액 중 최대 퀸즈랜드주 최대 ESS  MWh 두산중공업 직원이 에너지저장장치 Energy Storage System ESS 를 관리하고 있다 사진제공 두산중공업 [서울경제] 두산중공업 이 호주에서  억 원 규모의 에너지저장장치 ESS  사업을 수주했다 두산중공업의 미국 자회사인 두산그리드텍은 신재생에너지 발전사 뷔나에너지로부터 호주 퀸즐랜드주의 ESS 사업을 수주했다고  일 밝혔다  총 사업비는 약  억 원으로 두산중공업이 수주한 ESS 사업 중 최대 규모다 싱가포르에 본사를 둔 뷔나에너지는 아시아 태평양 지역의 대표 재생에너지 민자 발전사다  호주와 인도 인도네시아 일본 등에서  GW 이상의 재생에너지 발전 단지를 운영 개발 중이다  이번에 두산그리드텍이 수주한 호주 ESS는  MWh 규모로  만  여 가구에 하루 동안 전력을 공급할 수 있는 양이다 두산그리드텍은 자체 보유한 ESS 소프트웨어와 시스템 통합 역량을 바탕으로 내년까지 ESS를 공급할 계획이다  전력 사용량이 적은 시간대에 전기를 비축해뒀다가 사용량이 많은 피크 시간에 공급하는 차익 거래 방식으로 운영될 예정이다  송용진 두산중공업 전략 혁신부문장은  이번 프로젝트를 발판으로 급성장이 예상되는 호주 ESS 시장에서 사업을 확대하겠다 고 밝혔다 서종갑기자 gap sedaily com  엄마 기자 취재수첩 [서지혜의 건강한 육아]   투자 알짜정보만 쏙쏙 [니하오 중국증시]  네이버 채널에서  서울경제  구독해주세요 저작권자   서울경제  무단 전재 및 재배포 금지,2020-12-16,-3.15,-1.0
127,127,두산중공업  호주서  억 규모 ESS 수주,2020.12.15 15:05,두산  ESS 수주금액 중 최대 퀸즈랜드주 최대 ESS  MWh 두산중공업 직원이 에너지저장장치 Energy Storage System ESS 를 관리하고 있다 사진제공 두산중공업 [서울경제] 두산중공업 이 호주에서  억 원 규모의 에너지저장장치 ESS  사업을 수주했다 두산중공업의 미국 자회사인 두산그리드텍은 신재생에너지 발전사 뷔나에너지로부터 호주 퀸즐랜드주의 ESS 사업을 수주했다고  일 밝혔다  총 사업비는 약  억 원으로 두산중공업이 수주한 ESS 사업 중 최대 규모다 싱가포르에 본사를 둔 뷔나에너지는 아시아 태평양 지역의 대표 재생에너지 민자 발전사다  호주와 인도 인도네시아 일본 등에서  GW 이상의 재생에너지 발전 단지를 운영 개발 중이다  이번에 두산그리드텍이 수주한 호주 ESS는  MWh 규모로  만  여 가구에 하루 동안 전력을 공급할 수 있는 양이다 두산그리드텍은 자체 보유한 ESS 소프트웨어와 시스템 통합 역량을 바탕으로 내년까지 ESS를 공급할 계획이다  전력 사용량이 적은 시간대에 전기를 비축해뒀다가 사용량이 많은 피크 시간에 공급하는 차익 거래 방식으로 운영될 예정이다  송용진 두산중공업 전략 혁신부문장은  이번 프로젝트를 발판으로 급성장이 예상되는 호주 ESS 시장에서 사업을 확대하겠다 고 밝혔다 서종갑기자 gap sedaily com  엄마 기자 취재수첩 [서지혜의 건강한 육아]   투자 알짜정보만 쏙쏙 [니하오 중국증시]  네이버 채널에서  서울경제  구독해주세요 저작권자   서울경제  무단 전재 및 재배포 금지,2020-12-16,-3.15,-1.0
128,128,[마켓브리핑]  조원 현금 확보한 두산중공업 CP 순상환 이어져,2020.12.17 08:55, 일  억 원 어치 CP 순상환 자산매각 유상증자 등 자구안 효과 두산인프라코어 지분 매각 협상도 진행 [서울경제] 두산중공업 이 전날 만기가 돌아온  억 원 규모 기업어음 CP 을 순상환했습니다   분기 들어 만기가 돌아오는 사채들을 차환 발행 없이 상환 중입니다   조 원이 훌쩍 넘는 유상증자를 마무리하는 등 연초 계획했던 자구안이 성공적으로 이행되는 영향으로 보입니다 회사가 보유하고 있는 두산인프라코어  지분  만 주 에 대해서도 현대중공업지주 KDB인베스트먼트 컨소시엄을 우선협상대상자로 선정하고 매각을 진행 중입니다  금액은 약  억 원 전후로 거론되고 있습니다 올해 두산 중공업은 그룹 차원에서 제시했던 자구안을 계획대로 이행해 왔습니다  지난  월 클럽모우 골프장을 하나금융 모아미래도 컨소시엄에  억 원에 매각했으며 박정원 회장 등 총수 일가의 두산퓨얼셀  지분 수증 억 원  주주배정 유상증자 조 억 원  등입니다 조 원 이상의 현금이 유입되는 만큼 악화된 재무구조는 단기적으로 개선될 수 있을 전망입니다  이번 두산인프라코어 지분 매각이 성공적으로 완수될 경우 회사의 부채비율은  분기  에서  로 크게 낮아질 것으로 예상됩니다 다만 두산중공업을 둘러싼 사업 환경이 부정적인 만큼 재무부담이 재차 확대될 가능성도 있다는 지적도 나옵니다  구조조정과 사업 포트폴리오 재편 등으로 수익성 회복에 힘쓰고 있지만 단기적으로는 효과적인 성과를 내기 어려울 것이라는 분석입니다  회사의  분기 매출은  조 억 원으로 전년 동기 조 억 원 과 비슷하지만 영업이익은  억 원으로 적자 전환했습니다 약  억 원에 달하는 두산인프라코어의 중국 법인 DICC  우발채무 이전 여부도 불확실성을 키우는 요인입니다  유력 매수자인 현대중공업지주 KDB인베스트먼트가 이를 떠안고 인수할 가능성이 크다는 얘기가 나오지만 아직까지 실제 협의는 이뤄지지 않은 상황입니다  만약 두산중공업이 DICC 관련 우발부채를 부담하고 우발부채가 현실화될 경우를 가정하면 매각에 따른 재무지표 개선 효과는 제로에 가까워질 것으로 보입니다 김민경기자 mkkim sedaily com  엄마 기자 취재수첩 [서지혜의 건강한 육아]   투자 알짜정보만 쏙쏙 [니하오 중국증시]  네이버 채널에서  서울경제  구독해주세요 저작권자   서울경제  무단 전재 및 재배포 금지,2020-12-17,3.61,1.0
129,129,[마켓브리핑]  조원 현금 확보한 두산중공업 CP 순상환 이어져,2020.12.17 08:55, 일  억 원 어치 CP 순상환 자산매각 유상증자 등 자구안 효과 두산인프라코어 지분 매각 협상도 진행 [서울경제] 두산중공업 이 전날 만기가 돌아온  억 원 규모 기업어음 CP 을 순상환했습니다   분기 들어 만기가 돌아오는 사채들을 차환 발행 없이 상환 중입니다   조 원이 훌쩍 넘는 유상증자를 마무리하는 등 연초 계획했던 자구안이 성공적으로 이행되는 영향으로 보입니다 회사가 보유하고 있는 두산인프라코어  지분  만 주 에 대해서도 현대중공업지주 KDB인베스트먼트 컨소시엄을 우선협상대상자로 선정하고 매각을 진행 중입니다  금액은 약  억 원 전후로 거론되고 있습니다 올해 두산 중공업은 그룹 차원에서 제시했던 자구안을 계획대로 이행해 왔습니다  지난  월 클럽모우 골프장을 하나금융 모아미래도 컨소시엄에  억 원에 매각했으며 박정원 회장 등 총수 일가의 두산퓨얼셀  지분 수증 억 원  주주배정 유상증자 조 억 원  등입니다 조 원 이상의 현금이 유입되는 만큼 악화된 재무구조는 단기적으로 개선될 수 있을 전망입니다  이번 두산인프라코어 지분 매각이 성공적으로 완수될 경우 회사의 부채비율은  분기  에서  로 크게 낮아질 것으로 예상됩니다 다만 두산중공업을 둘러싼 사업 환경이 부정적인 만큼 재무부담이 재차 확대될 가능성도 있다는 지적도 나옵니다  구조조정과 사업 포트폴리오 재편 등으로 수익성 회복에 힘쓰고 있지만 단기적으로는 효과적인 성과를 내기 어려울 것이라는 분석입니다  회사의  분기 매출은  조 억 원으로 전년 동기 조 억 원 과 비슷하지만 영업이익은  억 원으로 적자 전환했습니다 약  억 원에 달하는 두산인프라코어의 중국 법인 DICC  우발채무 이전 여부도 불확실성을 키우는 요인입니다  유력 매수자인 현대중공업지주 KDB인베스트먼트가 이를 떠안고 인수할 가능성이 크다는 얘기가 나오지만 아직까지 실제 협의는 이뤄지지 않은 상황입니다  만약 두산중공업이 DICC 관련 우발부채를 부담하고 우발부채가 현실화될 경우를 가정하면 매각에 따른 재무지표 개선 효과는 제로에 가까워질 것으로 보입니다 김민경기자 mkkim sedaily com  엄마 기자 취재수첩 [서지혜의 건강한 육아]   투자 알짜정보만 쏙쏙 [니하오 중국증시]  네이버 채널에서  서울경제  구독해주세요 저작권자   서울경제  무단 전재 및 재배포 금지,2020-12-17,3.61,1.0
130,130,두산중공업  전라북도와 손잡고 서남권 해상풍력발전단지 추진,2020.12.17 13:30,두산중공업은 전라북도와 지역 해역에 해상풍력발전단지를 조성하기 위한 기업 유치 업무 협약을 체결했다고  일 밝혔다 이번 협약에 따라 전라북도는 두산중공업을 포함한 국내 해상풍력 제조 기업이 개발한 해상풍력시스템이 전북 해역에 우선 적용될 수 있도록 인허가 등 행정 지원을 제공하고  두산중공업은 풍력발전기 제작  유지보수 및 단지 개발을 맡기로 했다 전북 서남해 해상풍력 실증단지   두산중공업 제공 전라북도는 고창군에서 부안군까지 해상에 시범단지  MW 메가와트 와 확산단지  GW 기가와트  등 총  GW 규모의  전북 서남권 해상풍력 사업 을 추진하고 있다  총 사업비는  조원으로 오는  년까지 완공하는 것이 목표다  두산중공업은 앞서 추진된  MW 규모 실증사업에  MW급 풍력발전기  기를 공급한바 있다 정연인 두산중공업 사장은  국내 해상풍력 거점 지역인 전라북도와 전북 서남권 해상풍력 사업의 본격적인 추진을 위해 협력할 수 있는 계기를 마련했다 며  향후 도내 해상풍력발전기 제조를 위한 신규 투자를 통해 고용 창출과 지역 기업과의 상생에도 기여할 수 있도록 노력할 것 이라고 했다 [권오은 기자 oheun chosunbiz com] 네이버에서  명품 경제뉴스  조선비즈를 구독하세요 탄소 배출 계속되면  년 뒤엔  강한 태풍  더 자주 온다 제주의 삼다 는 더 이상 바람 돌 여자가 아니라는데 저작권자   조선비즈  무단 전재 및 재배포 금지,2020-12-17,3.61,1.0
131,131,두산중공업  전라북도와 손잡고 서남권 해상풍력발전단지 추진,2020.12.17 13:30,두산중공업은 전라북도와 지역 해역에 해상풍력발전단지를 조성하기 위한 기업 유치 업무 협약을 체결했다고  일 밝혔다 이번 협약에 따라 전라북도는 두산중공업을 포함한 국내 해상풍력 제조 기업이 개발한 해상풍력시스템이 전북 해역에 우선 적용될 수 있도록 인허가 등 행정 지원을 제공하고  두산중공업은 풍력발전기 제작  유지보수 및 단지 개발을 맡기로 했다 전북 서남해 해상풍력 실증단지   두산중공업 제공 전라북도는 고창군에서 부안군까지 해상에 시범단지  MW 메가와트 와 확산단지  GW 기가와트  등 총  GW 규모의  전북 서남권 해상풍력 사업 을 추진하고 있다  총 사업비는  조원으로 오는  년까지 완공하는 것이 목표다  두산중공업은 앞서 추진된  MW 규모 실증사업에  MW급 풍력발전기  기를 공급한바 있다 정연인 두산중공업 사장은  국내 해상풍력 거점 지역인 전라북도와 전북 서남권 해상풍력 사업의 본격적인 추진을 위해 협력할 수 있는 계기를 마련했다 며  향후 도내 해상풍력발전기 제조를 위한 신규 투자를 통해 고용 창출과 지역 기업과의 상생에도 기여할 수 있도록 노력할 것 이라고 했다 [권오은 기자 oheun chosunbiz com] 네이버에서  명품 경제뉴스  조선비즈를 구독하세요 탄소 배출 계속되면  년 뒤엔  강한 태풍  더 자주 온다 제주의 삼다 는 더 이상 바람 돌 여자가 아니라는데 저작권자   조선비즈  무단 전재 및 재배포 금지,2020-12-17,3.61,1.0
132,132,두산중공업  전북도와 서남권 해상풍력발전단지 조성 사업협력,2020.12.17 13:42,국내 해상풍력 제조기업 유치 협약 고용 창출 생상 통한 경제 활성화 기여[이데일리 경계영 기자] 두산중공업 은  일 전라북도와 지역 해역에 해상풍력발전단지를 조성하기 위한 기업 유치 업무 협약을 체결했다고 밝혔다 이번 협약으로 전북도는 두산중공업을 포함한 국내 해상풍력 제조기업이 개발한 해상풍력 시스템이 도 관할 해역에 우선 적용되도록 인허가 등 행정 지원하고  두산중공업은 풍력발전기 제작과 유지보수  단지 개발을 담당한다 정연인 두산중공업 사장은  국내 해상풍력 거점 지역인 전북도와 전북 서남권 해상풍력 사업을 본격 추진하려 협력할 수 있는 계기를 마련했다 며  향후 도내 해상풍력발전기 제조를 위한 신규 투자를 통해 고용 창출과 지역 기업과의 상생에도 기여할 수 있도록 노력할 것 이라고 말했다 전북도는 고창 부안군 해상에 시범단지  MW와 확산단지  GW 등 총  GW 규모의  전북 서남권 해상풍력 사업 을 추진하고 있다  총 사업비는  조원에 이르며  년까지 완공하겠다는 목표다  두산중공업은 앞서 추진된  MW 규모의 실증사업에  MW급 풍력발전기  기를 공급했다 앞서 지난  월 산업통상자원부는 전북도 부안군 고창군 등 지자체와 지역 주민 대표  한국전력공사  한국해상풍력 등과 함께  전북 서남권 주민상생형 대규모 해상풍력 사업추진 업무협약서 를 체결했다 또 산업통상자원부 환경부 해양수산부는 전북 서남권 해상풍력을 포함해  GW 규모 해상풍력을  년까지 준공해 세계  대 해상풍력 강국으로 성장한다는 내용의  해상풍력 발전방안 도 발표했다 송하진 왼쪽에서 세 번째  전라북도지사와 정연인 왼쪽에서 네 번째  두산중공업 사장이  일 전북도청에서 전북 해역에 해상풍력발전단지 조성을 위한 기업 유치 업무 협약을 체결하고 기념촬영을 하고 있다   사진 두산중공업 경계영  kyung edaily co kr   시간 빠른  미리보는 뉴스  eNews  네이버에서  이데일리 뉴스 를 만나보세요  빡침해소  청춘뉘우스  스냅타임 종합 경제정보 미디어 이데일리   무단전재   재배포 금지 ,2020-12-17,3.61,1.0
133,133,두산중공업  전북도와 서남권 해상풍력발전단지 조성 사업협력,2020.12.17 13:42,국내 해상풍력 제조기업 유치 협약 고용 창출 생상 통한 경제 활성화 기여[이데일리 경계영 기자] 두산중공업 은  일 전라북도와 지역 해역에 해상풍력발전단지를 조성하기 위한 기업 유치 업무 협약을 체결했다고 밝혔다 이번 협약으로 전북도는 두산중공업을 포함한 국내 해상풍력 제조기업이 개발한 해상풍력 시스템이 도 관할 해역에 우선 적용되도록 인허가 등 행정 지원하고  두산중공업은 풍력발전기 제작과 유지보수  단지 개발을 담당한다 정연인 두산중공업 사장은  국내 해상풍력 거점 지역인 전북도와 전북 서남권 해상풍력 사업을 본격 추진하려 협력할 수 있는 계기를 마련했다 며  향후 도내 해상풍력발전기 제조를 위한 신규 투자를 통해 고용 창출과 지역 기업과의 상생에도 기여할 수 있도록 노력할 것 이라고 말했다 전북도는 고창 부안군 해상에 시범단지  MW와 확산단지  GW 등 총  GW 규모의  전북 서남권 해상풍력 사업 을 추진하고 있다  총 사업비는  조원에 이르며  년까지 완공하겠다는 목표다  두산중공업은 앞서 추진된  MW 규모의 실증사업에  MW급 풍력발전기  기를 공급했다 앞서 지난  월 산업통상자원부는 전북도 부안군 고창군 등 지자체와 지역 주민 대표  한국전력공사  한국해상풍력 등과 함께  전북 서남권 주민상생형 대규모 해상풍력 사업추진 업무협약서 를 체결했다 또 산업통상자원부 환경부 해양수산부는 전북 서남권 해상풍력을 포함해  GW 규모 해상풍력을  년까지 준공해 세계  대 해상풍력 강국으로 성장한다는 내용의  해상풍력 발전방안 도 발표했다 송하진 왼쪽에서 세 번째  전라북도지사와 정연인 왼쪽에서 네 번째  두산중공업 사장이  일 전북도청에서 전북 해역에 해상풍력발전단지 조성을 위한 기업 유치 업무 협약을 체결하고 기념촬영을 하고 있다   사진 두산중공업 경계영  kyung edaily co kr   시간 빠른  미리보는 뉴스  eNews  네이버에서  이데일리 뉴스 를 만나보세요  빡침해소  청춘뉘우스  스냅타임 종합 경제정보 미디어 이데일리   무단전재   재배포 금지 ,2020-12-17,3.61,1.0
134,134,두산중공업  전라북도와 서남권 해상풍력단지 조성 사업협력,2020.12.17 14:36,전라북도  국내 해상풍력시스템 우선 적용 지원 일 전라북도 도청 중회의실에서 송하진 왼쪽 세번째  전라북도 지사와 정연인  네번째  두산중공업 사장이 전북 해역에 해상풍력발전단지 조성을 위한 기업 유치 업무 협약을 체결하고 기념촬영을 하고 있다 사진제공 두산중공업 [서울경제] 두산중공업 은  일 전라북도와 지역 해역에 해상풍력발전단지를 조성하기 위한 기업 유치 업무 협약을 체결했다고 밝혔다  이날 도청에서 열린 협약식에는 송하진 전북도지사와 정연인 두산중공업 사장 등 관계자들이 참석했다 이번 협약으로 전라북도는 두산중공업을 포함한 국내 해상풍력 제조 기업이 개발한 해상풍력시스템이 도 관할 해역에 우선 적용될 수 있도록 인허가 등 행정 지원을 제공하게 된다  두산중공업은 풍력발전기 제작  유지보수 및 단지 개발을 맡기로 했다  정연인 사장은  국내 해상풍력 거점 지역인 전라북도와 전북 서남권 해상풍력 사업의 본격적인 추진을 위해 협력할 수 있는 계기를 마련했다 면서  향후 도내 해상풍력발전기 제조를 위한 신규 투자를 통해 고용 창출과 지역 기업과의 상생에도 기여할 수 있도록 노력하겠다 고 말했다 전라북도는 고창군 부안군 해상에 시범단지  MW와 확산단지  GW 등 총  GW 규모로 건설되는  전북 서남권 해상풍력 사업 을 추진하고 있다  총 사업비는  조원 규모며 오는  년까지 완공할 예정이다  두산중공업은 앞서 추진된  MW 규모 실증사업에  MW급 풍력발전기  기를 공급했다 서종갑기자 gap sedaily com  엄마 기자 취재수첩 [서지혜의 건강한 육아]   투자 알짜정보만 쏙쏙 [니하오 중국증시]  네이버 채널에서  서울경제  구독해주세요 저작권자   서울경제  무단 전재 및 재배포 금지,2020-12-17,3.61,1.0
135,135,두산중공업  전라북도와 서남권 해상풍력단지 조성 사업협력,2020.12.17 14:36,전라북도  국내 해상풍력시스템 우선 적용 지원 일 전라북도 도청 중회의실에서 송하진 왼쪽 세번째  전라북도 지사와 정연인  네번째  두산중공업 사장이 전북 해역에 해상풍력발전단지 조성을 위한 기업 유치 업무 협약을 체결하고 기념촬영을 하고 있다 사진제공 두산중공업 [서울경제] 두산중공업 은  일 전라북도와 지역 해역에 해상풍력발전단지를 조성하기 위한 기업 유치 업무 협약을 체결했다고 밝혔다  이날 도청에서 열린 협약식에는 송하진 전북도지사와 정연인 두산중공업 사장 등 관계자들이 참석했다 이번 협약으로 전라북도는 두산중공업을 포함한 국내 해상풍력 제조 기업이 개발한 해상풍력시스템이 도 관할 해역에 우선 적용될 수 있도록 인허가 등 행정 지원을 제공하게 된다  두산중공업은 풍력발전기 제작  유지보수 및 단지 개발을 맡기로 했다  정연인 사장은  국내 해상풍력 거점 지역인 전라북도와 전북 서남권 해상풍력 사업의 본격적인 추진을 위해 협력할 수 있는 계기를 마련했다 면서  향후 도내 해상풍력발전기 제조를 위한 신규 투자를 통해 고용 창출과 지역 기업과의 상생에도 기여할 수 있도록 노력하겠다 고 말했다 전라북도는 고창군 부안군 해상에 시범단지  MW와 확산단지  GW 등 총  GW 규모로 건설되는  전북 서남권 해상풍력 사업 을 추진하고 있다  총 사업비는  조원 규모며 오는  년까지 완공할 예정이다  두산중공업은 앞서 추진된  MW 규모 실증사업에  MW급 풍력발전기  기를 공급했다 서종갑기자 gap sedaily com  엄마 기자 취재수첩 [서지혜의 건강한 육아]   투자 알짜정보만 쏙쏙 [니하오 중국증시]  네이버 채널에서  서울경제  구독해주세요 저작권자   서울경제  무단 전재 및 재배포 금지,2020-12-17,3.61,1.0
136,136,두산  두산중공업에 대한 담보 제공 결정,2020.12.17 17:46,[이데일리 이윤화 기자] 두산 은 두산중공업이 한국산업은행과 한국수출입은행에 빌린  조원에 대한 담보를 제공하기로 결정했다고  일 공시했다 담보 제공 재산은 두산이 보유한 두산중공업  보통주식  만 주로  담보 설정 금액은 약  억원이다 두산 측은  담보제공 결정은 당사의 계열회사인 두산중공업 이  년  월  일 실시한 주주배정 방식 유상증자에 참여해 배정받은 보통주 신주  만 주를 채권은행에 추가 담보로 제공하는 건 이라고 설명했다 이윤화  akfdl edaily co kr   시간 빠른  미리보는 뉴스  eNews  네이버에서  이데일리 뉴스 를 만나보세요  빡침해소  청춘뉘우스  스냅타임 종합 경제정보 미디어 이데일리   무단전재   재배포 금지 ,2020-12-18,-3.14,-1.0
137,137,두산  두산중공업에 대한 담보 제공 결정,2020.12.17 17:46,[이데일리 이윤화 기자] 두산 은 두산중공업이 한국산업은행과 한국수출입은행에 빌린  조원에 대한 담보를 제공하기로 결정했다고  일 공시했다 담보 제공 재산은 두산이 보유한 두산중공업  보통주식  만 주로  담보 설정 금액은 약  억원이다 두산 측은  담보제공 결정은 당사의 계열회사인 두산중공업 이  년  월  일 실시한 주주배정 방식 유상증자에 참여해 배정받은 보통주 신주  만 주를 채권은행에 추가 담보로 제공하는 건 이라고 설명했다 이윤화  akfdl edaily co kr   시간 빠른  미리보는 뉴스  eNews  네이버에서  이데일리 뉴스 를 만나보세요  빡침해소  청춘뉘우스  스냅타임 종합 경제정보 미디어 이데일리   무단전재   재배포 금지 ,2020-12-18,-3.14,-1.0
138,138,두산중공업   억원 규모 괌 화력발전소 공사수주 계약 체결,2020.12.21 11:21,[아시아경제 박준이 기자] 두산중공업이 한국전력 KEPCO  동서발전 EWP 과  억 만원 규모의 괌 데데도 Dededo 피티 Piti  지역  MW급 화력발전소 공사수주 계약을 체결했다고  일 공시했다  계약금액은 최근 매출액 대비  다  계약은  년  월 일에 종료된다 박준이 기자 giver asiae co kr   년 신축년  신년운세와 토정비결은  발 빠른 최신 뉴스  네이버 메인에서 바로 보기  요즘 트렌드 모아보고 싶을 땐  드링킷 경제를 보는 눈  세계를 보는 창 아시아경제 무단전재 배포금지 ,2020-12-21,0.0,0.0
139,139,두산중공업   억원 규모 괌 화력발전소 공사수주 계약 체결,2020.12.21 11:21,[아시아경제 박준이 기자] 두산중공업이 한국전력 KEPCO  동서발전 EWP 과  억 만원 규모의 괌 데데도 Dededo 피티 Piti  지역  MW급 화력발전소 공사수주 계약을 체결했다고  일 공시했다  계약금액은 최근 매출액 대비  다  계약은  년  월 일에 종료된다 박준이 기자 giver asiae co kr   년 신축년  신년운세와 토정비결은  발 빠른 최신 뉴스  네이버 메인에서 바로 보기  요즘 트렌드 모아보고 싶을 땐  드링킷 경제를 보는 눈  세계를 보는 창 아시아경제 무단전재 배포금지 ,2020-12-21,0.0,0.0
140,140,[공시]두산중공업   억 규모 괌 화력발전소 공사수주 계약 체결,2020.12.21 11:28,[파이낸셜뉴스] 두산중공업이 한국전력 KEPCO  동서발전 EWP 과  억 만원 규모의 괌 데데도 Dededo 피티 Piti  지역  MW급 화력발전소 공사수주 계약을 체결했다고  일 공시했다 계약금액은 최근 매출액 대비  다  계약은  년  월 일에 종료된다 ggg fnnews com 강구귀 기자  헉  소리나는 스 토리 뉴스 [헉스]   아는 척 하고 싶은 당신을 위한 [두유노우]  날로먹고 구워먹는 금융이슈 [파인애플]  저작권자   파이낸셜뉴스  무단 전재 재배포 금지,2020-12-21,0.0,0.0
141,141,[공시]두산중공업   억 규모 괌 화력발전소 공사수주 계약 체결,2020.12.21 11:28,[파이낸셜뉴스] 두산중공업이 한국전력 KEPCO  동서발전 EWP 과  억 만원 규모의 괌 데데도 Dededo 피티 Piti  지역  MW급 화력발전소 공사수주 계약을 체결했다고  일 공시했다 계약금액은 최근 매출액 대비  다  계약은  년  월 일에 종료된다 ggg fnnews com 강구귀 기자  헉  소리나는 스 토리 뉴스 [헉스]   아는 척 하고 싶은 당신을 위한 [두유노우]  날로먹고 구워먹는 금융이슈 [파인애플]  저작권자   파이낸셜뉴스  무단 전재 재배포 금지,2020-12-21,0.0,0.0
142,142,두산중공업   억원 규모 괌 복합화력발전소 수주,2020.12.21 13:41,사진 연합뉴스 [헤럴드경제 양대근 기자] 두산중공업이 미국령 괌에서  억원 규모 복합화력발전 프로젝트 수주에 성공했다 일 두산중공업은 한국전력공사 한국동서발전 컨소시엄과  괌 우쿠두  MW 메가와트 급 복합화력발전소  건설공사 계약을 체결했다고  일 밝혔다 이 프로젝트는 괌 앤토니오 B 원 팻 국제공항에서 북서쪽으로  km 떨어진 지역에  MW급 복합화력발전소를 건설하는 사업으로  미국 괌 전력청 GPA 이 발주처다 두산중공업은 주요 기자재의 설계와 시공  조달 등 전 공정을 일괄 수행하는 EPC 방식으로  년까지 발전소를 준공할 계획이다 특히 두산중공업의 원천기술이 적용된  MW 에너지저장 시스템 ESS 이 함께 설치돼 안정적인 전력 공급이 가능해질 전망이다  발전소는 완공 시 괌 전력계통의  를 차지하는 최대 규모 기저부하 발전소가 된다 박인원 두산중공업 Plant EPC BG장은  디벨로퍼와 EPC 사업자가 모두 국내 기업으로 구성돼 우수 해외 진출 사례가 될 수 있다 면서  해외 복합화력발전 시장 공략을 강화하겠다 고 밝혔다 bigroot heraldcorp com 환경적 대화기구  헤럴드에코 밀리터리 전문 콘텐츠  헤밀 헤럴드경제 네이버 채널 구독  Copyrights   헤럴드경제   heraldbiz com  무단 전재 및 재배포 금지  ,2020-12-21,0.0,0.0
143,143,두산중공업   억원 규모 괌 복합화력발전소 수주,2020.12.21 13:41,사진 연합뉴스 [헤럴드경제 양대근 기자] 두산중공업이 미국령 괌에서  억원 규모 복합화력발전 프로젝트 수주에 성공했다 일 두산중공업은 한국전력공사 한국동서발전 컨소시엄과  괌 우쿠두  MW 메가와트 급 복합화력발전소  건설공사 계약을 체결했다고  일 밝혔다 이 프로젝트는 괌 앤토니오 B 원 팻 국제공항에서 북서쪽으로  km 떨어진 지역에  MW급 복합화력발전소를 건설하는 사업으로  미국 괌 전력청 GPA 이 발주처다 두산중공업은 주요 기자재의 설계와 시공  조달 등 전 공정을 일괄 수행하는 EPC 방식으로  년까지 발전소를 준공할 계획이다 특히 두산중공업의 원천기술이 적용된  MW 에너지저장 시스템 ESS 이 함께 설치돼 안정적인 전력 공급이 가능해질 전망이다  발전소는 완공 시 괌 전력계통의  를 차지하는 최대 규모 기저부하 발전소가 된다 박인원 두산중공업 Plant EPC BG장은  디벨로퍼와 EPC 사업자가 모두 국내 기업으로 구성돼 우수 해외 진출 사례가 될 수 있다 면서  해외 복합화력발전 시장 공략을 강화하겠다 고 밝혔다 bigroot heraldcorp com 환경적 대화기구  헤럴드에코 밀리터리 전문 콘텐츠  헤밀 헤럴드경제 네이버 채널 구독  Copyrights   헤럴드경제   heraldbiz com  무단 전재 및 재배포 금지  ,2020-12-21,0.0,0.0
144,144,두산중공업   억 원 규모 괌 복합화력발전소 수주,2020.12.21 14:34,디벨로퍼인 한국전력 동서발전 컨소시엄과 EPC 계약 체결 미국 자치령 괌 데데도 지역  MW급 복합화력 MW ESS도 공급 두산중공업이 미국령 괌에서 약  억원 규모의 복합화력발전 프로젝트를 수주했다 두산중공업은 프로젝트 디벨로퍼인 한국전력공사 한국동서발전 컨소시엄과  괌 우쿠두 Ukudu   MW급 복합화력발전소  건설공사 계약을 체결했다고  일 밝혔다 이 프로젝트는 괌 앤토니오 B 원 팻 국제공항에서 북서쪽으로 약  km 떨어진 데데도 지역에 발전용량  MW급 복합화력발전소를 건설하는 사업이다  미국 괌 전력청 GPA  Guam Power Authority 이 발주해 한국전력 동서발전 컨소시엄이 디벨로퍼로 선정됐다 두산중공업은 이 발전소를 설계에서부터 기자재 공급  설치  시운전에 이르기까지 전 공정을 일괄 수행하는 EPC방식으로  년까지 준공할 예정이다  특히 두산중공업의 원천기술을 기반으로  MW 에너지저장 시스템 ESS 을 함께 설치해 안정적인 전력 공급이 가능하도록 할 계획이다  완공 시 괌 전력계통의 약  를 차지하는 최대 규모 기저부하 발전소가 된다 이 회사 박인원 Plant EPC BG장은  디벨로퍼와 EPC 사업자가 모두 국내 기업으로 구성된 팀코리아의 동반 해외 진출 우수 사례가 될 수 있도록 최선을 다할 것 이라면서  앞으로도 해외 복합화력발전 시장 공략을 강화해 나갈 계획이다 고 말했다  조세일보 홈페이지   정회원 가입  조세일보 네이버 뉴스스탠드 구독 종합 경제 김상우 swkim joseilbo com 저작권자   조세일보 http www joseilbo com  무단전재 및 재배포 금지,2020-12-21,0.0,0.0
145,145,두산중공업   억 원 규모 괌 복합화력발전소 수주,2020.12.21 14:34,디벨로퍼인 한국전력 동서발전 컨소시엄과 EPC 계약 체결 미국 자치령 괌 데데도 지역  MW급 복합화력 MW ESS도 공급 두산중공업이 미국령 괌에서 약  억원 규모의 복합화력발전 프로젝트를 수주했다 두산중공업은 프로젝트 디벨로퍼인 한국전력공사 한국동서발전 컨소시엄과  괌 우쿠두 Ukudu   MW급 복합화력발전소  건설공사 계약을 체결했다고  일 밝혔다 이 프로젝트는 괌 앤토니오 B 원 팻 국제공항에서 북서쪽으로 약  km 떨어진 데데도 지역에 발전용량  MW급 복합화력발전소를 건설하는 사업이다  미국 괌 전력청 GPA  Guam Power Authority 이 발주해 한국전력 동서발전 컨소시엄이 디벨로퍼로 선정됐다 두산중공업은 이 발전소를 설계에서부터 기자재 공급  설치  시운전에 이르기까지 전 공정을 일괄 수행하는 EPC방식으로  년까지 준공할 예정이다  특히 두산중공업의 원천기술을 기반으로  MW 에너지저장 시스템 ESS 을 함께 설치해 안정적인 전력 공급이 가능하도록 할 계획이다  완공 시 괌 전력계통의 약  를 차지하는 최대 규모 기저부하 발전소가 된다 이 회사 박인원 Plant EPC BG장은  디벨로퍼와 EPC 사업자가 모두 국내 기업으로 구성된 팀코리아의 동반 해외 진출 우수 사례가 될 수 있도록 최선을 다할 것 이라면서  앞으로도 해외 복합화력발전 시장 공략을 강화해 나갈 계획이다 고 말했다  조세일보 홈페이지   정회원 가입  조세일보 네이버 뉴스스탠드 구독 종합 경제 김상우 swkim joseilbo com 저작권자   조세일보 http www joseilbo com  무단전재 및 재배포 금지,2020-12-21,0.0,0.0
146,146,두산중공업  차세대 열교환기 시장 진출 대형 PCHE 본격 제작,2020.12.23 09:15,[아시아경제 김혜원 기자] 두산중공업이  차세대 열교환기 로 불리는 인쇄회로 기판형 열교환기 PCHE  시장 공략에 박차를 가하고 있다 두산중공업은 핵심 기술인 유로 설계 및 공정 기술을 확보하고 대형 PCHE 제작이 가능한  t급 고온 프레스 고온 확산 접합로  설치를 최근 완료했다고  일 밝혔다 열교환기는 두 개 이상의 유체 물 공기 수소 질소 등  사이에서 유체의 냉각 또는 온도를 높이는 목적으로 열을 교환할 수 있도록 고안된 장치다  PCHE는 화학적 방식으로 미세한 유체 이동로를 기판에 부식 가공하고 여러 층으로 적층한 후 고온 고압을 가해 제작된 업그레이드형 열교환기다 PCHE는 기존 전열관형 방식 열교환기에 비해  분의  이하로 축소 제작이 가능해   이상 열교환 효율을 높일 수 있다  또한 스테인리스  초합금 등 고급 재질을 사용해 초고온  이하  초고압 bar 이하 의 가혹한 운전 환경에도 적용이 가능하다  특히 컴팩트한 사이즈의 PCHE는 제한된 공간 내 열교환이 가능한 장점이 있어 다양한 분야에서 수요가 확대되고 있다 두산중공업은 국내 수소충전소용 PCHE 시제품을 수주해 기술력을 인정 받았으며  현재 후속 프로젝트 공급을 준비하고 있다  또한 이번  t급 고온 프레스 설치를 통해 가스터빈  국제핵융합실험로 ITER 용 대형 PCHE를 수주  제작하게 됐다 나기용 두산중공업 부사장은  발전용 열교환기 설계 역량을 보유한 전문 연구 인력을 활용해 유로 설계 핵심 기술을 확보했으며  기존 단조 프레스 운영 경험을 토대로 PCHE 제조 역량을 조기에 갖췄다 면서  앞으로 수소  LNG 선박  가스터빈  연료전지 등 다양한 분야에서 사업을 확대해 나가겠다 고 말했다 PCHE 관련 국내 시장 규모는 오는  년까지 연평균 약  억원에 이를 전망이다 김혜원 기자 kimhye asiae co kr   년 신축년  신년운세와 토정비결은  발 빠른 최신 뉴스  네이버 메인에서 바로 보기  요즘 트렌드 모아보고 싶을 땐  드링킷 경제를 보는 눈  세계를 보는 창 아시아경제 무단전재 배포금지 ,2020-12-23,-2.24,0.0
147,147,두산중공업  차세대 열교환기 시장 진출 대형 PCHE 본격 제작,2020.12.23 09:15,[아시아경제 김혜원 기자] 두산중공업이  차세대 열교환기 로 불리는 인쇄회로 기판형 열교환기 PCHE  시장 공략에 박차를 가하고 있다 두산중공업은 핵심 기술인 유로 설계 및 공정 기술을 확보하고 대형 PCHE 제작이 가능한  t급 고온 프레스 고온 확산 접합로  설치를 최근 완료했다고  일 밝혔다 열교환기는 두 개 이상의 유체 물 공기 수소 질소 등  사이에서 유체의 냉각 또는 온도를 높이는 목적으로 열을 교환할 수 있도록 고안된 장치다  PCHE는 화학적 방식으로 미세한 유체 이동로를 기판에 부식 가공하고 여러 층으로 적층한 후 고온 고압을 가해 제작된 업그레이드형 열교환기다 PCHE는 기존 전열관형 방식 열교환기에 비해  분의  이하로 축소 제작이 가능해   이상 열교환 효율을 높일 수 있다  또한 스테인리스  초합금 등 고급 재질을 사용해 초고온  이하  초고압 bar 이하 의 가혹한 운전 환경에도 적용이 가능하다  특히 컴팩트한 사이즈의 PCHE는 제한된 공간 내 열교환이 가능한 장점이 있어 다양한 분야에서 수요가 확대되고 있다 두산중공업은 국내 수소충전소용 PCHE 시제품을 수주해 기술력을 인정 받았으며  현재 후속 프로젝트 공급을 준비하고 있다  또한 이번  t급 고온 프레스 설치를 통해 가스터빈  국제핵융합실험로 ITER 용 대형 PCHE를 수주  제작하게 됐다 나기용 두산중공업 부사장은  발전용 열교환기 설계 역량을 보유한 전문 연구 인력을 활용해 유로 설계 핵심 기술을 확보했으며  기존 단조 프레스 운영 경험을 토대로 PCHE 제조 역량을 조기에 갖췄다 면서  앞으로 수소  LNG 선박  가스터빈  연료전지 등 다양한 분야에서 사업을 확대해 나가겠다 고 말했다 PCHE 관련 국내 시장 규모는 오는  년까지 연평균 약  억원에 이를 전망이다 김혜원 기자 kimhye asiae co kr   년 신축년  신년운세와 토정비결은  발 빠른 최신 뉴스  네이버 메인에서 바로 보기  요즘 트렌드 모아보고 싶을 땐  드링킷 경제를 보는 눈  세계를 보는 창 아시아경제 무단전재 배포금지 ,2020-12-23,-2.24,0.0
148,148,두산중공업  차세대 열교환기 시장 진출,2020.12.23 09:22,두산중공업 이  차세대 열교환기 로 불리는 PCHE 인쇄회로 기판형 열교환기  시장 진출에 속도를 내고 있다 두산중공업은 대형 PCHE 제작이 가능한  톤 t 급 고온 프레스 Hot Press  고온 확산 접합로  설치를 최근 완료했다고  일 밝혔다 열교환기는 두 개 이상의 유체 물  공기  수소  질소 등  사이에서 유체의 냉각 또는 온도를 높이는 목적으로 열을 주고 받도록 고안된 장치이다  PCHE는 화학적 방식으로 미세한 유체 이동로를 기판에 부식 가공하고 여러 층으로 적층한 후 고온 고압을 가해 제작된 업그레이드형 열교환기이다 PCHE는 기존 전열관형 방식 열교환기에 비해  분의   이하로 크기를 줄일 수 있어 상대적으로 효율을 높일 수 있다  뿐만 아니라 스테인리스  초합금 등을 사용해 초고온  이하 과 초고압 bar 이하  환경에서도 운영할 수 있다 PCHE는 수소충전소나 가스터빈  연료전지 등 다양한 분야에서 활용된다  관련 국내 시장 규모는  년까지 연평균 약  억원으로 전망된다 두산중공업은 국내 수소충전소용 PCHE 시제품을 수주해 기술력을 인정 받았으며  현재 후속 프로젝트 공급을 준비하고 있다  또한 이번  t급 고온 프레스 설치로 가스터빈이나 국제핵융합실험로 ITER 용 대형 PCHE를 수주  제작하게 됐다 나기용 두산중공업 부사장은  발전용 열교환기 설계 역량을 보유한 전문연구인력을 활용해 유로 설계 핵심 기술을 확보했으며  기존 단조 프레스 운영 경험을 토대로 PCHE 제조 역량을 조기에 갖췄다 며  앞으로 수소  LNG 선박  가스터빈  연료전지 등 다양한 분야에서 사업을 확대해 나가겠다 고 밝혔다 [권오은 기자 oheun chosunbiz com] 네이버에서  명품 경제뉴스  조선비즈를 구독하세요 코로나블루 달래는 화려한 식탁  판매   뛴 이것 제프 베이조스 빌 게이츠도 투자  이 스타트업에 쏠리는 눈 저작권자   조선비즈  무단 전재 및 재배포 금지,2020-12-23,-2.24,0.0
149,149,두산중공업  차세대 열교환기 시장 진출,2020.12.23 09:22,두산중공업 이  차세대 열교환기 로 불리는 PCHE 인쇄회로 기판형 열교환기  시장 진출에 속도를 내고 있다 두산중공업은 대형 PCHE 제작이 가능한  톤 t 급 고온 프레스 Hot Press  고온 확산 접합로  설치를 최근 완료했다고  일 밝혔다 열교환기는 두 개 이상의 유체 물  공기  수소  질소 등  사이에서 유체의 냉각 또는 온도를 높이는 목적으로 열을 주고 받도록 고안된 장치이다  PCHE는 화학적 방식으로 미세한 유체 이동로를 기판에 부식 가공하고 여러 층으로 적층한 후 고온 고압을 가해 제작된 업그레이드형 열교환기이다 PCHE는 기존 전열관형 방식 열교환기에 비해  분의   이하로 크기를 줄일 수 있어 상대적으로 효율을 높일 수 있다  뿐만 아니라 스테인리스  초합금 등을 사용해 초고온  이하 과 초고압 bar 이하  환경에서도 운영할 수 있다 PCHE는 수소충전소나 가스터빈  연료전지 등 다양한 분야에서 활용된다  관련 국내 시장 규모는  년까지 연평균 약  억원으로 전망된다 두산중공업은 국내 수소충전소용 PCHE 시제품을 수주해 기술력을 인정 받았으며  현재 후속 프로젝트 공급을 준비하고 있다  또한 이번  t급 고온 프레스 설치로 가스터빈이나 국제핵융합실험로 ITER 용 대형 PCHE를 수주  제작하게 됐다 나기용 두산중공업 부사장은  발전용 열교환기 설계 역량을 보유한 전문연구인력을 활용해 유로 설계 핵심 기술을 확보했으며  기존 단조 프레스 운영 경험을 토대로 PCHE 제조 역량을 조기에 갖췄다 며  앞으로 수소  LNG 선박  가스터빈  연료전지 등 다양한 분야에서 사업을 확대해 나가겠다 고 밝혔다 [권오은 기자 oheun chosunbiz com] 네이버에서  명품 경제뉴스  조선비즈를 구독하세요 코로나블루 달래는 화려한 식탁  판매   뛴 이것 제프 베이조스 빌 게이츠도 투자  이 스타트업에 쏠리는 눈 저작권자   조선비즈  무단 전재 및 재배포 금지,2020-12-23,-2.24,0.0
150,150,두산중공업  차세대 열교환기 PCHE  시장 본격 진출,2020.12.23 09:34,설계   공정기술 개발 및  t급 고온 프레스 설치 완료해 대형 PCHE 본격 제작 수소충전소  가스터빈  국제핵융합실험로 용 PCHE 수주 연료전지  LNG 선박 등 다양한 분야 공급 확대 예정 두산중공업이  차세대 열교환기 로 불리는 PCHE Printed Circuit Heat Exchanger  인쇄회로 기판형 열교환기  시장 공략에 박차를 가하고 있다  두산중공업은 핵심 기술인 유로 설계 Flow Path Design  및 공정기술을 확보하는 한편  대형 PCHE 제작이 가능한  t급 고온 프레스 Hot Press  고온 확산 접합로  설치를 최근 완료했다고  일 밝혔다 열교환기는 두 개 이상의 유체 물  공기  수소  질소 등  사이에서 유체의 냉각 또는 온도를 높이는 목적으로 열을 교환할 수 있도록 고안된 장치이다  PCHE는 화학적 방식으로 미세한 유체 이동로를 기판에 부식 가공하고 여러 층으로 적층한 후 고온 고압을 가해 제작된 업그레이드형 열교환기이다 PCHE는 기존 전열관형 방식 열교환기에 비해   이하로 축소 제작이 가능해   이상 열교환 효율을 높일 수 있다  또한 스테인리스  초합금 등 고급 재질을 사용해 초고온  이하  초고압 bar 이하 의 가혹한 운전 환경에도 적용이 가능하다  특히 컴팩트한 사이즈의 PCHE는 제한된 공간 내 열교환이 가능한 장점이 있어 다양한 분야에서 수요가 확대되고 있다 두산중공업은 국내 수소충전소용 PCHE 시제품을 수주해 기술력을 인정 받았으며  현재 후속 프로젝트 공급을 준비하고 있다  또한 이번  t급 고온 프레스 설치를 통해 가스터빈  국제핵융합실험로 ITER 용 대형 PCHE를 수주  제작하게 됐다 두산중공업 나기용 부사장은  발전용 열교환기 설계 역량을 보유한 전문연구인력을 활용해 유로 설계 핵심 기술을 확보했으며  기존 단조 프레스 운영 경험을 토대로 PCHE 제조 역량을 조기에 갖췄다  며  앞으로 수소  LNG 선박  가스터빈  연료전지 등 다양한 분야에서 사업을 확대해 나가겠다 고 밝혔다 PCHE 관련 국내 시장 규모는 오는  년까지 연평균 약  천억원에 이를 것으로 전망된다  조세일보 홈페이지   정회원 가입  조세일보 네이버 뉴스스탠드 구독 종합 경제 김상우 swkim joseilbo com 저작권자   조세일보 http www joseilbo com  무단전재 및 재배포 금지,2020-12-23,-2.24,0.0
151,151,두산중공업  차세대 열교환기 PCHE  시장 본격 진출,2020.12.23 09:34,설계   공정기술 개발 및  t급 고온 프레스 설치 완료해 대형 PCHE 본격 제작 수소충전소  가스터빈  국제핵융합실험로 용 PCHE 수주 연료전지  LNG 선박 등 다양한 분야 공급 확대 예정 두산중공업이  차세대 열교환기 로 불리는 PCHE Printed Circuit Heat Exchanger  인쇄회로 기판형 열교환기  시장 공략에 박차를 가하고 있다  두산중공업은 핵심 기술인 유로 설계 Flow Path Design  및 공정기술을 확보하는 한편  대형 PCHE 제작이 가능한  t급 고온 프레스 Hot Press  고온 확산 접합로  설치를 최근 완료했다고  일 밝혔다 열교환기는 두 개 이상의 유체 물  공기  수소  질소 등  사이에서 유체의 냉각 또는 온도를 높이는 목적으로 열을 교환할 수 있도록 고안된 장치이다  PCHE는 화학적 방식으로 미세한 유체 이동로를 기판에 부식 가공하고 여러 층으로 적층한 후 고온 고압을 가해 제작된 업그레이드형 열교환기이다 PCHE는 기존 전열관형 방식 열교환기에 비해   이하로 축소 제작이 가능해   이상 열교환 효율을 높일 수 있다  또한 스테인리스  초합금 등 고급 재질을 사용해 초고온  이하  초고압 bar 이하 의 가혹한 운전 환경에도 적용이 가능하다  특히 컴팩트한 사이즈의 PCHE는 제한된 공간 내 열교환이 가능한 장점이 있어 다양한 분야에서 수요가 확대되고 있다 두산중공업은 국내 수소충전소용 PCHE 시제품을 수주해 기술력을 인정 받았으며  현재 후속 프로젝트 공급을 준비하고 있다  또한 이번  t급 고온 프레스 설치를 통해 가스터빈  국제핵융합실험로 ITER 용 대형 PCHE를 수주  제작하게 됐다 두산중공업 나기용 부사장은  발전용 열교환기 설계 역량을 보유한 전문연구인력을 활용해 유로 설계 핵심 기술을 확보했으며  기존 단조 프레스 운영 경험을 토대로 PCHE 제조 역량을 조기에 갖췄다  며  앞으로 수소  LNG 선박  가스터빈  연료전지 등 다양한 분야에서 사업을 확대해 나가겠다 고 밝혔다 PCHE 관련 국내 시장 규모는 오는  년까지 연평균 약  천억원에 이를 것으로 전망된다  조세일보 홈페이지   정회원 가입  조세일보 네이버 뉴스스탠드 구독 종합 경제 김상우 swkim joseilbo com 저작권자   조세일보 http www joseilbo com  무단전재 및 재배포 금지,2020-12-23,-2.24,0.0
152,152,두산중공업  차세대 열교환기 시장 본격 진출,2020.12.23 09:50, 차세대 열교환기  PCHE 시장 공략 박차 기존 전열관형 방식 열교환기에 비해   이상 열교환 효율 차세대 열교환기 로 불리는 PCHE 인쇄회로 기판형 열교환기 가 적용된 연료전지의 모습  수많은 부품을 좁은 공간에 배치해야 하는 연료전지 제품의 특성상 PCHE가 효율적이라는 분석이다  [두산중공업 제공] [헤럴드경제 양대근 기자] 두산중공업이  차세대 열교환기 로 불리는 PCHE 인쇄회로 기판형 열교환기  시장 공략에 박차를 가하고 있다고  일 밝혔다 두산중공업은 핵심 기술인 유로 설계 Flow Path Design  및 공정기술을 확보하는 한편 대형 PCHE 제작이 가능한  톤급 고온 프레스 고온 확산 접합로  설치를 최근 완료했다 열교환기는 두 개 이상의 유체 물  공기  수소  질소 등  사이에서 유체의 냉각 또는 온도를 높이는 목적으로 열을 교환할 수 있도록 고안된 장치이다  PCHE는  화학적 방식으로 미세한 유체 이동로를 기판에 부식 가공하고 여러 층으로 적층한 후 고온 고압을 가해 제작된 업그레이드형 열교환기다 PCHE는 기존 전열관형 방식 열교환기에 비해  분의   이하로 축소 제작이 가능해   이상 열교환 효율을 높일 수 있다  또한 스테인리스  초합금 등 고급 재질을 사용해 초고온  이하  초고압 bar 이하 의 가혹한 운전 환경에도 적용이 가능하다  특히 컴팩트한 사이즈의 PCHE는 제한된 공간 내 열교환이 가능한 장점이 있어 다양한 분야에서 수요가 확대되고 있다 두산중공업은 국내 수소충전소용 PCHE 시제품을 수주해 기술력을 인정 받았으며  현재 후속 프로젝트 공급을 준비하고 있다  또한 이번  톤급 고온 프레스 설치를 통해 가스터빈  국제핵융합실험로 ITER 용 대형 PCHE를 수주  제작하게 됐다 나기용 두산중공업 부사장은  발전용 열교환기 설계 역량을 보유한 전문연구인력을 활용해 유로 설계 핵심 기술을 확보했으며  기존 단조 프레스 운영 경험을 토대로 PCHE 제조 역량을 조기에 갖췄다  며  앞으로 수소  LNG 선박  가스터빈  연료전지 등 다양한 분야에서 사업을 확대해 나가겠다 고 밝혔다  PCHE 관련 국내 시장 규모는  오는  년까지 연평균 약  억원에 이를 것으로 전망된다 bigroot heraldcorp com 환경적 대화기구  헤럴드에코 밀리터리 전문 콘텐츠  헤밀 헤럴드경제 네이버 채널 구독  Copyrights   헤럴드경제   heraldbiz com  무단 전재 및 재배포 금지  ,2020-12-23,-2.24,0.0
153,153,두산중공업  차세대 열교환기 시장 본격 진출,2020.12.23 09:50, 차세대 열교환기  PCHE 시장 공략 박차 기존 전열관형 방식 열교환기에 비해   이상 열교환 효율 차세대 열교환기 로 불리는 PCHE 인쇄회로 기판형 열교환기 가 적용된 연료전지의 모습  수많은 부품을 좁은 공간에 배치해야 하는 연료전지 제품의 특성상 PCHE가 효율적이라는 분석이다  [두산중공업 제공] [헤럴드경제 양대근 기자] 두산중공업이  차세대 열교환기 로 불리는 PCHE 인쇄회로 기판형 열교환기  시장 공략에 박차를 가하고 있다고  일 밝혔다 두산중공업은 핵심 기술인 유로 설계 Flow Path Design  및 공정기술을 확보하는 한편 대형 PCHE 제작이 가능한  톤급 고온 프레스 고온 확산 접합로  설치를 최근 완료했다 열교환기는 두 개 이상의 유체 물  공기  수소  질소 등  사이에서 유체의 냉각 또는 온도를 높이는 목적으로 열을 교환할 수 있도록 고안된 장치이다  PCHE는  화학적 방식으로 미세한 유체 이동로를 기판에 부식 가공하고 여러 층으로 적층한 후 고온 고압을 가해 제작된 업그레이드형 열교환기다 PCHE는 기존 전열관형 방식 열교환기에 비해  분의   이하로 축소 제작이 가능해   이상 열교환 효율을 높일 수 있다  또한 스테인리스  초합금 등 고급 재질을 사용해 초고온  이하  초고압 bar 이하 의 가혹한 운전 환경에도 적용이 가능하다  특히 컴팩트한 사이즈의 PCHE는 제한된 공간 내 열교환이 가능한 장점이 있어 다양한 분야에서 수요가 확대되고 있다 두산중공업은 국내 수소충전소용 PCHE 시제품을 수주해 기술력을 인정 받았으며  현재 후속 프로젝트 공급을 준비하고 있다  또한 이번  톤급 고온 프레스 설치를 통해 가스터빈  국제핵융합실험로 ITER 용 대형 PCHE를 수주  제작하게 됐다 나기용 두산중공업 부사장은  발전용 열교환기 설계 역량을 보유한 전문연구인력을 활용해 유로 설계 핵심 기술을 확보했으며  기존 단조 프레스 운영 경험을 토대로 PCHE 제조 역량을 조기에 갖췄다  며  앞으로 수소  LNG 선박  가스터빈  연료전지 등 다양한 분야에서 사업을 확대해 나가겠다 고 밝혔다  PCHE 관련 국내 시장 규모는  오는  년까지 연평균 약  억원에 이를 것으로 전망된다 bigroot heraldcorp com 환경적 대화기구  헤럴드에코 밀리터리 전문 콘텐츠  헤밀 헤럴드경제 네이버 채널 구독  Copyrights   헤럴드경제   heraldbiz com  무단 전재 및 재배포 금지  ,2020-12-23,-2.24,0.0
154,154,두산중공업  두산인프라코어 매각관련 양해각서 체결,2020.12.23 17:44,[이데일리 전선형 기자] 두산중공업은  일 두산인프라코어 지분 매각 우선협상대상자인 현대중공업지주 및 케이디비인베스트먼트와 양해각서를 체결했다고 공시했다  거래대상은 두산인프라코어를 분리하는 방안 실행 이후  두산중공업이 보유하게 될 발행 보통주식 및 신주인수권 전부다 거래는  년  월  일까지 주식매매계약 체결할 계획이다 전선형  sunnyjun edaily co kr   시간 빠른  미리보는 뉴스  eNews  네이버에서  이데일리 뉴스 를 만나보세요  빡침해소  청춘뉘우스  스냅타임 종합 경제정보 미디어 이데일리   무단전재   재배포 금지 ,2020-12-24,1.91,0.0
155,155,두산중공업  두산인프라코어 매각관련 양해각서 체결,2020.12.23 17:44,[이데일리 전선형 기자] 두산중공업은  일 두산인프라코어 지분 매각 우선협상대상자인 현대중공업지주 및 케이디비인베스트먼트와 양해각서를 체결했다고 공시했다  거래대상은 두산인프라코어를 분리하는 방안 실행 이후  두산중공업이 보유하게 될 발행 보통주식 및 신주인수권 전부다 거래는  년  월  일까지 주식매매계약 체결할 계획이다 전선형  sunnyjun edaily co kr   시간 빠른  미리보는 뉴스  eNews  네이버에서  이데일리 뉴스 를 만나보세요  빡침해소  청춘뉘우스  스냅타임 종합 경제정보 미디어 이데일리   무단전재   재배포 금지 ,2020-12-24,1.91,0.0
156,156,두산중공업  열교환기 효율   이상 높여,2020.12.23 17:51,두산중공업이  차세대 열교환기 로 불리는 인쇄회로 기판형 열교환기 PCHE  시장에 본격적으로 진출한다 두산중공업은 핵심 기술인 유로 설계와 공정 기술을 확보하고  대형 PCHE 제작이 가능한  t급 고온 프레스 고온 확산 접합로  설치를 완료했다고  일 밝혔다 열교환기는 두 개 이상의 유체 물  공기  수소 등  사이에서 유체의 냉각 또는 온도를 높이는 목적으로 열을 교환하는 장치다  PCHE는 화학적 방식으로 미세한 유체 이동로를 기판에 부식 가공하고 여러 층으로 쌓은 뒤 고압을 가해 제작된다 PCHE는 기존 전열관형 방식 열교환기보다  분의   이하로 축소 제작이 가능해   이상 열교환 효율을 높일 수 있다  또 스테인리스  초합금 등 고급 재질을 사용해 초고온과 초고압 환경에서 적용할 수 있다  두산중공업은 이번 고온 프레스 설치를 계기로 가스터빈  국제핵융합실험로 ITER 용 대형 PCHE 수주에 나설 계획이다 강경민 기자 kkm hankyung com  한경 고품격 뉴스레터  원클릭으로 구독하세요  네이버에서 한국경제 뉴스를 받아보세요  모바일한경 구독신청  한국경제   hankyung com  무단전재 및 재배포 금지,2020-12-24,1.91,0.0
157,157,두산중공업  열교환기 효율   이상 높여,2020.12.23 17:51,두산중공업이  차세대 열교환기 로 불리는 인쇄회로 기판형 열교환기 PCHE  시장에 본격적으로 진출한다 두산중공업은 핵심 기술인 유로 설계와 공정 기술을 확보하고  대형 PCHE 제작이 가능한  t급 고온 프레스 고온 확산 접합로  설치를 완료했다고  일 밝혔다 열교환기는 두 개 이상의 유체 물  공기  수소 등  사이에서 유체의 냉각 또는 온도를 높이는 목적으로 열을 교환하는 장치다  PCHE는 화학적 방식으로 미세한 유체 이동로를 기판에 부식 가공하고 여러 층으로 쌓은 뒤 고압을 가해 제작된다 PCHE는 기존 전열관형 방식 열교환기보다  분의   이하로 축소 제작이 가능해   이상 열교환 효율을 높일 수 있다  또 스테인리스  초합금 등 고급 재질을 사용해 초고온과 초고압 환경에서 적용할 수 있다  두산중공업은 이번 고온 프레스 설치를 계기로 가스터빈  국제핵융합실험로 ITER 용 대형 PCHE 수주에 나설 계획이다 강경민 기자 kkm hankyung com  한경 고품격 뉴스레터  원클릭으로 구독하세요  네이버에서 한국경제 뉴스를 받아보세요  모바일한경 구독신청  한국경제   hankyung com  무단전재 및 재배포 금지,2020-12-24,1.91,0.0
158,158,두산중공업  차세대 열교환기 시장 본격 진출,2020.12.23 22:35,두산중공업은  차세대 열교환기 로 불리는 PCHE 인쇄회로 기판형 열교환기  시장 공략을 위해 핵심 기술인 유로 설계 및 공정기술을 확보하는 한편  대형 PCHE 제작이 가능한  t급 고온 프레스 설치를 최근 완료했다고  일 밝혔다 열교환기는 수소충전소  LNG 선박  가스터빈  연료전지 등에 사용해 물이나 공기같은 유체 온도를 올리거나 낮추는데 쓰이는 장치다  PCHE는 기존 전열관형 방식 열교환기에 비해  분의   이하로 축소 제작이 가능해   이상 열교환 효율을 높일 수 있다는 장점을 지닌다  아울러 스테인리스  초합금 등을 사용해 초고온 고압 등 가혹한 운전 환경에서 운영이 가능한데다 컴팩트한 사이즈 덕분에 제한된 공간 내 열교환이 가능해 수요가 확대되고 있다 두산중공업은 이미 국내 수소충전소용 PCHE 시제품을 수주해 기술력을 인정 받았으며 가스터빈  국제핵융합실험로용 대형 PCHE도 수주 제작이 가능하다  PCHE 관련 국내 시장 규모는 오는  년까지 연평균 약  억원에 이를 것으로 전망된다 나기용 두산중공업 부사장은  발전용 열교환기 설계 역량을 보유한 전문연구인력을 활용해 유로 설계 핵심 기술을 확보했으며  기존 단조 프레스 운영 경험을 토대로 PCHE 제조 역량을 조기에 갖췄다 며  앞으로 수소  LNG 선박  가스터빈  연료전지 등 다양한 분야에서 사업을 확대해 나가겠다 고 밝혔다 [한우람 기자]  네이버 메인에서  매일경제 를 받아보세요  궁금한 제조과정 영상으로 보세요   이렇게 만들죠  아파트 살까 청약할까  여기서 확인하세요   매부리tv [  매일경제   mk co kr  무단전재 및 재배포 금지],2020-12-24,1.91,0.0
159,159,우원개발  두산중공업과  억원 규모 고속국도 건설 계약,2020.12.29 18:19,[아시아경제 유현석 기자] 우원개발은 두산중공업과  억원 규모의 고속국도 제 호선 세종 안성간 건설공사 제 공구  계약을 체결했다고  일 공시했다  기간은  년  월 일까지다 유현석 기자 guspower asiae co kr   년 신축년  신년운세와 토정비결은  발 빠른 최신 뉴스  네이버 메인에서 바로 보기    소비자대상 설문 참여하면 경품 추첨 경제를 보는 눈  세계를 보는 창 아시아경제 무단전재 배포금지 ,2020-12-30,3.45,1.0
160,160,서호전기  두산중공업 공급계약 기간  월말로 연장,2021.01.13 16:44,[이데일리 김소연 기자] 서호전기 는 두산중공업 과 체결한  억 만원 규모의 부산신항만 무인자동화 야드 크레인 ARMGC   기 메인 콘트롤 시스템 공급 계약기간을 오는  월  일로 연장하기로 했다고  일 공시했다  회사 측은 계약 상대방의 생산일정에 따른 계약기간 연장 요청에 따라 기간을 연장한다고 설명했다  당초 계약기간은 오는  일까지였다 김소연  sykim edaily co kr   시간 빠른  미리보는 뉴스  eNews  네이버에서  이데일리 뉴스 를 만나보세요  빡침해소  청춘뉘우스  스냅타임 종합 경제정보 미디어 이데일리   무단전재   재배포 금지 ,2021-01-14,4.51,1.0
161,161,[특징주]두산인프라   법인 소송 원심 파기 두산중공업   급등세,2021.01.14 11:55,[헤럴드경제 박이담 기자] 두산인프라코어의 소송 리스크가 해소되면서 두산중공업의 주가가 급등세를 보이고 있다 일 한국거래소에 따르면 오전 시 분 기준 두산중공업의 주가는 전일보다  원  오른  만 원에 거래되고 있다 이날 대법원은 두산인프라코어의 재무적투자자 FI 인 미래에셋자산운용  IMM PE  하나금융투자 등이 중국법인 DICC  투자금 회수 문제로 두산인프라코어를 상대로 낸 매매대금 등 지급 청구 소송에서 투자자측 일부 승소를 판결했던 원심을 파기했다  사건은 다시 서울고법으로 돌아가 두산인프라코어는 다시 한번 기회를 얻게 됐다 이 소식이 전해지면서 두산인프라코어의 지분   보유한 두산중공업의 주가가 탄력을 받는 모습이다 parkidam heraldcorp com 환경적 대화기구  헤럴드에코 밀리터리 전문 콘텐츠  헤밀 헤럴드경제 네이버 채널 구독  Copyrights   헤럴드경제   heraldbiz com  무단 전재 및 재배포 금지  ,2021-01-14,4.51,1.0
162,162,두산중공업   억 사우디 해수담수화 플랜트 공사 수주,2021.01.25 17:06,[아시아경제 오현길 기자] 두산중공업은  억원 규모의 사우디아라비아 해수담수화 플랜트 Yanbu   RO Plant  공사를 수주했다고  일 공시했다 오현길 기자 ohk asiae co kr   년 신축년  신년운세와 토정비결은  발 빠른 최신 뉴스  네이버 메인에서 바로 보기   년부터 이렇게 달라진다  필수 체크 경제를 보는 눈  세계를 보는 창 아시아경제 무단전재 배포금지 ,2021-01-26,0.38,0.0
163,163,두산중공업   억 사우디 해수담수화 플랜트 공사 수주,2021.01.25 17:06,[아시아경제 오현길 기자] 두산중공업은  억원 규모의 사우디아라비아 해수담수화 플랜트 Yanbu   RO Plant  공사를 수주했다고  일 공시했다 오현길 기자 ohk asiae co kr   년 신축년  신년운세와 토정비결은  발 빠른 최신 뉴스  네이버 메인에서 바로 보기   년부터 이렇게 달라진다  필수 체크 경제를 보는 눈  세계를 보는 창 아시아경제 무단전재 배포금지 ,2021-01-26,0.38,0.0
164,164,두산중공업  사우디에서  억원 규모 해수담수화플랜트 수주,2021.01.25 17:09,두산중공업이 수주한 얀부  해수담수화플랜트 위치 [파이낸셜뉴스] 두산중공업이 사우디아라비아에서  억원 규모의 해수담수화플랜트 수주에 성공했다 두산중공업은 디벨로퍼 Developer 인 프랑스 에너지 전문 기업  엔지 Engie  사우디 기업  모와 Mowah   네스마 Nesma 로 구성된 컨소시엄과 얀부  단계  Yanbu  해수담수화 플랜트 건설 공사 계약을 체결했다고  일 밝혔다 얀부  해수담수화플랜트는 RO 역삼투압  방식으로 제다 시 북쪽  km 지점에 위치한 알라이스  Alrayyis  지역에 건설된다  RO 해수담수화는 역삼투압의 원리를 이용한 것으로  바닷물에 인위적인 압력을 가해 반투막 Membrane 을 통과시켜 염분을 제거하는 방식이다 두산중공업은 설계에서부터 기자재 제작  시공까지 일괄 수행하는 EPC 방식으로 얀부  해수담수화플랜트를  년까지 건설할 예정이다  완공 시 하루에 약  만 명이 동시에 사용 가능한  만 톤의 물을 생산해 사우디 서부 알라이스 지역에 공급하게 된다 박인원 두산중공업 플랜트 EPC BG장은  이번 수주를 통해  RO 방식의 해수담수플랜트 건설이 확대되는 중동에서 기술력을 다시 한 번 인정 받았다  면서  년까지 약  억달러로 전망되는 중동 지역 RO방식 해수담수화 시장을 적극 공략해 나가겠다 라고 밝혔다 두산중공업은 지난  년 쿠웨이트 도하 Doha   단계   년 사우디 쇼아이바 프로젝트   년 오만 샤르키아 해수담수화플랜트 수주에 이어 이번에 사우디 얀부  단계 프로젝트 공사계약을 체결하며  중동 지역에서 지속적으로 해수담수화 플랜트 수주를 이어가고 있다 한편 한국수출입은행은 디벨로퍼인 프랑스 엔지의 요청을 받아 총  억원 규모의 프로젝트 파이낸싱 PF  Project Financing 을 제공하며 수주를 적극 지원했다  수출입은행이 RO 방식 해수담수화플랜트 사업에 금융지원을 한 것은 이번이 처음이며  앞으로도 이 분야 금융지원을 적극 확대해 나갈 것으로 알려졌다 pja fnnews com 박지애 기자  헉  소리나는 스 토리 뉴스 [헉스]   아는 척 하고 싶은 당신을 위한 [두유노우]  날로먹고 구워먹는 금융이슈 [파인애플]  저작권자   파이낸셜뉴스  무단 전재 재배포 금지,2021-01-26,0.38,0.0
165,165,두산중공업  사우디에서  억원 규모 해수담수화플랜트 수주,2021.01.25 17:09,두산중공업이 수주한 얀부  해수담수화플랜트 위치 [파이낸셜뉴스] 두산중공업이 사우디아라비아에서  억원 규모의 해수담수화플랜트 수주에 성공했다 두산중공업은 디벨로퍼 Developer 인 프랑스 에너지 전문 기업  엔지 Engie  사우디 기업  모와 Mowah   네스마 Nesma 로 구성된 컨소시엄과 얀부  단계  Yanbu  해수담수화 플랜트 건설 공사 계약을 체결했다고  일 밝혔다 얀부  해수담수화플랜트는 RO 역삼투압  방식으로 제다 시 북쪽  km 지점에 위치한 알라이스  Alrayyis  지역에 건설된다  RO 해수담수화는 역삼투압의 원리를 이용한 것으로  바닷물에 인위적인 압력을 가해 반투막 Membrane 을 통과시켜 염분을 제거하는 방식이다 두산중공업은 설계에서부터 기자재 제작  시공까지 일괄 수행하는 EPC 방식으로 얀부  해수담수화플랜트를  년까지 건설할 예정이다  완공 시 하루에 약  만 명이 동시에 사용 가능한  만 톤의 물을 생산해 사우디 서부 알라이스 지역에 공급하게 된다 박인원 두산중공업 플랜트 EPC BG장은  이번 수주를 통해  RO 방식의 해수담수플랜트 건설이 확대되는 중동에서 기술력을 다시 한 번 인정 받았다  면서  년까지 약  억달러로 전망되는 중동 지역 RO방식 해수담수화 시장을 적극 공략해 나가겠다 라고 밝혔다 두산중공업은 지난  년 쿠웨이트 도하 Doha   단계   년 사우디 쇼아이바 프로젝트   년 오만 샤르키아 해수담수화플랜트 수주에 이어 이번에 사우디 얀부  단계 프로젝트 공사계약을 체결하며  중동 지역에서 지속적으로 해수담수화 플랜트 수주를 이어가고 있다 한편 한국수출입은행은 디벨로퍼인 프랑스 엔지의 요청을 받아 총  억원 규모의 프로젝트 파이낸싱 PF  Project Financing 을 제공하며 수주를 적극 지원했다  수출입은행이 RO 방식 해수담수화플랜트 사업에 금융지원을 한 것은 이번이 처음이며  앞으로도 이 분야 금융지원을 적극 확대해 나갈 것으로 알려졌다 pja fnnews com 박지애 기자  헉  소리나는 스 토리 뉴스 [헉스]   아는 척 하고 싶은 당신을 위한 [두유노우]  날로먹고 구워먹는 금융이슈 [파인애플]  저작권자   파이낸셜뉴스  무단 전재 재배포 금지,2021-01-26,0.38,0.0
166,166,두산중공업  사우디서  억원 규모 해수담수화 공사 수주,2021.01.25 17:15,[이데일리 송승현 기자] 두산중공업 은 사우디아라비아 Yanbu International Water Company와 약  억원 규모의 해수담수화 공사를 수주했다고  일 공시했다  이는 지난  년 매출액 기준   해당하는 규모로  계약기간은 오는  월 일부터  년  월 일까지다 송승현  dindibug edaily co kr   시간 빠른  미리보는 뉴스  eNews  네이버에서  이데일리 뉴스 를 만나보세요  빡침해소  청춘뉘우스  스냅타임 종합 경제정보 미디어 이데일리   무단전재   재배포 금지 ,2021-01-26,0.38,0.0
167,167,두산중공업  사우디서  억원 규모 해수담수화 공사 수주,2021.01.25 17:15,[이데일리 송승현 기자] 두산중공업 은 사우디아라비아 Yanbu International Water Company와 약  억원 규모의 해수담수화 공사를 수주했다고  일 공시했다  이는 지난  년 매출액 기준   해당하는 규모로  계약기간은 오는  월 일부터  년  월 일까지다 송승현  dindibug edaily co kr   시간 빠른  미리보는 뉴스  eNews  네이버에서  이데일리 뉴스 를 만나보세요  빡침해소  청춘뉘우스  스냅타임 종합 경제정보 미디어 이데일리   무단전재   재배포 금지 ,2021-01-26,0.38,0.0
168,168,두산중공업   억 사우디 해수담수화플랜트 수주,2021.01.25 17:43,수출입   억 PF지원 받아 하루 물  만t 생산 두산중공업이 수주한 사우디 해수담수화플랜트 위치 두산중공업이 사우디아라비아에서  억원 규모 해수담수화플랜트를 수주했다  두산중공업은 디벨로퍼인 프랑스 에너지 전문 기업  엔지 Engie  사우디 기업  모와 Mowah   네스마 Nesma 로 구성된 컨소시엄과 얀부  단계  Yanbu  해수담수화 플랜트 건설 공사 계약을 체결했다고  일 밝혔다  해당 플랜트 건설에는 한국수출입은행이  억원 규모 프로젝트파이낸싱 PF 을 제공한다 이번 플랜트는 역삼투압 RO  방식 해수담수화플랜트다  사우디 제다시 북쪽  에 위치한 알라이스  Alrayyis  지역에 건설된다  RO 해수담수화는 역삼투압 원리를 활용해 바닷물에 인위적 압력을 가해 반투막 멤브레인 을 통과시켜 바닷물을 담수로 바꾸는 방식이다 두산중공업은 설계에서부터 기자재 제작  시공까지 일괄 수행하는 EPC 방식으로  년까지 건설할 예정이다  완공 시 하루에 약  만 명이 동시에 사용 가능한  만t 물을 생산해 사우디 서부 알라이스 지역에 공급하게 된다 박인원 두산중공업 플랜트 EPC BG장은  이번 수주를 통해 RO 방식 해수담수플랜트 건설이 확대되는 중동에서 기술력을 다시 한 번 인정 받았다  면서  년까지 약  억달러로 전망되는 중동 지역 RO방식 해수담수화 시장을 적극 공략해 나가겠다 라고 밝혔다 두산중공업은 지난  년 쿠웨이트 도하 Doha   단계   년 사우디 쇼아이바 프로젝트   년 오만 샤르키아 해수담수화플랜트 등을 잇달아 수주한 바 있다 [한우람 기자]  네이버 메인에서  매일경제 를 받아보세요  궁금한 제조과정 영상으로 보세요   이렇게 만들죠  아파트 살까 청약할까  여기서 확인하세요   매부리tv [  매일경제   mk co kr  무단전재 및 재배포 금지],2021-01-26,0.38,0.0
169,169,두산중공업   억 사우디 해수담수화플랜트 수주,2021.01.25 17:43,수출입   억 PF지원 받아 하루 물  만t 생산 두산중공업이 수주한 사우디 해수담수화플랜트 위치 두산중공업이 사우디아라비아에서  억원 규모 해수담수화플랜트를 수주했다  두산중공업은 디벨로퍼인 프랑스 에너지 전문 기업  엔지 Engie  사우디 기업  모와 Mowah   네스마 Nesma 로 구성된 컨소시엄과 얀부  단계  Yanbu  해수담수화 플랜트 건설 공사 계약을 체결했다고  일 밝혔다  해당 플랜트 건설에는 한국수출입은행이  억원 규모 프로젝트파이낸싱 PF 을 제공한다 이번 플랜트는 역삼투압 RO  방식 해수담수화플랜트다  사우디 제다시 북쪽  에 위치한 알라이스  Alrayyis  지역에 건설된다  RO 해수담수화는 역삼투압 원리를 활용해 바닷물에 인위적 압력을 가해 반투막 멤브레인 을 통과시켜 바닷물을 담수로 바꾸는 방식이다 두산중공업은 설계에서부터 기자재 제작  시공까지 일괄 수행하는 EPC 방식으로  년까지 건설할 예정이다  완공 시 하루에 약  만 명이 동시에 사용 가능한  만t 물을 생산해 사우디 서부 알라이스 지역에 공급하게 된다 박인원 두산중공업 플랜트 EPC BG장은  이번 수주를 통해 RO 방식 해수담수플랜트 건설이 확대되는 중동에서 기술력을 다시 한 번 인정 받았다  면서  년까지 약  억달러로 전망되는 중동 지역 RO방식 해수담수화 시장을 적극 공략해 나가겠다 라고 밝혔다 두산중공업은 지난  년 쿠웨이트 도하 Doha   단계   년 사우디 쇼아이바 프로젝트   년 오만 샤르키아 해수담수화플랜트 등을 잇달아 수주한 바 있다 [한우람 기자]  네이버 메인에서  매일경제 를 받아보세요  궁금한 제조과정 영상으로 보세요   이렇게 만들죠  아파트 살까 청약할까  여기서 확인하세요   매부리tv [  매일경제   mk co kr  무단전재 및 재배포 금지],2021-01-26,0.38,0.0
170,170,두산중공업  사우디  억원 해수담수화플랜트 수주,2021.01.25 18:05,서부 알라이스 지역에 건설되는 얀부  단계 플랜트 하루 물  만 톤 생산 년까지  억 달러 규모 중동지역 RO방식 해수담수화 시장 공략 두산중공업이 수주한 얀부  해수담수화플랜트 위치 두산중공업이 수주한 얀부  해수담수화플랜트 위치 두산중공업이 사우디아라비아에서  억원 규모의 해수담수화플랜트 수주에 성공했다 두산중공업은 디벨로퍼 Developer 인 프랑스 에너지 전문 기업  엔지 Engie  사우디 기업  모와 Mowah   네스마 Nesma 로 구성된 컨소시엄과 얀부  단계  Yanbu  해수담수화 플랜트 건설 공사 계약을 체결했다고  일 밝혔다 얀부  해수담수화플랜트는역삼투압 RO  Reverse Osmosis  방식으로 제다 시 북쪽  km 지점에 위치한 알라이스 Alrayyis  지역에 건설된다  RO해수담수화는 역삼투압의 원리를 이용한 것으로  바닷물에 인위적인 압력을 가해 반투막 Membrane 을 통과시켜 염분을 제거하는 방식이다 두산중공업은 설계에서부터 기자재 제작  시공까지 일괄 수행하는 EPC 방식으로 얀부  해수담수화플랜트를  년까지 건설할 예정이다  완공 시 하루에 약  만 명이 동시에 사용 가능한  만 톤의 물을 생산해 사우디 서부 알라이스 지역에 공급하게 된다 박인원 두산중공업 플랜트 EPC BG장은  이번 수주를 통해  RO 방식의 해수담수플랜트 건설이 확대되는 중동에서 기술력을 다시 한 번 인정 받았다  면서  년까지 약  억달러로 전망되는 중동 지역 RO방식 해수담수화 시장을 적극 공략해 나가겠다 라고 밝혔다 두산중공업은 지난  년 쿠웨이트 도하 Doha   단계   년 사우디 쇼아이바 프로젝트   년 오만 샤르키아 해수담수화플랜트 수주에 이어 이번에 사우디 얀부  단계 프로젝트 공사계약을 체결하며  중동 지역에서 지속적으로 해수담수화 플랜트 수주를 이어가고 있다 한편 한국수출입은행은 디벨로퍼인 프랑스 엔지의 요청을 받아 총  억원 규모의 프로젝트 파이낸싱 PF 을 제공하며 수주를 적극 지원했다  수출입은행이 RO 방식 해수담수화플랜트 사업에 금융지원을 한 것은 이번이 처음이며  앞으로도 이 분야 금융지원을 적극 확대해 나갈 것으로 알려졌다  조세일보 홈페이지   정회원 가입  조세일보 네이버 뉴스스탠드 구독 종합 경제 김상우 swkim joseilbo com 저작권자   조세일보 http www joseilbo com  무단전재 및 재배포 금지,2021-01-26,0.38,0.0
171,171,두산중공업  사우디  억원 해수담수화플랜트 수주,2021.01.25 18:05,서부 알라이스 지역에 건설되는 얀부  단계 플랜트 하루 물  만 톤 생산 년까지  억 달러 규모 중동지역 RO방식 해수담수화 시장 공략 두산중공업이 수주한 얀부  해수담수화플랜트 위치 두산중공업이 수주한 얀부  해수담수화플랜트 위치 두산중공업이 사우디아라비아에서  억원 규모의 해수담수화플랜트 수주에 성공했다 두산중공업은 디벨로퍼 Developer 인 프랑스 에너지 전문 기업  엔지 Engie  사우디 기업  모와 Mowah   네스마 Nesma 로 구성된 컨소시엄과 얀부  단계  Yanbu  해수담수화 플랜트 건설 공사 계약을 체결했다고  일 밝혔다 얀부  해수담수화플랜트는역삼투압 RO  Reverse Osmosis  방식으로 제다 시 북쪽  km 지점에 위치한 알라이스 Alrayyis  지역에 건설된다  RO해수담수화는 역삼투압의 원리를 이용한 것으로  바닷물에 인위적인 압력을 가해 반투막 Membrane 을 통과시켜 염분을 제거하는 방식이다 두산중공업은 설계에서부터 기자재 제작  시공까지 일괄 수행하는 EPC 방식으로 얀부  해수담수화플랜트를  년까지 건설할 예정이다  완공 시 하루에 약  만 명이 동시에 사용 가능한  만 톤의 물을 생산해 사우디 서부 알라이스 지역에 공급하게 된다 박인원 두산중공업 플랜트 EPC BG장은  이번 수주를 통해  RO 방식의 해수담수플랜트 건설이 확대되는 중동에서 기술력을 다시 한 번 인정 받았다  면서  년까지 약  억달러로 전망되는 중동 지역 RO방식 해수담수화 시장을 적극 공략해 나가겠다 라고 밝혔다 두산중공업은 지난  년 쿠웨이트 도하 Doha   단계   년 사우디 쇼아이바 프로젝트   년 오만 샤르키아 해수담수화플랜트 수주에 이어 이번에 사우디 얀부  단계 프로젝트 공사계약을 체결하며  중동 지역에서 지속적으로 해수담수화 플랜트 수주를 이어가고 있다 한편 한국수출입은행은 디벨로퍼인 프랑스 엔지의 요청을 받아 총  억원 규모의 프로젝트 파이낸싱 PF 을 제공하며 수주를 적극 지원했다  수출입은행이 RO 방식 해수담수화플랜트 사업에 금융지원을 한 것은 이번이 처음이며  앞으로도 이 분야 금융지원을 적극 확대해 나갈 것으로 알려졌다  조세일보 홈페이지   정회원 가입  조세일보 네이버 뉴스스탠드 구독 종합 경제 김상우 swkim joseilbo com 저작권자   조세일보 http www joseilbo com  무단전재 및 재배포 금지,2021-01-26,0.38,0.0
172,172,두산중공업  사우디에서  억원 규모 해수담수화플랜트 수주,2021.01.25 20:57,두산중공업이 수주한 얀부  해수담수화플랜트 위치  [두산중공업 위치] [헤럴드경제 양대근 기자] 두산중공업이 사우디아라비아에서  억원 규모의 해수담수화플랜트 수주에 성공했다고  일 밝혔다 이날 두산중공업은 디벨로퍼 Developer 인 프랑스 에너지 전문 기업  엔지 Engie  사우디 기업  모와 Mowah   네스마 Nesma 로 구성된 컨소시엄과 얀부  단계  Yanbu  해수담수화 플랜트 건설 공사 계약을 체결했다 얀부  해수담수화플랜트는 RO Reverse Osmosis  역삼투압  방식으로 제다 시 북쪽  km 지점에 위치한 알라이스  Alrayyis  지역에 건설된다  RO 해수담수화는 역삼투압의 원리를 이용한 것으로  바닷물에 인위적인 압력을 가해 반투막 Membrane 을 통과시켜 염분을 제거하는 방식이다 두산중공업은 설계에서부터 기자재 제작  시공까지 일괄 수행하는 EPC 방식으로 얀부  해수담수화플랜트를  년까지 건설할 예정이다  완공 시 하루에 약  만 명이 동시에 사용 가능한  만 톤의 물을 생산해 사우디 서부 알라이스 지역에 공급하게 된다 박인원 두산중공업 플랜트 EPC BG장은  이번 수주를 통해  RO 방식의 해수담수플랜트 건설이 확대되는 중동에서 기술력을 다시 한 번 인정 받았다  면서  년까지 약  억달러로 전망되는 중동 지역 RO방식 해수담수화 시장을 적극 공략해 나가겠다 라고 밝혔다 두산중공업은 지난  년 쿠웨이트 도하 Doha   단계   년 사우디 쇼아이바 프로젝트   년 오만 샤르키아 해수담수화플랜트 수주에 이어 이번에 사우디 얀부  단계 프로젝트 공사계약을 체결하며  중동 지역에서 지속적으로 해수담수화 플랜트 수주를 이어가고 있다 한편 한국수출입은행은 디벨로퍼인 프랑스 엔지의 요청을 받아 총  억원 규모의 프로젝트 파이낸싱 PF 을 제공하며 수주를 적극 지원했다  수출입은행이 RO 방식 해수담수화플랜트 사업에 금융지원을 한 것은 이번이 처음이며  앞으로도 이 분야 금융지원을 적극 확대해 나갈 것으로 알려졌다 bigroot heraldcorp com 환경적 대화기구  헤럴드에코 밀리터리 전문 콘텐츠  헤밀 헤럴드경제 네이버 채널 구독  Copyrights   헤럴드경제   heraldbiz com  무단 전재 및 재배포 금지  ,2021-01-26,0.38,0.0
173,173,두산중공업  사우디에서  억원 규모 해수담수화플랜트 수주,2021.01.25 20:57,두산중공업이 수주한 얀부  해수담수화플랜트 위치  [두산중공업 위치] [헤럴드경제 양대근 기자] 두산중공업이 사우디아라비아에서  억원 규모의 해수담수화플랜트 수주에 성공했다고  일 밝혔다 이날 두산중공업은 디벨로퍼 Developer 인 프랑스 에너지 전문 기업  엔지 Engie  사우디 기업  모와 Mowah   네스마 Nesma 로 구성된 컨소시엄과 얀부  단계  Yanbu  해수담수화 플랜트 건설 공사 계약을 체결했다 얀부  해수담수화플랜트는 RO Reverse Osmosis  역삼투압  방식으로 제다 시 북쪽  km 지점에 위치한 알라이스  Alrayyis  지역에 건설된다  RO 해수담수화는 역삼투압의 원리를 이용한 것으로  바닷물에 인위적인 압력을 가해 반투막 Membrane 을 통과시켜 염분을 제거하는 방식이다 두산중공업은 설계에서부터 기자재 제작  시공까지 일괄 수행하는 EPC 방식으로 얀부  해수담수화플랜트를  년까지 건설할 예정이다  완공 시 하루에 약  만 명이 동시에 사용 가능한  만 톤의 물을 생산해 사우디 서부 알라이스 지역에 공급하게 된다 박인원 두산중공업 플랜트 EPC BG장은  이번 수주를 통해  RO 방식의 해수담수플랜트 건설이 확대되는 중동에서 기술력을 다시 한 번 인정 받았다  면서  년까지 약  억달러로 전망되는 중동 지역 RO방식 해수담수화 시장을 적극 공략해 나가겠다 라고 밝혔다 두산중공업은 지난  년 쿠웨이트 도하 Doha   단계   년 사우디 쇼아이바 프로젝트   년 오만 샤르키아 해수담수화플랜트 수주에 이어 이번에 사우디 얀부  단계 프로젝트 공사계약을 체결하며  중동 지역에서 지속적으로 해수담수화 플랜트 수주를 이어가고 있다 한편 한국수출입은행은 디벨로퍼인 프랑스 엔지의 요청을 받아 총  억원 규모의 프로젝트 파이낸싱 PF 을 제공하며 수주를 적극 지원했다  수출입은행이 RO 방식 해수담수화플랜트 사업에 금융지원을 한 것은 이번이 처음이며  앞으로도 이 분야 금융지원을 적극 확대해 나갈 것으로 알려졌다 bigroot heraldcorp com 환경적 대화기구  헤럴드에코 밀리터리 전문 콘텐츠  헤밀 헤럴드경제 네이버 채널 구독  Copyrights   헤럴드경제   heraldbiz com  무단 전재 및 재배포 금지  ,2021-01-26,0.38,0.0
174,174,[특징주]두산중공업  사우디  억원 규모 수주에  강세 ,2021.01.26 09:35,[이데일리 유준하 기자] 두산중공업 이 사우디아라비아에서  억원 규모의 해수 담수화 플랜트 수주에 강세다 일 마켓포인트에 따르면 오전  시 분 기준 두산중공업 주가는 전 거래일 대비  원  오른  만 원을 기록 중이다 두산중공업은 프랑스 에너지 전문 기업 엔지  사우디 기업 모와 등으로 구성된 컨소시엄과 얀부  단계 해수 담수화 플랜트 건설 공사 계약을 체결했다고 지난  일 밝혔다 얀부  해수 담수화 플랜트는 사우디 제다시 북쪽   지점에 있는 알라이스 지역에 건설된다  역삼투압 RO  해수 담수화는 바닷물에 인위적인 압력을 가해 반투막 Membrane 을 통과시켜 염분을 제거하는 기술로 플랜트 완공 시 하루에  만t의 물이 알라이스 지역에 공급된다   만t은  만명이 동시에 사용할 수 있는 양이다 두산중공업은 설계에서부터 기자재 제작  시공까지 일괄 수행하는 EPC 방식으로 오는  년까지 해수 담수화 플랜트를 건설할 예정이다 유준하  xylitol edaily co kr   시간 빠른  미리보는 뉴스  eNews  네이버에서  이데일리 뉴스 를 만나보세요  빡침해소  청춘뉘우스  스냅타임 종합 경제정보 미디어 이데일리   무단전재   재배포 금지 ,2021-01-26,0.38,0.0
175,175,두산중공업 등  개사  월 보호예수 일부 해제,2021.01.29 10:36,코스피  개사  만주 코스닥  개사  억 만주 해덕파워웨이 상장적격성 실질심사 이유로 해제키로[이데일리 이지현 기자] 내달 두산중공업  세화아이엠씨  드림텍  등  개사의 의무보유 물량이 해제된다   억여주가 시장에 쏟아져 나올 것으로 보인다 일 한국예탁결제원은 일정 기간 예탁원에서 맡아온 최대주주 등의 의무보유 지분 총  개사  억 만주가  월 중 해제될 예정이라고 밝혔다  지난해  월 억 만주 과 비교하면   증가한 규모다 의무보유는 최대주주 및 인수인이 보유한 주식을 일정 기간 매도하지 못하게 하는 제도다  이를 통해 최대주주 등의 지분 매각에 따른 주가 급락으로부터 소액투자자를 보호하고 있다 월 코스피 의무보유해제 대상 현황 시장별로는 유가증권시장  만주 개사  코스닥시장  억 만주 개사 다  최초 상장 시 최대주주 등의 지분 유통을 제한하는 이유도 있으나 유가증권시장  코스닥시장 모두 모집 전매제한 의무보유 해제 수량이  만주   만주로 가장 많았다 의무보유 해제 주식 수량이 가장 많은 종목은 두산중공업이다  오는  일 전매제한으로 묶였던  만주가 해제된다  총 발행주식수의  에 이르는 규모다  발행수량 대비 해제 수량 비율이 가장 큰 종목은 피에스케이홀딩스 다  오는  일 발행주식수의  에 이르는  만주에 대한 전매제한이 해제된다 올해  호 상장기업인 엔비티 의  만주 는 오는  일 보호예수가 해제된다  펀드 사기 의혹으로 수사를 받는 옵티머스자산운용 관계사인 해덕파워웨이 는 상장적격성 실질심사를 이유로  만주 의 보호예수가 해제된다 이 외에도 코스피 종목 중에서는 내달  일 이지스레지던스위탁관리부동산투자회사  만주   일 세화아이엠씨  만주   일 드림텍  만주  등이 시장에 나온다  코스닥 종목 중에서는 아이디피  와이즈버즈  소리바다  고바이오랩  등의 보호예수가 해제된다 월 코스닥 의무보유해제 대상 현황 이지현  ljh edaily co kr   시간 빠른  미리보는 뉴스  eNews  네이버에서  이데일리 뉴스 를 만나보세요  빡침해소  청춘뉘우스  스냅타임 종합 경제정보 미디어 이데일리   무단전재   재배포 금지 ,2021-01-29,-7.11,-1.0
176,176,[단독   산업은행의 두산중공업  편법 지원  논란] 삼척석탄화력발전소 건설 과정서 남몰래 우회 지원,2021.02.01 13:09, 보증 세워 갚겠다  약정 위반에도 무마   상환 가능성 낮아 국민 세금 낭비  지적 산업은행이 삼척석탄화력발전소 이하 삼척화력발전소  설계 조달 시공 EPC  업체인 두산중공업을 남몰래 우회 지원한 것으로 드러났다  산업은행은 두산중공업이  년 EPC 계약 가점을 위해  억원으로  억원 규모의 삼척화력발전소 지분  를 인수   남은 금액은 신용도 하락 시 보증을 세워서라도 갚겠다 고 한 약정을 위반했음에도 이를 무마해 준 것으로 나타났다  산업은행이 약  조원 규모 삼척화력발전소 건설 사업에  조원 금융을 주선한 만큼 두산중공업 지원을 통한 사업 진행을 택할 수밖에 없었을 것이라는 평가지만   편법 지원  비판이 일고 있다 특히 국책은행인 산업은행의 이 같은 조처는 최근 기후위기 대응에 적극적으로 나서고 있는 정부 기조와도 대조된다  문재인 정부는 지난해  월 인프라 에너지 녹색 전환과 녹색산업 혁신 등  탈탄소  목표를 담은 그린뉴딜을 발표하고  지난해  월  년까지 이산화탄소 등 온실가스 순배출량을  으로 맞추는  탄소중립 을 선언했다  에너지업계 전문가는  최근 정부의 탈탄소 시계가 빨라지고 있음에도 산업은행은 석탄화력발전사업에 대한 정확한 경제성 평가 없이 지원만을 계속하고 있다 면서  상환가능성을 면밀히 따져봐야 한다 고 지적했다 억원으로  억 지분 얻고  잔액은 할부로 금융투자업계에 따르면 삼척화력발전소 출자자이자 EPC 사업자인 두산중공업은 지난해  월 산업은행과 맺은 출자자 약정을 위반하고도 사업을 지속하고 있는 것으로 알려졌다  앞서 두산중공업은 EPC 계약 출자자 가점을 위해  억원으로  억원 상당 삼척블루파워 지분  를 인수  차액  억원을  년  월 납입키로 했다  대신 납입 전 기업 신용도가 하락할 경우 출자이행보증서를 제출하기로 약정했다  하지만 지난해  월 두산중공업 신용등급은  투기  바로 위인 BBB 로 하향 조정됐고 두산중공업은 약정에 따라 보증을 세워야 했지만  지키지 못했다 현재 두산중공업은 강원도 삼척시 적노동 일대 삼척화력발전소 건설에 속도를 내고 있다  산업은행이 두산중공업의 약정 위반에 대해 눈 감고 잔여 출자금액 적립이란 대체 방안에 동의해줬기 때문이다  [이코노미스트] 취재 결과 두산중공업은 잇따른 재무악화로 출자이행보증서 마련이 어려워지자 삼척화력발전소 공정 진행에 따른 공사대금을 적립하겠다는 대안을 제시  산업은행 동의를 받은 것으로 확인됐다  산업은행을 근질권자로 하는 계좌에 두산중공업이 받는 기성대금의  를 매달 적립해  년  월까지  억원을 만들어두겠다는 게 핵심이다 약정 위반 무마가 산업은행으로서는 이익이었을 것이란 분석이다  지난해  월 기준 삼척화력발전소는 본 설비 기준 건설 공정률이  를 넘어섰다  특히 두산중공업은 석탄화력발전소에 들어가는 보일러 등 주주기 공급업체로 EPC 계약 금액만  조 억원에 달하는 것으로 나타났다  두산중공업이 약정을 위반하는 등 납부를 유예한 출자금  억원의  배 규모다  두산중공업 관계자는  기성대금의 일부를 떼어 적립하는 것으로 약정 의무를 다할 수 있다 면서  년  월부터 올해  월까지 총  회에 걸쳐  억 만원을 적립한 상태 라고 말했다 그러나 당장 산업은행의 두산중공업 편법 지원이라는 지적이 쏟아지고 있다  산업은행이 약정으로 출자금을 유예해 준 것도 모자라 약정을 위반한 업체에 잔여 출자금 적립이라는 이른바 할부를 제공해 줬기 때문이다  익명을 요구한 금융투자업계 관계자는  일반적으로는 절대 있을 수 없는 일 이라며  산업은행 등 국책은행은 두산중공업에 이미  조 억원 혈세를 투입했다 고 말했다  그는 이어  억원에 대한 보증도 하지 못하는 기업에 대해 출자금 적립이라는 연명치료를 하는 것은 더 큰 위험 부담을 지는 것 이라고 말했다  두산중공업은 신용등급 하락으로 잔여 출자금 적립에 대한 이행보증보험도 들지 못한 것으로 파악됐다 산업은행의 두산중공업 우회 지원은 삼척화력발전소 사업 안정성도 떨어뜨리고 있다  두산중공업이 추가로 내야 하는 출자 잔액  억원이 기성대금의 일부 적립이란 이름으로 사업에 연동됐기 때문이다  예컨대 삼척화력발전소 건설이 지연될 경우 잔여 출자금 적립이 미뤄지고 산업은행 부담이 커지게 된다  또 두산중공업이 잔여 출자분을 불이행할 경우 삼척화력발전소 지분을 각각     보유한 전략적 출자자 포스코에너지와 포스코건설로 출자 의무가 분담되는 것으로 확인됐다  김주진 기후솔루션 대표는  사업 자체가 흔들릴 수 있다 고 말했다 문제는 삼척화력발전소가 이미 경제성에서 중대한 결함을 안고 있다는 데 있다  산업은행은  조 억원에 달하는 육박하는 사업비 중  조 억원에 대한 금융을 주선하면서 삼척화력발전소 향후 가동률을 지나치게 낙관하고 있다  산업은행은  년부터  년까지 삼척화력발전소의 가동률이 평균  가 될 것이라고 예측하고 있다  하지만 지난해 국내 석탄화력발전소의 평균 가동률은  였다  홍종호 서울대 교수 환경대학원 는  정부가  년 탄소중립을 선언한 만큼 석탄화력발전소 가동률은 산업은행 전망과 달리 더 낮아질 것 이라고 말했다 에너지정책 연구기관 넥스트가   온실가스 감축로드맵과   장기저탄소 발전전략 등을 분석해 내놓은 석탄화력발전소 가동률 전망에 따르면 삼척화력발전소 가동률은  년    년    년  로 떨어질 것으로 보인다  한국기업평가는  사업 강제 종료 위험과 차환 위험이 부각되고 있다 는 진단을 내기도 했다 두산중공업  산업은행 자금지원 중   미상환 상황이 이렇다 보니 산업은행의 두산중공업 우회 지원이 국민 세금 낭비로 이어질 수 있다는 지적이 나오고 있다  국민 세금을 재원으로 하는 국책은행이 면밀한 경제성 검토 없이 두산중공업이 진행하는 석탄화력발전 사업을 지원하고 있기 때문이다  민형배 더불어민주당 의원실에 따르면 산업은행은  년부터  년까지 두산중공업의 석탄화력발전 중심 사업에 총  조 억원을 지원했지만  이 중  인  조 억원이 미상환 상태인 것으로 드러났다  민형배 의원은  석탄화력발전 지원을 멈춰야 한다 고 지적했다 두산중공업에 대한 정부 부담이 산업은행의 두산중공업 우회 지원으로 이어졌다는 분석이다  건설업계 관계자는  탈원전 탈석탄 비판 여론으로 정부가 산업은행을 통해 두산중공업 편의를 봐주고 있다 면서  애초에 출자금을 나중에 갚고  신용도 하락 시 보증인을 세우겠다는 가정으로 출자자를 받는 경우가 있을 수 없다 고 지적했다  한편 산업은행은  계약 사항에 대해 밝힐 수 없다 고 말했다  배동주 기자 bae dongju joongang co kr [구독신청] [기사 구매] [  이코노미스트 jmagazine joins com  무단 전재 및 재배포 금지],2021-02-01,1.7,0.0
177,177,[공시] 두산중공업  두산인프라코어 주식 전량  억원에 처분 결정,2021.02.05 15:51,[파이낸셜뉴스] 두산중공업은 보유하고 있는 두산인프라코어 주식 전량 만 주 을  억원에 처분키로 결정했다고  일 공시했다  회사 측은 처분 목적에 대해  사업 효율성 제고 및 지배구조 개선 차원 이라고 밝혔다 khj fnnews com 김현정 기자  헉  소리나는 스 토리 뉴스 [헉스]   아는 척 하고 싶은 당신을 위한 [두유노우]  날로먹고 구워먹는 금융이슈 [파인애플]  저작권자   파이낸셜뉴스  무단 전재 재배포 금지,2021-02-08,3.81,1.0
178,178,[공시] 두산중공업  두산인프라코어 주식 전량  억원에 처분 결정,2021.02.05 15:51,[파이낸셜뉴스] 두산중공업은 보유하고 있는 두산인프라코어 주식 전량 만 주 을  억원에 처분키로 결정했다고  일 공시했다  회사 측은 처분 목적에 대해  사업 효율성 제고 및 지배구조 개선 차원 이라고 밝혔다 khj fnnews com 김현정 기자  헉  소리나는 스 토리 뉴스 [헉스]   아는 척 하고 싶은 당신을 위한 [두유노우]  날로먹고 구워먹는 금융이슈 [파인애플]  저작권자   파이낸셜뉴스  무단 전재 재배포 금지,2021-02-08,3.81,1.0
179,179,두산중공업   억 규모 두산인프라코어 지분 전량 처분 결정,2021.02.05 16:06,[이데일리 이후섭 기자] 두산중공업 은 사업 효율성 제고 및 지배구조 개선을 위해 보유 중인 계열사 두산인프라코어 주식  만 주 전량을  억원에 처분하기로 결정했다고  일 공시했다 회사 측은  이날 이사회 결의로 두산인프라코어가 현재 영위하는 사업과 직접 관련되지 않는 일부 자산  부채  인력  계약관계를 대상회사로부터 분리한 뒤 Carve out 거래  회사가 보유하고 있는 두산인프라코어 지분 전부를 현대중공업지주 등에 대하여 매각하기로 결정했다 고 설명했다 이후섭  dlgntjq edaily co kr   시간 빠른  미리보는 뉴스  eNews  네이버에서  이데일리 뉴스 를 만나보세요  빡침해소  청춘뉘우스  스냅타임 종합 경제정보 미디어 이데일리   무단전재   재배포 금지 ,2021-02-08,3.81,1.0
180,180,두산중공업   억 규모 두산인프라코어 지분 전량 처분 결정,2021.02.05 16:06,[이데일리 이후섭 기자] 두산중공업 은 사업 효율성 제고 및 지배구조 개선을 위해 보유 중인 계열사 두산인프라코어 주식  만 주 전량을  억원에 처분하기로 결정했다고  일 공시했다 회사 측은  이날 이사회 결의로 두산인프라코어가 현재 영위하는 사업과 직접 관련되지 않는 일부 자산  부채  인력  계약관계를 대상회사로부터 분리한 뒤 Carve out 거래  회사가 보유하고 있는 두산인프라코어 지분 전부를 현대중공업지주 등에 대하여 매각하기로 결정했다 고 설명했다 이후섭  dlgntjq edaily co kr   시간 빠른  미리보는 뉴스  eNews  네이버에서  이데일리 뉴스 를 만나보세요  빡침해소  청춘뉘우스  스냅타임 종합 경제정보 미디어 이데일리   무단전재   재배포 금지 ,2021-02-08,3.81,1.0
181,181,두산중공업  지난해 영업이익  억 원 전년 대비   감소,2021.02.09 17:11,[서울경제] 두산중공업 은 지난해 영업이익이 전년보다   감소한  억  만 원을 기록했다고  일 공시했다  당기순손실은  억  만 원을 기록해 지난  년보다 적자폭이 확대됐다  매출액은 전년 대비   줄어든  조  억 원으로 나타났다 심우일 기자 vita sedaily com  상위   투자자 픽  [주식 초고수는 지금]  겜알못  이제는 겜잘알  [오지현의 하드캐리]  네이버 채널에서  서울경제  구독해주세요 저작권자   서울경제  무단 전재 및 재배포 금지,2021-02-10,-0.41,0.0
182,182,두산중공업  지난해 영업이익  억 원 전년 대비   감소,2021.02.09 17:11,[서울경제] 두산중공업 은 지난해 영업이익이 전년보다   감소한  억  만 원을 기록했다고  일 공시했다  당기순손실은  억  만 원을 기록해 지난  년보다 적자폭이 확대됐다  매출액은 전년 대비   줄어든  조  억 원으로 나타났다 심우일 기자 vita sedaily com  상위   투자자 픽  [주식 초고수는 지금]  겜알못  이제는 겜잘알  [오지현의 하드캐리]  네이버 채널에서  서울경제  구독해주세요 저작권자   서울경제  무단 전재 및 재배포 금지,2021-02-10,-0.41,0.0
183,183,두산중공업  지난해 영업익  억 전년   ,2021.02.09 18:38,[이데일리 전선형 기자] 두산중공업은 지난해 영업이익이  억원으로 전년 동기 대비   감소했다고  일 공시했다  같은 기간 매출액은  조 억원으로 전년 대비   감소했고  당기순손실은  억원으로 전년보다   개선됐다 전선형  sunnyjun edaily co kr   시간 빠른  미리보는 뉴스  eNews  네이버에서  이데일리 뉴스 를 만나보세요  빡침해소  청춘뉘우스  스냅타임 종합 경제정보 미디어 이데일리   무단전재   재배포 금지 ,2021-02-10,-0.41,0.0
184,184,두산중공업  지난해 영업익  억 전년   ,2021.02.09 18:38,[이데일리 전선형 기자] 두산중공업은 지난해 영업이익이  억원으로 전년 동기 대비   감소했다고  일 공시했다  같은 기간 매출액은  조 억원으로 전년 대비   감소했고  당기순손실은  억원으로 전년보다   개선됐다 전선형  sunnyjun edaily co kr   시간 빠른  미리보는 뉴스  eNews  네이버에서  이데일리 뉴스 를 만나보세요  빡침해소  청춘뉘우스  스냅타임 종합 경제정보 미디어 이데일리   무단전재   재배포 금지 ,2021-02-10,-0.41,0.0
185,185,두산중공업  두산 보유  만주 보호예수  일 해제,2021.02.16 11:12,[이데일리 장영은 기자] 두산중공업 은 제 자 배정 유상증자로 보호예수된 보통주  만 주의 보호예수 기간이 오는  일 해제된다고  일 공시했다 장영은  bluerain edaily co kr   시간 빠른  미리보는 뉴스  eNews  네이버에서  이데일리 뉴스 를 만나보세요  빡침해소  청춘뉘우스  스냅타임 종합 경제정보 미디어 이데일리   무단전재   재배포 금지 ,2021-02-16,-2.47,0.0
186,186,두산중공업  두산 보유  만주 보호예수  일 해제,2021.02.16 11:12,[이데일리 장영은 기자] 두산중공업 은 제 자 배정 유상증자로 보호예수된 보통주  만 주의 보호예수 기간이 오는  일 해제된다고  일 공시했다 장영은  bluerain edaily co kr   시간 빠른  미리보는 뉴스  eNews  네이버에서  이데일리 뉴스 를 만나보세요  빡침해소  청춘뉘우스  스냅타임 종합 경제정보 미디어 이데일리   무단전재   재배포 금지 ,2021-02-16,-2.47,0.0
187,187,두산중공업 등  개사  한국가스공사가  억원 손해배상 청구 소송,2021.03.03 16:03,[이데일리 김유림 기자] 두산중공업 은 한국가스공사가 지난달  일 두산중공업 등  개사에 대해 총  억원 규모의 손해배상 청구 소송을 제기했다고  일 공시했다  두산중공업 측에 제기된 손해배상 금액은  억원이다  두산중공업 측은  소송대리인을 선임해 적극 대응할 예정 이라고 밝혔다 김유림  urim edaily co kr   시간 빠른  미리보는 뉴스  eNews  네이버에서  이데일리 뉴스 를 만나보세요  빡침해소  청춘뉘우스  스냅타임 종합 경제정보 미디어 이데일리   무단전재   재배포 금지 ,2021-03-04,-1.33,0.0
188,188,두산중공업 등  개사  한국가스공사가  억원 손해배상 청구 소송,2021.03.03 16:03,[이데일리 김유림 기자] 두산중공업 은 한국가스공사가 지난달  일 두산중공업 등  개사에 대해 총  억원 규모의 손해배상 청구 소송을 제기했다고  일 공시했다  두산중공업 측에 제기된 손해배상 금액은  억원이다  두산중공업 측은  소송대리인을 선임해 적극 대응할 예정 이라고 밝혔다 김유림  urim edaily co kr   시간 빠른  미리보는 뉴스  eNews  네이버에서  이데일리 뉴스 를 만나보세요  빡침해소  청춘뉘우스  스냅타임 종합 경제정보 미디어 이데일리   무단전재   재배포 금지 ,2021-03-04,-1.33,0.0
189,189,두산중공업 등  개사  한국가스공사가  억원 손해배상 청구 소송,2021.03.03 16:03,[이데일리 김유림 기자] 두산중공업 은 한국가스공사가 지난달  일 두산중공업 등  개사에 대해 총  억원 규모의 손해배상 청구 소송을 제기했다고  일 공시했다  두산중공업 측에 제기된 손해배상 금액은  억원이다  두산중공업 측은  소송대리인을 선임해 적극 대응할 예정 이라고 밝혔다 김유림  urim edaily co kr   시간 빠른  미리보는 뉴스  eNews  네이버에서  이데일리 뉴스 를 만나보세요  빡침해소  청춘뉘우스  스냅타임 종합 경제정보 미디어 이데일리   무단전재   재배포 금지 ,2021-03-04,-1.33,0.0
190,190,삼성엔지니어링  박일동 전 두산중공업 고문 사외이사 재선임,2021.03.18 15:07,[이데일리 송영두 기자] 삼성엔지니어링은 박일동 전 두산중공업 고문  한국수출입은행부행장을 사외이사로 재선임했다고  일 공시했다  임기는  일부터  년간이다 송영두  songzio edaily co kr   시간 빠른  미리보는 뉴스  eNews  네이버에서  이데일리 뉴스 를 만나보세요  빡침해소  청춘뉘우스  스냅타임 종합 경제정보 미디어 이데일리   무단전재   재배포 금지 ,2021-03-19,-0.43,0.0
191,191,삼성엔지니어링  박일동 전 두산중공업 고문 사외이사 재선임,2021.03.18 15:07,[이데일리 송영두 기자] 삼성엔지니어링은 박일동 전 두산중공업 고문  한국수출입은행부행장을 사외이사로 재선임했다고  일 공시했다  임기는  일부터  년간이다 송영두  songzio edaily co kr   시간 빠른  미리보는 뉴스  eNews  네이버에서  이데일리 뉴스 를 만나보세요  빡침해소  청춘뉘우스  스냅타임 종합 경제정보 미디어 이데일리   무단전재   재배포 금지 ,2021-03-19,-0.43,0.0
192,192,삼성엔지니어링  박일동 전 두산중공업 고문 사외이사 재선임,2021.03.18 15:07,[이데일리 송영두 기자] 삼성엔지니어링은 박일동 전 두산중공업 고문  한국수출입은행부행장을 사외이사로 재선임했다고  일 공시했다  임기는  일부터  년간이다 송영두  songzio edaily co kr   시간 빠른  미리보는 뉴스  eNews  네이버에서  이데일리 뉴스 를 만나보세요  빡침해소  청춘뉘우스  스냅타임 종합 경제정보 미디어 이데일리   무단전재   재배포 금지 ,2021-03-19,-0.43,0.0
193,193,두산  두산중공업 주식  만여주 추가 취득 지분율  ,2021.03.19 17:19,[아시아경제 서소정 기자] 두산은계열사 두산중공업의 주식  만 주를 약  억원에 추가 취득한다고  일 공시했다 주식 취득 뒤 두산의 두산중공업 지분율은  가 된다  주식 취득 예정일은 다음달  일이다 서소정 기자 ssj asiae co kr   년 신축년  신년운세와 토정비결은  발 빠른 최신 뉴스  네이버 메인에서 바로 보기  투자 성공의 핵심은 기업분석   CORE  바로가기 경제를 보는 눈  세계를 보는 창 아시아경제 무단전재 배포금지 ,2021-03-22,2.59,0.0
194,194,두산  두산중공업 주식  만여주 추가 취득 지분율  ,2021.03.19 17:19,[아시아경제 서소정 기자] 두산은계열사 두산중공업의 주식  만 주를 약  억원에 추가 취득한다고  일 공시했다 주식 취득 뒤 두산의 두산중공업 지분율은  가 된다  주식 취득 예정일은 다음달  일이다 서소정 기자 ssj asiae co kr   년 신축년  신년운세와 토정비결은  발 빠른 최신 뉴스  네이버 메인에서 바로 보기  투자 성공의 핵심은 기업분석   CORE  바로가기 경제를 보는 눈  세계를 보는 창 아시아경제 무단전재 배포금지 ,2021-03-22,2.59,0.0
195,195,두산  두산중공업 주식  만여주 추가 취득 지분율  ,2021.03.19 17:19,[아시아경제 서소정 기자] 두산은계열사 두산중공업의 주식  만 주를 약  억원에 추가 취득한다고  일 공시했다 주식 취득 뒤 두산의 두산중공업 지분율은  가 된다  주식 취득 예정일은 다음달  일이다 서소정 기자 ssj asiae co kr   년 신축년  신년운세와 토정비결은  발 빠른 최신 뉴스  네이버 메인에서 바로 보기  투자 성공의 핵심은 기업분석   CORE  바로가기 경제를 보는 눈  세계를 보는 창 아시아경제 무단전재 배포금지 ,2021-03-22,2.59,0.0
196,196,두산중공업  두산퓨얼셀 주식  억원에 추가 취득 ,2021.03.19 17:25,[아시아경제 서소정 기자] 두산중공업은 계열사인 발전용 연료전지 기자재 공급 및 장기유지보수 서비스 기업 두산퓨얼셀의 주식  만 주를 약  억원에 추가 취득한다고  일 공시했다 주식 취득 뒤 두산중공업의 두산퓨얼셀 지분율은  가 된다 서소정 기자 ssj asiae co kr   년 신축년  신년운세와 토정비결은  발 빠른 최신 뉴스  네이버 메인에서 바로 보기  투자 성공의 핵심은 기업분석   CORE  바로가기 경제를 보는 눈  세계를 보는 창 아시아경제 무단전재 배포금지 ,2021-03-22,2.59,0.0
197,197,두산중공업  두산퓨얼셀 주식  억원에 추가 취득 ,2021.03.19 17:25,[아시아경제 서소정 기자] 두산중공업은 계열사인 발전용 연료전지 기자재 공급 및 장기유지보수 서비스 기업 두산퓨얼셀의 주식  만 주를 약  억원에 추가 취득한다고  일 공시했다 주식 취득 뒤 두산중공업의 두산퓨얼셀 지분율은  가 된다 서소정 기자 ssj asiae co kr   년 신축년  신년운세와 토정비결은  발 빠른 최신 뉴스  네이버 메인에서 바로 보기  투자 성공의 핵심은 기업분석   CORE  바로가기 경제를 보는 눈  세계를 보는 창 아시아경제 무단전재 배포금지 ,2021-03-22,2.59,0.0
198,198,두산  두산중공업에 약  억원 규모 현물출자,2021.03.19 17:44,[이데일리 신민준 기자] 두산 은 계열사 두산중공업 에 약  억원 만 주  규모의 현물출자를 진행한다고  일 공시했다  두산중공업의 기업가치를 제고하기 위한 취지다  주식 취득 뒤 두산의 두산중공업 지분율은 기존  에서  가 된다  주식 취득 예정일은 다음 달  일이다 신민준  adonis edaily co kr   시간 빠른  미리보는 뉴스  eNews  네이버에서  이데일리 뉴스 를 만나보세요  빡침해소  청춘뉘우스  스냅타임 종합 경제정보 미디어 이데일리   무단전재   재배포 금지 ,2021-03-22,2.59,0.0
199,199,두산  두산중공업에 약  억원 규모 현물출자,2021.03.19 17:44,[이데일리 신민준 기자] 두산 은 계열사 두산중공업 에 약  억원 만 주  규모의 현물출자를 진행한다고  일 공시했다  두산중공업의 기업가치를 제고하기 위한 취지다  주식 취득 뒤 두산의 두산중공업 지분율은 기존  에서  가 된다  주식 취득 예정일은 다음 달  일이다 신민준  adonis edaily co kr   시간 빠른  미리보는 뉴스  eNews  네이버에서  이데일리 뉴스 를 만나보세요  빡침해소  청춘뉘우스  스냅타임 종합 경제정보 미디어 이데일리   무단전재   재배포 금지 ,2021-03-22,2.59,0.0
200,200,두산  두산중공업에 약  억원 규모 현물출자,2021.03.19 17:44,[이데일리 신민준 기자] 두산 은 계열사 두산중공업 에 약  억원 만 주  규모의 현물출자를 진행한다고  일 공시했다  두산중공업의 기업가치를 제고하기 위한 취지다  주식 취득 뒤 두산의 두산중공업 지분율은 기존  에서  가 된다  주식 취득 예정일은 다음 달  일이다 신민준  adonis edaily co kr   시간 빠른  미리보는 뉴스  eNews  네이버에서  이데일리 뉴스 를 만나보세요  빡침해소  청춘뉘우스  스냅타임 종합 경제정보 미디어 이데일리   무단전재   재배포 금지 ,2021-03-22,2.59,0.0
201,201,두산  두산퓨얼셀 지분 전량  두산중공업 에 현물출자,2021.03.19 18:24,두산중공업   억원 규모 현물출자 받아 두산퓨얼셀 지분율  로 증가   두산퓨얼셀 최대주주로 수소 분야 등 친환경 에너지 사업 시너지 가속화 [파이낸셜뉴스] 두산중공업은  일 공시를 통해  두산이 보유 중인 두산퓨얼셀 지분 전량을 현물출자 받고  제 자 배정방식으로 신주를 발행해  두산에 배정한다고 밝혔다 두산중공업이  두산으로부터 현물출자 받는 두산퓨얼셀 주식은 보통주  만 주 약  억원   우선주  만 주 약  억원   우선주  만 주 약  억원 로 총  억 원 규모다  두산중공업은 제 자 배정방식으로 신주  만 주를 발행해  두산에 배정한다  주당 발행가액은  만 원이다 두산중공업은 지난해  월  두산 대주주로부터 두산퓨얼셀 지분  를 증여받은 데 이어  두산 보유 지분  를 이번에 현물출자 받음으로써 출자 후 두산중공업이 보유하게 되는 두산퓨얼셀 지분은  로 증가한다 두산중공업 관계자는  두산퓨얼셀과의 사업 시너지 효과를 최대한 살리면서 친환경 에너지 사업에서 속도를 높여 나가겠다 고 말했다 두산중공업과 두산퓨얼셀의 사업 시너지는 특히 수소에너지 분야에서 확대될 전망이다  두산중공업은 창원 본사에 국내 첫 수소액화플랜트를 건설 중이며 제주  동해에선 재생에너지를 활용한 그린수소 생산과제에 참여하고 있다 두산퓨얼셀은 대산 부생수소발전소에  MW 규모의 연료전지를 공급하는 등 앞선 기술력을 바탕으로 발전용 수소연료전지 시장을 선도하고 있다  양사 모두 미래 청정에너지로 부상하는 수소 관련 기술과 실적을 빠르게 확보하고 있다 두산중공업은 두산퓨얼셀의 연료전지 발전기술까지 확보하게 됨으로써 연료전지 kW  풍력 MW  중소형원자로 SMR   MW  가스터빈 MW   MW 으로 이어지는 친환경 발전기술 라인업을 구축하게 된다  두산퓨얼셀은 두산중공업의 EPC 역량과 글로벌 고객 네트워크를 활용해 글로벌 시장으로 진입할 수 있는 발판을 마련하게 된다 두산중공업은 두산인프라코어와의 분할합병 건도 이날 이사회에서 승인 의결했다  두산밥캣 지분 등 계열관련 자산을 보유한 회사를 두산인프라코어로부터 인적분할 한 후 두산중공업이 흡수합병하게 된다 mjk fnnews com 김미정 기자  헉  소리나는 스 토리 뉴스 [헉스]   아는 척 하고 싶은 당신을 위한 [두유노우]  날로먹고 구워먹는 금융이슈 [파인애플]  저작권자   파이낸셜뉴스  무단 전재 재배포 금지,2021-03-22,2.59,0.0
202,202,두산  두산퓨얼셀 지분 전량  두산중공업 에 현물출자,2021.03.19 18:24,두산중공업   억원 규모 현물출자 받아 두산퓨얼셀 지분율  로 증가   두산퓨얼셀 최대주주로 수소 분야 등 친환경 에너지 사업 시너지 가속화 [파이낸셜뉴스] 두산중공업은  일 공시를 통해  두산이 보유 중인 두산퓨얼셀 지분 전량을 현물출자 받고  제 자 배정방식으로 신주를 발행해  두산에 배정한다고 밝혔다 두산중공업이  두산으로부터 현물출자 받는 두산퓨얼셀 주식은 보통주  만 주 약  억원   우선주  만 주 약  억원   우선주  만 주 약  억원 로 총  억 원 규모다  두산중공업은 제 자 배정방식으로 신주  만 주를 발행해  두산에 배정한다  주당 발행가액은  만 원이다 두산중공업은 지난해  월  두산 대주주로부터 두산퓨얼셀 지분  를 증여받은 데 이어  두산 보유 지분  를 이번에 현물출자 받음으로써 출자 후 두산중공업이 보유하게 되는 두산퓨얼셀 지분은  로 증가한다 두산중공업 관계자는  두산퓨얼셀과의 사업 시너지 효과를 최대한 살리면서 친환경 에너지 사업에서 속도를 높여 나가겠다 고 말했다 두산중공업과 두산퓨얼셀의 사업 시너지는 특히 수소에너지 분야에서 확대될 전망이다  두산중공업은 창원 본사에 국내 첫 수소액화플랜트를 건설 중이며 제주  동해에선 재생에너지를 활용한 그린수소 생산과제에 참여하고 있다 두산퓨얼셀은 대산 부생수소발전소에  MW 규모의 연료전지를 공급하는 등 앞선 기술력을 바탕으로 발전용 수소연료전지 시장을 선도하고 있다  양사 모두 미래 청정에너지로 부상하는 수소 관련 기술과 실적을 빠르게 확보하고 있다 두산중공업은 두산퓨얼셀의 연료전지 발전기술까지 확보하게 됨으로써 연료전지 kW  풍력 MW  중소형원자로 SMR   MW  가스터빈 MW   MW 으로 이어지는 친환경 발전기술 라인업을 구축하게 된다  두산퓨얼셀은 두산중공업의 EPC 역량과 글로벌 고객 네트워크를 활용해 글로벌 시장으로 진입할 수 있는 발판을 마련하게 된다 두산중공업은 두산인프라코어와의 분할합병 건도 이날 이사회에서 승인 의결했다  두산밥캣 지분 등 계열관련 자산을 보유한 회사를 두산인프라코어로부터 인적분할 한 후 두산중공업이 흡수합병하게 된다 mjk fnnews com 김미정 기자  헉  소리나는 스 토리 뉴스 [헉스]   아는 척 하고 싶은 당신을 위한 [두유노우]  날로먹고 구워먹는 금융이슈 [파인애플]  저작권자   파이낸셜뉴스  무단 전재 재배포 금지,2021-03-22,2.59,0.0
203,203,두산  두산퓨얼셀 지분 전량  두산중공업 에 현물출자,2021.03.19 18:24,두산중공업   억원 규모 현물출자 받아 두산퓨얼셀 지분율  로 증가   두산퓨얼셀 최대주주로 수소 분야 등 친환경 에너지 사업 시너지 가속화 [파이낸셜뉴스] 두산중공업은  일 공시를 통해  두산이 보유 중인 두산퓨얼셀 지분 전량을 현물출자 받고  제 자 배정방식으로 신주를 발행해  두산에 배정한다고 밝혔다 두산중공업이  두산으로부터 현물출자 받는 두산퓨얼셀 주식은 보통주  만 주 약  억원   우선주  만 주 약  억원   우선주  만 주 약  억원 로 총  억 원 규모다  두산중공업은 제 자 배정방식으로 신주  만 주를 발행해  두산에 배정한다  주당 발행가액은  만 원이다 두산중공업은 지난해  월  두산 대주주로부터 두산퓨얼셀 지분  를 증여받은 데 이어  두산 보유 지분  를 이번에 현물출자 받음으로써 출자 후 두산중공업이 보유하게 되는 두산퓨얼셀 지분은  로 증가한다 두산중공업 관계자는  두산퓨얼셀과의 사업 시너지 효과를 최대한 살리면서 친환경 에너지 사업에서 속도를 높여 나가겠다 고 말했다 두산중공업과 두산퓨얼셀의 사업 시너지는 특히 수소에너지 분야에서 확대될 전망이다  두산중공업은 창원 본사에 국내 첫 수소액화플랜트를 건설 중이며 제주  동해에선 재생에너지를 활용한 그린수소 생산과제에 참여하고 있다 두산퓨얼셀은 대산 부생수소발전소에  MW 규모의 연료전지를 공급하는 등 앞선 기술력을 바탕으로 발전용 수소연료전지 시장을 선도하고 있다  양사 모두 미래 청정에너지로 부상하는 수소 관련 기술과 실적을 빠르게 확보하고 있다 두산중공업은 두산퓨얼셀의 연료전지 발전기술까지 확보하게 됨으로써 연료전지 kW  풍력 MW  중소형원자로 SMR   MW  가스터빈 MW   MW 으로 이어지는 친환경 발전기술 라인업을 구축하게 된다  두산퓨얼셀은 두산중공업의 EPC 역량과 글로벌 고객 네트워크를 활용해 글로벌 시장으로 진입할 수 있는 발판을 마련하게 된다 두산중공업은 두산인프라코어와의 분할합병 건도 이날 이사회에서 승인 의결했다  두산밥캣 지분 등 계열관련 자산을 보유한 회사를 두산인프라코어로부터 인적분할 한 후 두산중공업이 흡수합병하게 된다 mjk fnnews com 김미정 기자  헉  소리나는 스 토리 뉴스 [헉스]   아는 척 하고 싶은 당신을 위한 [두유노우]  날로먹고 구워먹는 금융이슈 [파인애플]  저작권자   파이낸셜뉴스  무단 전재 재배포 금지,2021-03-22,2.59,0.0
204,204,두산중공업   두산 보유 두산퓨얼셀 지분 전량 현물출자 받아,2021.03.19 18:42,[아시아경제 정현진 기자] 두산중공업이 발전용 수소연료전지  위 업체인 두산퓨얼셀 지분을 추가 확보하며 수소 분야 등 친환경 에너지 사업에 속도를 낸다 두산중공업은  일  두산이 보유 중인 두산퓨얼셀 지분 전량을 현물출자 받고 제 자 배정방식으로 신주를 발행해  두산에 배정한다고 공시했다 두산중공업이  두산으로부터 현물출자 받는 두산퓨얼셀 주식은 보통주  만 주   우선주  만 주   우선주  만 주로 총  억원 규모다  두산중공업은 제 자 배정방식으로 신주  만 주를 발행해  두산에 배정한다  주당 발행가액은  만 원이다 두산중공업은 이미 지난해  월  두산 대주주로부터 두산퓨얼셀 지분  를 증여 받아 두산퓨얼셀의 최대 주주가 됐다  이어 이번에  두산 보유 지분  를 현물출자 받으면서 두산중공업이 보유한 두산퓨얼셀 지분은  로 늘어나게 된다 두산중공업 관계자는  두산퓨얼셀과의 사업 시너지 효과를 최대한 살리면서 친환경 에너지 사업에서 속도를 높여 나가겠다 고 말했다  두산중공업과 두산퓨얼셀의 사업 시너지는 특히 수소에너지 분야에서 확대될 전망이다 두산중공업은 창원 본사에 국내 첫 수소액화플랜트를 건설 중이며 제주와 동해에선 재생에너지를 활용한 그린 수소 생산과제에 참여하고 있다  두산퓨얼셀은 대산 부생수소발전소에  MW 규모의 연료전지를 공급하는 등 발전용 수소연료전지 시장에서 발을 넓혀나가고 있다 두산중공업은 두산퓨얼셀의 연료전지 발전기술까지 확보함으로써 연료전지 kW 와 풍력 MW  중소형원자로 SMR   MW  가스터빈 MW   MW 으로 이어지는 친환경 발전기술 라인업을 구축하게 됐다 한편 두산중공업은 두산인프라코어와의 분할 합병 건도 이날 공시했다  두산밥캣 지분 등 계열 관련 자산을 보유한 회사를 두산인프라코어로부터 인적 분할 한 후 두산중공업이 흡수합병한다는 내용이다 정현진 기자 jhj asiae co kr   년 신축년  신년운세와 토정비결은  발 빠른 최신 뉴스  네이버 메인에서 바로 보기  투자 성공의 핵심은 기업분석   CORE  바로가기 경제를 보는 눈  세계를 보는 창 아시아경제 무단전재 배포금지 ,2021-03-22,2.59,0.0
205,205,두산중공업   두산 보유 두산퓨얼셀 지분 전량 현물출자 받아,2021.03.19 18:42,[아시아경제 정현진 기자] 두산중공업이 발전용 수소연료전지  위 업체인 두산퓨얼셀 지분을 추가 확보하며 수소 분야 등 친환경 에너지 사업에 속도를 낸다 두산중공업은  일  두산이 보유 중인 두산퓨얼셀 지분 전량을 현물출자 받고 제 자 배정방식으로 신주를 발행해  두산에 배정한다고 공시했다 두산중공업이  두산으로부터 현물출자 받는 두산퓨얼셀 주식은 보통주  만 주   우선주  만 주   우선주  만 주로 총  억원 규모다  두산중공업은 제 자 배정방식으로 신주  만 주를 발행해  두산에 배정한다  주당 발행가액은  만 원이다 두산중공업은 이미 지난해  월  두산 대주주로부터 두산퓨얼셀 지분  를 증여 받아 두산퓨얼셀의 최대 주주가 됐다  이어 이번에  두산 보유 지분  를 현물출자 받으면서 두산중공업이 보유한 두산퓨얼셀 지분은  로 늘어나게 된다 두산중공업 관계자는  두산퓨얼셀과의 사업 시너지 효과를 최대한 살리면서 친환경 에너지 사업에서 속도를 높여 나가겠다 고 말했다  두산중공업과 두산퓨얼셀의 사업 시너지는 특히 수소에너지 분야에서 확대될 전망이다 두산중공업은 창원 본사에 국내 첫 수소액화플랜트를 건설 중이며 제주와 동해에선 재생에너지를 활용한 그린 수소 생산과제에 참여하고 있다  두산퓨얼셀은 대산 부생수소발전소에  MW 규모의 연료전지를 공급하는 등 발전용 수소연료전지 시장에서 발을 넓혀나가고 있다 두산중공업은 두산퓨얼셀의 연료전지 발전기술까지 확보함으로써 연료전지 kW 와 풍력 MW  중소형원자로 SMR   MW  가스터빈 MW   MW 으로 이어지는 친환경 발전기술 라인업을 구축하게 됐다 한편 두산중공업은 두산인프라코어와의 분할 합병 건도 이날 공시했다  두산밥캣 지분 등 계열 관련 자산을 보유한 회사를 두산인프라코어로부터 인적 분할 한 후 두산중공업이 흡수합병한다는 내용이다 정현진 기자 jhj asiae co kr   년 신축년  신년운세와 토정비결은  발 빠른 최신 뉴스  네이버 메인에서 바로 보기  투자 성공의 핵심은 기업분석   CORE  바로가기 경제를 보는 눈  세계를 보는 창 아시아경제 무단전재 배포금지 ,2021-03-22,2.59,0.0
206,206,두산중공업   두산 보유 두산퓨얼셀 지분 전량 현물출자 받아,2021.03.19 18:42,[아시아경제 정현진 기자] 두산중공업이 발전용 수소연료전지  위 업체인 두산퓨얼셀 지분을 추가 확보하며 수소 분야 등 친환경 에너지 사업에 속도를 낸다 두산중공업은  일  두산이 보유 중인 두산퓨얼셀 지분 전량을 현물출자 받고 제 자 배정방식으로 신주를 발행해  두산에 배정한다고 공시했다 두산중공업이  두산으로부터 현물출자 받는 두산퓨얼셀 주식은 보통주  만 주   우선주  만 주   우선주  만 주로 총  억원 규모다  두산중공업은 제 자 배정방식으로 신주  만 주를 발행해  두산에 배정한다  주당 발행가액은  만 원이다 두산중공업은 이미 지난해  월  두산 대주주로부터 두산퓨얼셀 지분  를 증여 받아 두산퓨얼셀의 최대 주주가 됐다  이어 이번에  두산 보유 지분  를 현물출자 받으면서 두산중공업이 보유한 두산퓨얼셀 지분은  로 늘어나게 된다 두산중공업 관계자는  두산퓨얼셀과의 사업 시너지 효과를 최대한 살리면서 친환경 에너지 사업에서 속도를 높여 나가겠다 고 말했다  두산중공업과 두산퓨얼셀의 사업 시너지는 특히 수소에너지 분야에서 확대될 전망이다 두산중공업은 창원 본사에 국내 첫 수소액화플랜트를 건설 중이며 제주와 동해에선 재생에너지를 활용한 그린 수소 생산과제에 참여하고 있다  두산퓨얼셀은 대산 부생수소발전소에  MW 규모의 연료전지를 공급하는 등 발전용 수소연료전지 시장에서 발을 넓혀나가고 있다 두산중공업은 두산퓨얼셀의 연료전지 발전기술까지 확보함으로써 연료전지 kW 와 풍력 MW  중소형원자로 SMR   MW  가스터빈 MW   MW 으로 이어지는 친환경 발전기술 라인업을 구축하게 됐다 한편 두산중공업은 두산인프라코어와의 분할 합병 건도 이날 공시했다  두산밥캣 지분 등 계열 관련 자산을 보유한 회사를 두산인프라코어로부터 인적 분할 한 후 두산중공업이 흡수합병한다는 내용이다 정현진 기자 jhj asiae co kr   년 신축년  신년운세와 토정비결은  발 빠른 최신 뉴스  네이버 메인에서 바로 보기  투자 성공의 핵심은 기업분석   CORE  바로가기 경제를 보는 눈  세계를 보는 창 아시아경제 무단전재 배포금지 ,2021-03-22,2.59,0.0
207,207,두산중공업 인프라코어   월  일 임시주총 인프라코어 분할합병 승인 ,2021.03.19 19:51,[이데일리 신민준 기자] 두산중공업 은 오는  월  일 오전  시 경기도 성남시 분당구 분당두산타워에서 임시주주총회를 개최한다고  일 공시했다  주요 안건은 두산인프라코어  분할합병계약 승인의 건이다 두산인프라코어도 같은 날 오전  시 인천광역시 동구 두산인프라코어 본사에서 임시주주총회를 연다  안건은 분할합병계약 승인의 건이다 신민준  adonis edaily co kr   시간 빠른  미리보는 뉴스  eNews  네이버에서  이데일리 뉴스 를 만나보세요  빡침해소  청춘뉘우스  스냅타임 종합 경제정보 미디어 이데일리   무단전재   재배포 금지 ,2021-03-22,2.59,0.0
208,208,두산중공업 인프라코어   월  일 임시주총 인프라코어 분할합병 승인 ,2021.03.19 19:51,[이데일리 신민준 기자] 두산중공업 은 오는  월  일 오전  시 경기도 성남시 분당구 분당두산타워에서 임시주주총회를 개최한다고  일 공시했다  주요 안건은 두산인프라코어  분할합병계약 승인의 건이다 두산인프라코어도 같은 날 오전  시 인천광역시 동구 두산인프라코어 본사에서 임시주주총회를 연다  안건은 분할합병계약 승인의 건이다 신민준  adonis edaily co kr   시간 빠른  미리보는 뉴스  eNews  네이버에서  이데일리 뉴스 를 만나보세요  빡침해소  청춘뉘우스  스냅타임 종합 경제정보 미디어 이데일리   무단전재   재배포 금지 ,2021-03-22,2.59,0.0
209,209,[유가증권시장 공시] 두산   DL   두산중공업,2021.03.19 20:53, 두산 두산중공업 유상증자 참여 위한 계열사 두산퓨얼셀 주식  만주 등 현물출자 결정 DL DL이앤씨 지주사 공정거래 요건 충족 위한 자회사 주주 대상  억원 유상증자 두산중공업 두산인프라코어 투자사업 부문 분할 흡수합병   경제  위  매일경제  네이버에서 구독하세요  이 제품은  이렇게 만들죠  영상으로 만나요  부동산의 모든것  매부리TV 가 펼칩니다 [  매일경제   mk co kr  무단전재 및 재배포 금지],2021-03-22,2.59,0.0
210,210,[유가증권시장 공시] 두산   DL   두산중공업,2021.03.19 20:53, 두산 두산중공업 유상증자 참여 위한 계열사 두산퓨얼셀 주식  만주 등 현물출자 결정 DL DL이앤씨 지주사 공정거래 요건 충족 위한 자회사 주주 대상  억원 유상증자 두산중공업 두산인프라코어 투자사업 부문 분할 흡수합병   경제  위  매일경제  네이버에서 구독하세요  이 제품은  이렇게 만들죠  영상으로 만나요  부동산의 모든것  매부리TV 가 펼칩니다 [  매일경제   mk co kr  무단전재 및 재배포 금지],2021-03-22,2.59,0.0
211,211,[유가증권시장 공시] 두산   DL   두산중공업,2021.03.19 20:53, 두산 두산중공업 유상증자 참여 위한 계열사 두산퓨얼셀 주식  만주 등 현물출자 결정 DL DL이앤씨 지주사 공정거래 요건 충족 위한 자회사 주주 대상  억원 유상증자 두산중공업 두산인프라코어 투자사업 부문 분할 흡수합병   경제  위  매일경제  네이버에서 구독하세요  이 제품은  이렇게 만들죠  영상으로 만나요  부동산의 모든것  매부리TV 가 펼칩니다 [  매일경제   mk co kr  무단전재 및 재배포 금지],2021-03-22,2.59,0.0
212,212, 친환경 발전 사업 속도  두산중공업   두산서 두산퓨얼셀 지분 현물출자 받아,2021.03.20 08:03,두산 두산퓨얼셀 사업 시너지 기대 연료전지 풍력 가스터빈 라인업 구축 분당 두산타워 전경 사진제공 두산 [서울경제] 두산중공업 이 발전용 수소연료전지  위 업체인 두산퓨얼셀 지분을 추가 확보했다 두산중공업은  두산이 보유 중인 두산퓨얼셀 지분 전량을 현물출자 받고  제 자 배정방식으로 신주를 발행해  두산에 배정한다고  일 공시했다 두산중공업이  두산으로부터 현물출자 받는 두산퓨얼셀 주식은 보통주  만  주와  우선주  만  주   우선주  만  주다  금액으로 따지면 약  억 원 정도다  두산중공업은 제 자 배정방식으로 신주  만  주를 발행해  두산에 배정한다  주당 발행가액은  만  원이다 이로써 두산중공업은 두산퓨얼셀 지분  를 보유하게 됐다  두산중공업은 지난해  월  두산 대주주로부터 두산퓨얼셀 지분  를 무상 증여 받으면서 최대 주주가 됐다  이번에  두산 보유 지분  를 현물출자 받으면서 두산중공업이 보유한 두산퓨얼셀 지분은  로 늘어나게 된 것이다 추가 지분 확보로 대주주의 지위를 확고히 다진 두산중공업은 두산퓨얼셀과 사업 시너지를 낸다는 계획이다  두산퓨얼셀은 발전용 수소연료전지 부문  위 업체로 친환경 사업을 강화하는 두산중공업의 주요 축이 될 전망이다  두산중공업은 창원 본사에 국내 첫 수소액화플랜트를 건설 중이고 제주와 동해에선 재생에너지를 활용한 그린 수소 생산과제에 참여하고 있다  두산퓨얼셀은 대산 부생수소발전소에  MW 규모의 연료전지를 공급하는 등 기술력을 바탕으로 발전용 수소연료전지 시장을 선도하고 있다 두산중공업은 두산퓨얼셀의 연료전지 발전기술까지 확보함으로써 연료전지 kW 와 풍력 MW  중소형원자로 SMR   MW  가스터빈 MW   MW 으로 이어지는 친환경 발전기술 라인업을 구축하게 됐다 이날 두산중공업은 두산인프라코어 와의 분할 합병 건도 공시했다  두산밥캣  지분 등 계열 관련 자산을 보유한 회사를 두산인프라코어로부터 인적 분할 한 후 두산중공업이 흡수합병하게 됐다 서종갑 기자 gap sedaily com  상위   투자자 픽  [주식 초고수는 지금]  지피지기 대륙 투자 공략법[니하오 중국증시]  네이버 채널에서  서울경제  구독해주세요 저작권자   서울경제  무단 전재 및 재배포 금지,2021-03-22,2.59,0.0
213,213, 친환경 발전 사업 속도  두산중공업   두산서 두산퓨얼셀 지분 현물출자 받아,2021.03.20 08:03,두산 두산퓨얼셀 사업 시너지 기대 연료전지 풍력 가스터빈 라인업 구축 분당 두산타워 전경 사진제공 두산 [서울경제] 두산중공업 이 발전용 수소연료전지  위 업체인 두산퓨얼셀 지분을 추가 확보했다 두산중공업은  두산이 보유 중인 두산퓨얼셀 지분 전량을 현물출자 받고  제 자 배정방식으로 신주를 발행해  두산에 배정한다고  일 공시했다 두산중공업이  두산으로부터 현물출자 받는 두산퓨얼셀 주식은 보통주  만  주와  우선주  만  주   우선주  만  주다  금액으로 따지면 약  억 원 정도다  두산중공업은 제 자 배정방식으로 신주  만  주를 발행해  두산에 배정한다  주당 발행가액은  만  원이다 이로써 두산중공업은 두산퓨얼셀 지분  를 보유하게 됐다  두산중공업은 지난해  월  두산 대주주로부터 두산퓨얼셀 지분  를 무상 증여 받으면서 최대 주주가 됐다  이번에  두산 보유 지분  를 현물출자 받으면서 두산중공업이 보유한 두산퓨얼셀 지분은  로 늘어나게 된 것이다 추가 지분 확보로 대주주의 지위를 확고히 다진 두산중공업은 두산퓨얼셀과 사업 시너지를 낸다는 계획이다  두산퓨얼셀은 발전용 수소연료전지 부문  위 업체로 친환경 사업을 강화하는 두산중공업의 주요 축이 될 전망이다  두산중공업은 창원 본사에 국내 첫 수소액화플랜트를 건설 중이고 제주와 동해에선 재생에너지를 활용한 그린 수소 생산과제에 참여하고 있다  두산퓨얼셀은 대산 부생수소발전소에  MW 규모의 연료전지를 공급하는 등 기술력을 바탕으로 발전용 수소연료전지 시장을 선도하고 있다 두산중공업은 두산퓨얼셀의 연료전지 발전기술까지 확보함으로써 연료전지 kW 와 풍력 MW  중소형원자로 SMR   MW  가스터빈 MW   MW 으로 이어지는 친환경 발전기술 라인업을 구축하게 됐다 이날 두산중공업은 두산인프라코어 와의 분할 합병 건도 공시했다  두산밥캣  지분 등 계열 관련 자산을 보유한 회사를 두산인프라코어로부터 인적 분할 한 후 두산중공업이 흡수합병하게 됐다 서종갑 기자 gap sedaily com  상위   투자자 픽  [주식 초고수는 지금]  지피지기 대륙 투자 공략법[니하오 중국증시]  네이버 채널에서  서울경제  구독해주세요 저작권자   서울경제  무단 전재 및 재배포 금지,2021-03-22,2.59,0.0
214,214, 친환경 발전 사업 속도  두산중공업   두산서 두산퓨얼셀 지분 현물출자 받아,2021.03.20 08:03,두산 두산퓨얼셀 사업 시너지 기대 연료전지 풍력 가스터빈 라인업 구축 분당 두산타워 전경 사진제공 두산 [서울경제] 두산중공업 이 발전용 수소연료전지  위 업체인 두산퓨얼셀 지분을 추가 확보했다 두산중공업은  두산이 보유 중인 두산퓨얼셀 지분 전량을 현물출자 받고  제 자 배정방식으로 신주를 발행해  두산에 배정한다고  일 공시했다 두산중공업이  두산으로부터 현물출자 받는 두산퓨얼셀 주식은 보통주  만  주와  우선주  만  주   우선주  만  주다  금액으로 따지면 약  억 원 정도다  두산중공업은 제 자 배정방식으로 신주  만  주를 발행해  두산에 배정한다  주당 발행가액은  만  원이다 이로써 두산중공업은 두산퓨얼셀 지분  를 보유하게 됐다  두산중공업은 지난해  월  두산 대주주로부터 두산퓨얼셀 지분  를 무상 증여 받으면서 최대 주주가 됐다  이번에  두산 보유 지분  를 현물출자 받으면서 두산중공업이 보유한 두산퓨얼셀 지분은  로 늘어나게 된 것이다 추가 지분 확보로 대주주의 지위를 확고히 다진 두산중공업은 두산퓨얼셀과 사업 시너지를 낸다는 계획이다  두산퓨얼셀은 발전용 수소연료전지 부문  위 업체로 친환경 사업을 강화하는 두산중공업의 주요 축이 될 전망이다  두산중공업은 창원 본사에 국내 첫 수소액화플랜트를 건설 중이고 제주와 동해에선 재생에너지를 활용한 그린 수소 생산과제에 참여하고 있다  두산퓨얼셀은 대산 부생수소발전소에  MW 규모의 연료전지를 공급하는 등 기술력을 바탕으로 발전용 수소연료전지 시장을 선도하고 있다 두산중공업은 두산퓨얼셀의 연료전지 발전기술까지 확보함으로써 연료전지 kW 와 풍력 MW  중소형원자로 SMR   MW  가스터빈 MW   MW 으로 이어지는 친환경 발전기술 라인업을 구축하게 됐다 이날 두산중공업은 두산인프라코어 와의 분할 합병 건도 공시했다  두산밥캣  지분 등 계열 관련 자산을 보유한 회사를 두산인프라코어로부터 인적 분할 한 후 두산중공업이 흡수합병하게 됐다 서종갑 기자 gap sedaily com  상위   투자자 픽  [주식 초고수는 지금]  지피지기 대륙 투자 공략법[니하오 중국증시]  네이버 채널에서  서울경제  구독해주세요 저작권자   서울경제  무단 전재 및 재배포 금지,2021-03-22,2.59,0.0
215,215,두산중공업  두산퓨얼셀 지분 현물출자 받아 최대주주,2021.03.20 11:39,주 두산 보유  억 원 규모 현물출자 받아 지분율  최대주주로 수소 분야 등 친환경 에너지 사업 시너지 가속화 두산중공업은  일 공시를 통해  두산이 보유 중인 두산퓨얼셀 지분 전량을 현물출자 받고  제 자 배정방식으로 신주를 발행해  두산에 배정한다고 밝혔다 두산으로부터 현물출자 받는 두산퓨얼셀 주식은 보통주  주 약  억 원   우선주  주 약  억 원   우선주  주 약  억 원 로 총  억 원 규모다  두산중공업은 제 자 배정방식으로 신주  주를 발행해  두산에 배정한다  주당 발행가액은  만 원이다 이 회사는 지난해  월  두산 대주주로부터 두산퓨얼셀 지분  를 증여받은 데 이어 보유 지분  를 이번에 현물출자 받음으로써 출자 후 두산중공업이 보유하게 되는 두산퓨얼셀 지분은  로 증가한다 이 회사관계자는  두산퓨얼셀과의 사업 시너지 효과를 최대한 살리면서 친환경 에너지 사업에서 속도를 높여 나가겠다 고 말했다 두산중공업과 두산퓨얼셀의 사업 시너지는 특히 수소에너지 분야에서 확대될 전망이다  두산중공업은 창원 본사에 국내 첫 수소액화플랜트를 건설 중이며 제주  동해에선 재생에너지를 활용한 그린수소 생산과제에 참여하고 있다  두산퓨얼셀은 대산 부생수소발전소에  MW 규모의 연료전지를 공급하는 등 앞선 기술력을 바탕으로 발전용 수소연료전지 시장을 선도하고 있다  양사 모두 미래 청정에너지로 부상하는 수소 관련 기술과 실적을 빠르게 확보하고 있다 두산중공업은 두산퓨얼셀의 연료전지 발전기술까지 확보하게 됨으로써 연료전지 kW  풍력 MW  중소형원자로 SMR   MW  가스터빈 MW   MW 으로 이어지는 친환경 발전기술 라인업을 구축하게 된다  두산퓨얼셀은 두산중공업의 EPC역량과 글로벌 고객 네트워크를 활용해 글로벌 시장으로 진입할 수 있는 발판을 마련하게 된다 한편  두산중공업은 두산인프라코어와의 분할합병 건도 이날 이사회에서 승인 의결했다  두산밥캣 지분 등 계열관련 자산을 보유한 회사를 두산인프라코어로부터 인적분할 한 후 두산중공업이 흡수합병하게 된다  조세일보 홈페이지   정회원 가입  조세일보 네이버 뉴스스탠드 구독 종합 경제 김상우 swkim joseilbo com 저작권자   조세일보 http www joseilbo com  무단전재 및 재배포 금지,2021-03-22,2.59,0.0
216,216,두산중공업  두산퓨얼셀 지분 현물출자 받아 최대주주,2021.03.20 11:39,주 두산 보유  억 원 규모 현물출자 받아 지분율  최대주주로 수소 분야 등 친환경 에너지 사업 시너지 가속화 두산중공업은  일 공시를 통해  두산이 보유 중인 두산퓨얼셀 지분 전량을 현물출자 받고  제 자 배정방식으로 신주를 발행해  두산에 배정한다고 밝혔다 두산으로부터 현물출자 받는 두산퓨얼셀 주식은 보통주  주 약  억 원   우선주  주 약  억 원   우선주  주 약  억 원 로 총  억 원 규모다  두산중공업은 제 자 배정방식으로 신주  주를 발행해  두산에 배정한다  주당 발행가액은  만 원이다 이 회사는 지난해  월  두산 대주주로부터 두산퓨얼셀 지분  를 증여받은 데 이어 보유 지분  를 이번에 현물출자 받음으로써 출자 후 두산중공업이 보유하게 되는 두산퓨얼셀 지분은  로 증가한다 이 회사관계자는  두산퓨얼셀과의 사업 시너지 효과를 최대한 살리면서 친환경 에너지 사업에서 속도를 높여 나가겠다 고 말했다 두산중공업과 두산퓨얼셀의 사업 시너지는 특히 수소에너지 분야에서 확대될 전망이다  두산중공업은 창원 본사에 국내 첫 수소액화플랜트를 건설 중이며 제주  동해에선 재생에너지를 활용한 그린수소 생산과제에 참여하고 있다  두산퓨얼셀은 대산 부생수소발전소에  MW 규모의 연료전지를 공급하는 등 앞선 기술력을 바탕으로 발전용 수소연료전지 시장을 선도하고 있다  양사 모두 미래 청정에너지로 부상하는 수소 관련 기술과 실적을 빠르게 확보하고 있다 두산중공업은 두산퓨얼셀의 연료전지 발전기술까지 확보하게 됨으로써 연료전지 kW  풍력 MW  중소형원자로 SMR   MW  가스터빈 MW   MW 으로 이어지는 친환경 발전기술 라인업을 구축하게 된다  두산퓨얼셀은 두산중공업의 EPC역량과 글로벌 고객 네트워크를 활용해 글로벌 시장으로 진입할 수 있는 발판을 마련하게 된다 한편  두산중공업은 두산인프라코어와의 분할합병 건도 이날 이사회에서 승인 의결했다  두산밥캣 지분 등 계열관련 자산을 보유한 회사를 두산인프라코어로부터 인적분할 한 후 두산중공업이 흡수합병하게 된다  조세일보 홈페이지   정회원 가입  조세일보 네이버 뉴스스탠드 구독 종합 경제 김상우 swkim joseilbo com 저작권자   조세일보 http www joseilbo com  무단전재 및 재배포 금지,2021-03-22,2.59,0.0
217,217,두산중공업  두산퓨얼셀 지분 현물출자 받아 최대주주,2021.03.20 11:39,주 두산 보유  억 원 규모 현물출자 받아 지분율  최대주주로 수소 분야 등 친환경 에너지 사업 시너지 가속화 두산중공업은  일 공시를 통해  두산이 보유 중인 두산퓨얼셀 지분 전량을 현물출자 받고  제 자 배정방식으로 신주를 발행해  두산에 배정한다고 밝혔다 두산으로부터 현물출자 받는 두산퓨얼셀 주식은 보통주  주 약  억 원   우선주  주 약  억 원   우선주  주 약  억 원 로 총  억 원 규모다  두산중공업은 제 자 배정방식으로 신주  주를 발행해  두산에 배정한다  주당 발행가액은  만 원이다 이 회사는 지난해  월  두산 대주주로부터 두산퓨얼셀 지분  를 증여받은 데 이어 보유 지분  를 이번에 현물출자 받음으로써 출자 후 두산중공업이 보유하게 되는 두산퓨얼셀 지분은  로 증가한다 이 회사관계자는  두산퓨얼셀과의 사업 시너지 효과를 최대한 살리면서 친환경 에너지 사업에서 속도를 높여 나가겠다 고 말했다 두산중공업과 두산퓨얼셀의 사업 시너지는 특히 수소에너지 분야에서 확대될 전망이다  두산중공업은 창원 본사에 국내 첫 수소액화플랜트를 건설 중이며 제주  동해에선 재생에너지를 활용한 그린수소 생산과제에 참여하고 있다  두산퓨얼셀은 대산 부생수소발전소에  MW 규모의 연료전지를 공급하는 등 앞선 기술력을 바탕으로 발전용 수소연료전지 시장을 선도하고 있다  양사 모두 미래 청정에너지로 부상하는 수소 관련 기술과 실적을 빠르게 확보하고 있다 두산중공업은 두산퓨얼셀의 연료전지 발전기술까지 확보하게 됨으로써 연료전지 kW  풍력 MW  중소형원자로 SMR   MW  가스터빈 MW   MW 으로 이어지는 친환경 발전기술 라인업을 구축하게 된다  두산퓨얼셀은 두산중공업의 EPC역량과 글로벌 고객 네트워크를 활용해 글로벌 시장으로 진입할 수 있는 발판을 마련하게 된다 한편  두산중공업은 두산인프라코어와의 분할합병 건도 이날 이사회에서 승인 의결했다  두산밥캣 지분 등 계열관련 자산을 보유한 회사를 두산인프라코어로부터 인적분할 한 후 두산중공업이 흡수합병하게 된다  조세일보 홈페이지   정회원 가입  조세일보 네이버 뉴스스탠드 구독 종합 경제 김상우 swkim joseilbo com 저작권자   조세일보 http www joseilbo com  무단전재 및 재배포 금지,2021-03-22,2.59,0.0
218,218,두산중공업  기술자료 요구하면서 법정 서면 안 내 공정위 제재,2021.03.23 11:52,  News  장수영  사진 뉴스 [파이낸셜뉴스] 기술자료를 요구하면서 요구 서면을 주지 않은 두산중공업이 공정거래위원회의 제재를 받았다 공정위는 중소 하도급 업체의 기술 보호를 위한 절차 규정을 위반한 두산중공업에게 시정명령 및 과징금  만원 부과를 결정했다고  일 밝혔다 공정위에 따르면 두산중공업은 년  월부터  년  월까지 발전소 설비에 사용되는 밸브 제조를 위탁하고 납품받는 과정에서  개 중소업체에게 밸브 제작과 관련된 도면 등 기술자료  건을 요구했다  그러면서 사전에 권리 귀속 관계  비밀유지사항  대가 등을 정한 서면을 제공하지 않았다 현행 하도급법상 기술자료 요구에 정당한 사유가 있는 경우에도 양자 간에 요구목적  권리 귀속 관계  비밀유지에 관한 사항 등을 명확히 하고 사후 분쟁에서 절차적 정당성을 확인하기 위해 기술자료 요구서를 제공하도록 의무화 돼 있다 두산중공업은 납품받는 밸브가 발주처가 요구하는 사양  성능  기준 등을 충족하였는지 확인하고  다른 부품과의 물리적 기능적 정합성을 검토하기 위한 목적 등으로 관련 기술자료를 요구했다  기술자료 요구의 정당성은 인정됐지만 요구서를 제공하지 않아 규정 위반으로 인정된 것이다 공정위는  원사업자의 기술자료 요구서 제공 의무는 수급사업자의 기술 보호를 위해 지켜져야 할 핵심 사항을 사전에 명확히 해 정당한 이유 없는 자료 요구 및 원사업자의 자의적 해석을 방지하고  기술유용행위를 미연에 예방할 수 있도록 하는 중요한 절차적 의무 라며  기술자료 요구서 제도 착근을 위해 요구서 미제공에 대한 감시를 강화하여 적발시 엄중 제재하며  제도 홍보 노력도 확대할 계획이다 고 밝혔다 onsunn fnnews com 오은선 기자  헉  소리나는 스 토리 뉴스 [헉스]   아는 척 하고 싶은 당신을 위한 [두유노우]  날로먹고 구워먹는 금융이슈 [파인애플]  저작권자   파이낸셜뉴스  무단 전재 재배포 금지,2021-03-23,-0.84,0.0
219,219,두산중공업  기술자료 요구하면서 법정 서면 안 내 공정위 제재,2021.03.23 11:52,  News  장수영  사진 뉴스 [파이낸셜뉴스] 기술자료를 요구하면서 요구 서면을 주지 않은 두산중공업이 공정거래위원회의 제재를 받았다 공정위는 중소 하도급 업체의 기술 보호를 위한 절차 규정을 위반한 두산중공업에게 시정명령 및 과징금  만원 부과를 결정했다고  일 밝혔다 공정위에 따르면 두산중공업은 년  월부터  년  월까지 발전소 설비에 사용되는 밸브 제조를 위탁하고 납품받는 과정에서  개 중소업체에게 밸브 제작과 관련된 도면 등 기술자료  건을 요구했다  그러면서 사전에 권리 귀속 관계  비밀유지사항  대가 등을 정한 서면을 제공하지 않았다 현행 하도급법상 기술자료 요구에 정당한 사유가 있는 경우에도 양자 간에 요구목적  권리 귀속 관계  비밀유지에 관한 사항 등을 명확히 하고 사후 분쟁에서 절차적 정당성을 확인하기 위해 기술자료 요구서를 제공하도록 의무화 돼 있다 두산중공업은 납품받는 밸브가 발주처가 요구하는 사양  성능  기준 등을 충족하였는지 확인하고  다른 부품과의 물리적 기능적 정합성을 검토하기 위한 목적 등으로 관련 기술자료를 요구했다  기술자료 요구의 정당성은 인정됐지만 요구서를 제공하지 않아 규정 위반으로 인정된 것이다 공정위는  원사업자의 기술자료 요구서 제공 의무는 수급사업자의 기술 보호를 위해 지켜져야 할 핵심 사항을 사전에 명확히 해 정당한 이유 없는 자료 요구 및 원사업자의 자의적 해석을 방지하고  기술유용행위를 미연에 예방할 수 있도록 하는 중요한 절차적 의무 라며  기술자료 요구서 제도 착근을 위해 요구서 미제공에 대한 감시를 강화하여 적발시 엄중 제재하며  제도 홍보 노력도 확대할 계획이다 고 밝혔다 onsunn fnnews com 오은선 기자  헉  소리나는 스 토리 뉴스 [헉스]   아는 척 하고 싶은 당신을 위한 [두유노우]  날로먹고 구워먹는 금융이슈 [파인애플]  저작권자   파이낸셜뉴스  무단 전재 재배포 금지,2021-03-23,-0.84,0.0
220,220,두산중공업  기술자료 요구하면서 법정 서면 안 내 공정위 제재,2021.03.23 11:52,  News  장수영  사진 뉴스 [파이낸셜뉴스] 기술자료를 요구하면서 요구 서면을 주지 않은 두산중공업이 공정거래위원회의 제재를 받았다 공정위는 중소 하도급 업체의 기술 보호를 위한 절차 규정을 위반한 두산중공업에게 시정명령 및 과징금  만원 부과를 결정했다고  일 밝혔다 공정위에 따르면 두산중공업은 년  월부터  년  월까지 발전소 설비에 사용되는 밸브 제조를 위탁하고 납품받는 과정에서  개 중소업체에게 밸브 제작과 관련된 도면 등 기술자료  건을 요구했다  그러면서 사전에 권리 귀속 관계  비밀유지사항  대가 등을 정한 서면을 제공하지 않았다 현행 하도급법상 기술자료 요구에 정당한 사유가 있는 경우에도 양자 간에 요구목적  권리 귀속 관계  비밀유지에 관한 사항 등을 명확히 하고 사후 분쟁에서 절차적 정당성을 확인하기 위해 기술자료 요구서를 제공하도록 의무화 돼 있다 두산중공업은 납품받는 밸브가 발주처가 요구하는 사양  성능  기준 등을 충족하였는지 확인하고  다른 부품과의 물리적 기능적 정합성을 검토하기 위한 목적 등으로 관련 기술자료를 요구했다  기술자료 요구의 정당성은 인정됐지만 요구서를 제공하지 않아 규정 위반으로 인정된 것이다 공정위는  원사업자의 기술자료 요구서 제공 의무는 수급사업자의 기술 보호를 위해 지켜져야 할 핵심 사항을 사전에 명확히 해 정당한 이유 없는 자료 요구 및 원사업자의 자의적 해석을 방지하고  기술유용행위를 미연에 예방할 수 있도록 하는 중요한 절차적 의무 라며  기술자료 요구서 제도 착근을 위해 요구서 미제공에 대한 감시를 강화하여 적발시 엄중 제재하며  제도 홍보 노력도 확대할 계획이다 고 밝혔다 onsunn fnnews com 오은선 기자  헉  소리나는 스 토리 뉴스 [헉스]   아는 척 하고 싶은 당신을 위한 [두유노우]  날로먹고 구워먹는 금융이슈 [파인애플]  저작권자   파이낸셜뉴스  무단 전재 재배포 금지,2021-03-23,-0.84,0.0
221,221,공정위  두산중공업  서면 없이 하도급업체에 기술자료 요구 시정명령 과징금 ,2021.03.23 12:00,[세종 아시아경제 주상돈 기자] 공정거래위원회는 기술자료를 요구하면서 요구목적 등이 기재된 요구 서면을 교부하지 않는 등 중소 하도급 업체의 기술 보호를 위한 절차 규정을 위반한 두산중공업에게 시정명령 및 과징금  만원 부과를 결정했다고  일 밝혔다 공정위에 따르면 두산중공업은  년  월부터  년  월까지 발전소 설비에 사용되는 밸브 제조를 위탁하고 납품받는 과정에서  개 중소업체에게 밸브 제작과 관련된 도면 등 기술자료  건을 요구하면서 사전에 권리 귀속 관계와 비밀유지사항  대가 등을 정한 서면을 제공하지 않았다 두산중공업는 중소업체로부터 납품받는 밸브가 발주처가 요구하는 사양과 성능  기준 등을 충족하였는지 확인하고 다른 부품과의 물리적 기능적 정합성을 검토하기 위한 목적 등으로 관련 기술자료를 요구한 점을 근거로 공정위는 기술자료 요구의 정당성은 인정했다 하지만 하도급법에선 기술자료 요구에 정당한 사유가 있는 경우에도 양자 간에 요구목적과 권리 귀속 관계  비밀유지에 관한 사항 등을 명확히 하고 사후 분쟁에서 절차적 정당성을 확인하기 위해 기술자료 요구서를 제공토록 의무화하고 있다  두산중공업 주 는  개 중소업체에게 기술자료  건을 요구하면서 이를 제공하지 않았다 이에 공정위는 두산중공업에 기술자료 요구서 미교부 행위가 재발하지 않도록 시정명령하고  만원의 과징금을 납부하도록 결정했다 공정위 관계자는  원사업자의 기술자료 요구서 제공 의무는 정당한 이유 없는 자료 요구 및 원사업자의 자의적 해석을 방지하고 더 나아가 기술유용행위를 미연에 예방할 수 있도록 하는 중요한 절차적 의무 라며  공정위는 기술자료 요구서 제도 착근을 위해 요구서 미제공에 대한 감시를 강화해 적발시 엄중 제재하며  제도 홍보 노력도 확대할 계획 이라고 말했다 주상돈 기자 don asiae co kr   년 신축년  신년운세와 토정비결은  발 빠른 최신 뉴스  네이버 메인에서 바로 보기  한 눈에 보는   재보궐 선거 경제를 보는 눈  세계를 보는 창 아시아경제 무단전재 배포금지 ,2021-03-23,-0.84,0.0
222,222,공정위  두산중공업  서면 없이 하도급업체에 기술자료 요구 시정명령 과징금 ,2021.03.23 12:00,[세종 아시아경제 주상돈 기자] 공정거래위원회는 기술자료를 요구하면서 요구목적 등이 기재된 요구 서면을 교부하지 않는 등 중소 하도급 업체의 기술 보호를 위한 절차 규정을 위반한 두산중공업에게 시정명령 및 과징금  만원 부과를 결정했다고  일 밝혔다 공정위에 따르면 두산중공업은  년  월부터  년  월까지 발전소 설비에 사용되는 밸브 제조를 위탁하고 납품받는 과정에서  개 중소업체에게 밸브 제작과 관련된 도면 등 기술자료  건을 요구하면서 사전에 권리 귀속 관계와 비밀유지사항  대가 등을 정한 서면을 제공하지 않았다 두산중공업는 중소업체로부터 납품받는 밸브가 발주처가 요구하는 사양과 성능  기준 등을 충족하였는지 확인하고 다른 부품과의 물리적 기능적 정합성을 검토하기 위한 목적 등으로 관련 기술자료를 요구한 점을 근거로 공정위는 기술자료 요구의 정당성은 인정했다 하지만 하도급법에선 기술자료 요구에 정당한 사유가 있는 경우에도 양자 간에 요구목적과 권리 귀속 관계  비밀유지에 관한 사항 등을 명확히 하고 사후 분쟁에서 절차적 정당성을 확인하기 위해 기술자료 요구서를 제공토록 의무화하고 있다  두산중공업 주 는  개 중소업체에게 기술자료  건을 요구하면서 이를 제공하지 않았다 이에 공정위는 두산중공업에 기술자료 요구서 미교부 행위가 재발하지 않도록 시정명령하고  만원의 과징금을 납부하도록 결정했다 공정위 관계자는  원사업자의 기술자료 요구서 제공 의무는 정당한 이유 없는 자료 요구 및 원사업자의 자의적 해석을 방지하고 더 나아가 기술유용행위를 미연에 예방할 수 있도록 하는 중요한 절차적 의무 라며  공정위는 기술자료 요구서 제도 착근을 위해 요구서 미제공에 대한 감시를 강화해 적발시 엄중 제재하며  제도 홍보 노력도 확대할 계획 이라고 말했다 주상돈 기자 don asiae co kr   년 신축년  신년운세와 토정비결은  발 빠른 최신 뉴스  네이버 메인에서 바로 보기  한 눈에 보는   재보궐 선거 경제를 보는 눈  세계를 보는 창 아시아경제 무단전재 배포금지 ,2021-03-23,-0.84,0.0
223,223,두산중공업  납품사에 기술자료 임의 제출 요구로 과징금,2021.03.23 12:02,공정거래위원회는 납품업체에 기술자료를 요구하면서 서면 요구서를 제공하지 않은 두산중공업에  만원의 과징금을 부과하고  시정명령을 내렸다 일 공정위에 따르면 두산중공업은  년  월부터  년  월까지 발전소 설비에 사용되는 밸브 제조를 위탁해 납품받는 과정에서  개 중소업체에 밸브 제작 도면 등 기술자료  건을 요구했다 하지만 사전에 권리 귀속 관계  비밀유지사항  대가 등을 명시한 서면 요구서를 제공하지 않았다  이는 기술자료를 요구할 때 요구서를 의무적으로 제공토록 한 하도급법  조를 위반한 것이라고 공정위는 설명했다 공정위는 두산중공업이 기술자료를 요구한 정당성은 인정된다고 봤다  두산중공업이 요구한 기술자료는 납품받은 밸브가 발주처가 요구하는 사양과 성능  기준 등을 충족하는지 확인하기 위해서 필요한 자료였기 때문이다 하지만 기술자료를 요구할 때 요구서를 의무적으로 제공하는 것은 수급사업자의 기술 보호를 위해서 반드시 지켜져야 한다는 게 공정위 판단이다  핵심사항을 사전에 명확히 해 원사업자의 자의적 해석과 기술유용행위를 미연에 예방할 수 있기 때문이다  공정위 관계자는  하도급 관계에서 기술자료 요구서를 반드시 제공하도록 감시를 강화할 것 이라고 말했다 이지훈 기자 lizi hankyung com  경제지 네이버 구독 첫  만  한국경제 받아보세요  한경 고품격 뉴스레터  원클릭으로 구독하세요  한국경제신문과 WSJ  모바일한경으로 보세요  한국경제   hankyung com  무단전재 및 재배포 금지,2021-03-23,-0.84,0.0
224,224,공정위  하도급  갑질  두산중공업 제재  서면없는 기술자료 요구는 법 위반 ,2021.03.23 12:02,공정거래위원회는  일 하도급 업체 기술보호 규정 절차를 위반한 두산중공업에 시정명령과 함께 과징금 총  만원을 부과하기로 결정했다고 밝혔다  하도급 업체에 밸브 제조 관련 기술자료를 요구하면서 사전에 요구목적 등을 담은 요구서면을 제공하지 않은 혐의다 공정위에 따르면 두산중공업은 발전소용 밸브를 납품받는  개 중소업체에게 제조 관련 기술자료  건을 요구하면서 사전에 기술자료 요구목적 등이 담긴 요구서를 제공하지 않았다 사건 관련 밸브  종 공정위 제공 공정위는 두산중공업이 하도급 업체에 기술자료를 요구한 목적 자체는 밸브 성능 확인을 위한 것으로 정당성이 인정되지만  사전에 미리 요구서를 제공하지 않은 것은 하도급법상 원사업자의 기술자료 요구서 제공 의무를 위반한 것이라고 설명했다 기술자료는 제조 수리 시공 또는 용역수행 방법에 관한 비밀 자료로  원사업자는 하도급 업체에 정당한 사유가 있을때만 이를 요구할 수 있고  사전에 요구목적 등이 담긴 요구서를 필수적으로 제공해야 한다 요구서 제공 의무는 요구목적  대가  권리귀속관계 등 수급사업자의 기술 보호를 위해 지켜져야 할 핵심 사항을 사전에 명확히해 정당한 이유 없는 자료 요구 및 원사업자의 자의적 해석을 방지하고 기술유용행위를 미연에 예방할 수 있도록 하는 절차다 공정위 관계자는  이번 조치는 발주처가 요구하는 기준 등을 충족하였는지 확인하는 등 기술자료 요구에 정당한 사유가 있더라도 사전에 요구목적  자료의 권리 귀속 관계 등 중요 사항에 대해 협의하고 그 내용을 담은 서면을 발급하여야함을 다시금 분명히 확인하였다는 데 그 의의가 있다 고 말했다 [세종 최효정 기자 saudade chosunbiz com] 네이버에서  명품 경제뉴스  조선비즈를 구독하세요 삼성 OLED 위기론  아이폰 미니 부진  패널 투기적 자산  파월  비트코인 경고 저작권자   조선비즈  무단 전재 및 재배포 금지,2021-03-23,-0.84,0.0
225,225,두산중공업  납품사에 기술자료 임의 제출 요구로 과징금,2021.03.23 12:02,공정거래위원회는 납품업체에 기술자료를 요구하면서 서면 요구서를 제공하지 않은 두산중공업에  만원의 과징금을 부과하고  시정명령을 내렸다 일 공정위에 따르면 두산중공업은  년  월부터  년  월까지 발전소 설비에 사용되는 밸브 제조를 위탁해 납품받는 과정에서  개 중소업체에 밸브 제작 도면 등 기술자료  건을 요구했다 하지만 사전에 권리 귀속 관계  비밀유지사항  대가 등을 명시한 서면 요구서를 제공하지 않았다  이는 기술자료를 요구할 때 요구서를 의무적으로 제공토록 한 하도급법  조를 위반한 것이라고 공정위는 설명했다 공정위는 두산중공업이 기술자료를 요구한 정당성은 인정된다고 봤다  두산중공업이 요구한 기술자료는 납품받은 밸브가 발주처가 요구하는 사양과 성능  기준 등을 충족하는지 확인하기 위해서 필요한 자료였기 때문이다 하지만 기술자료를 요구할 때 요구서를 의무적으로 제공하는 것은 수급사업자의 기술 보호를 위해서 반드시 지켜져야 한다는 게 공정위 판단이다  핵심사항을 사전에 명확히 해 원사업자의 자의적 해석과 기술유용행위를 미연에 예방할 수 있기 때문이다  공정위 관계자는  하도급 관계에서 기술자료 요구서를 반드시 제공하도록 감시를 강화할 것 이라고 말했다 이지훈 기자 lizi hankyung com  경제지 네이버 구독 첫  만  한국경제 받아보세요  한경 고품격 뉴스레터  원클릭으로 구독하세요  한국경제신문과 WSJ  모바일한경으로 보세요  한국경제   hankyung com  무단전재 및 재배포 금지,2021-03-23,-0.84,0.0
226,226,공정위  하도급  갑질  두산중공업 제재  서면없는 기술자료 요구는 법 위반 ,2021.03.23 12:02,공정거래위원회는  일 하도급 업체 기술보호 규정 절차를 위반한 두산중공업에 시정명령과 함께 과징금 총  만원을 부과하기로 결정했다고 밝혔다  하도급 업체에 밸브 제조 관련 기술자료를 요구하면서 사전에 요구목적 등을 담은 요구서면을 제공하지 않은 혐의다 공정위에 따르면 두산중공업은 발전소용 밸브를 납품받는  개 중소업체에게 제조 관련 기술자료  건을 요구하면서 사전에 기술자료 요구목적 등이 담긴 요구서를 제공하지 않았다 사건 관련 밸브  종 공정위 제공 공정위는 두산중공업이 하도급 업체에 기술자료를 요구한 목적 자체는 밸브 성능 확인을 위한 것으로 정당성이 인정되지만  사전에 미리 요구서를 제공하지 않은 것은 하도급법상 원사업자의 기술자료 요구서 제공 의무를 위반한 것이라고 설명했다 기술자료는 제조 수리 시공 또는 용역수행 방법에 관한 비밀 자료로  원사업자는 하도급 업체에 정당한 사유가 있을때만 이를 요구할 수 있고  사전에 요구목적 등이 담긴 요구서를 필수적으로 제공해야 한다 요구서 제공 의무는 요구목적  대가  권리귀속관계 등 수급사업자의 기술 보호를 위해 지켜져야 할 핵심 사항을 사전에 명확히해 정당한 이유 없는 자료 요구 및 원사업자의 자의적 해석을 방지하고 기술유용행위를 미연에 예방할 수 있도록 하는 절차다 공정위 관계자는  이번 조치는 발주처가 요구하는 기준 등을 충족하였는지 확인하는 등 기술자료 요구에 정당한 사유가 있더라도 사전에 요구목적  자료의 권리 귀속 관계 등 중요 사항에 대해 협의하고 그 내용을 담은 서면을 발급하여야함을 다시금 분명히 확인하였다는 데 그 의의가 있다 고 말했다 [세종 최효정 기자 saudade chosunbiz com] 네이버에서  명품 경제뉴스  조선비즈를 구독하세요 삼성 OLED 위기론  아이폰 미니 부진  패널 투기적 자산  파월  비트코인 경고 저작권자   조선비즈  무단 전재 및 재배포 금지,2021-03-23,-0.84,0.0
227,227,두산중공업  절차 어기고 중소기업에 기술자료 요구 과징금  만원,2021.03.23 14:01,기술자료 요구하며 비밀유지 서류 주지 않아 [헤럴드경제 홍태화 기자] 공정거래위원회는 두산중공업에 시정명령과 과징금  만원을 부과한다고  일 밝혔다  중소기업에 기술자료를 요구하면서 관련 절차를 어겼기 때문이다 두산중공업은  년  월부터  년  월까지 발전소 설비에 쓰이는 밸브 제조를 위탁하면서  개 업체에 도면 등 기술자료  건을 요구했다  두산중공업은 이 과정에서 대가 권리 귀속 비밀유지 사항 등 내용을 담은 서면을 주지 않았다 하도급법에 따르면 원사업자는 정당한 이유가 있을 때만 기술자료를 요구할 수 있고  이 경우에는 반드시 대가와 지급 방법 비밀유지 방법 등이 적힌 서면을 교부해야 한다 공정위는 두산중공업이 밸브가 성능 기준을 충족했는지 확인하고 다른 부품과 맞는지 검토하기 위해 기술자료를 요구한 만큼 정당성은 인정되나 절차를 위반했다고 설명했다 th heraldcorp com 환경적 대화기구  헤럴드에코 밀리터리 전문 콘텐츠  헤밀 헤럴드경제 네이버 채널 구독  Copyrights   헤럴드경제   heraldbiz com  무단 전재 및 재배포 금지  ,2021-03-23,-0.84,0.0
228,228,두산중공업  절차 어기고 중소기업에 기술자료 요구 과징금  만원,2021.03.23 14:01,기술자료 요구하며 비밀유지 서류 주지 않아 [헤럴드경제 홍태화 기자] 공정거래위원회는 두산중공업에 시정명령과 과징금  만원을 부과한다고  일 밝혔다  중소기업에 기술자료를 요구하면서 관련 절차를 어겼기 때문이다 두산중공업은  년  월부터  년  월까지 발전소 설비에 쓰이는 밸브 제조를 위탁하면서  개 업체에 도면 등 기술자료  건을 요구했다  두산중공업은 이 과정에서 대가 권리 귀속 비밀유지 사항 등 내용을 담은 서면을 주지 않았다 하도급법에 따르면 원사업자는 정당한 이유가 있을 때만 기술자료를 요구할 수 있고  이 경우에는 반드시 대가와 지급 방법 비밀유지 방법 등이 적힌 서면을 교부해야 한다 공정위는 두산중공업이 밸브가 성능 기준을 충족했는지 확인하고 다른 부품과 맞는지 검토하기 위해 기술자료를 요구한 만큼 정당성은 인정되나 절차를 위반했다고 설명했다 th heraldcorp com 환경적 대화기구  헤럴드에코 밀리터리 전문 콘텐츠  헤밀 헤럴드경제 네이버 채널 구독  Copyrights   헤럴드경제   heraldbiz com  무단 전재 및 재배포 금지  ,2021-03-23,-0.84,0.0
229,229,공정위  기술자료 요구절차 어긴 두산중공업에 과징금,2021.03.23 14:17,시정명령과 과징금  만원 부과 [서울경제] 공정거래위원회는 중소기업에 기술자료를 요구하면서 관련 서면을 교부하지 않은 두산중공업에 시정명령과 과징금  만원을 부과한다고  일 밝혔다 공정위에 따르면 두산중공업은  년  월부터  년  월까지 발전소 설비에 쓰이는 밸브 제조를 위탁하면서  개 업체에 도면 등 기술자료  건을 요구했다  두산중공업은 해당 과정에서 대가 권리 귀속 비밀유지 사항 등을 정한 서면을 제공하지 않았다  하도급법에 따르면 원사업자는 정당한 이유가 있을 때만 기술자료를 요구할 수 있으며 반드시 대가와 지급 방법 비밀유지 방법 등이 적힌 서면을 교부해야 한다 공정위 관계자는  이번 조치는 기술자료 요구 시 정당한 사유가 있더라도 사전에 중요 사항에 대해 협의하고 그 내용을 담은 서면을 발급하여야 함을 분명히 확인했다는 데 의의가 있다 고 밝혔다 세종 양철민 기자 chopin sedaily com  상위   투자자 픽  [주식 초고수는 지금]  지피지기 대륙 투자 공략법[니하오 중국증시]  네이버 채널에서  서울경제  구독해주세요 저작권자   서울경제  무단 전재 및 재배포 금지,2021-03-23,-0.84,0.0
230,230,공정위  기술자료 요구절차 어긴 두산중공업에 과징금,2021.03.23 14:17,시정명령과 과징금  만원 부과 [서울경제] 공정거래위원회는 중소기업에 기술자료를 요구하면서 관련 서면을 교부하지 않은 두산중공업에 시정명령과 과징금  만원을 부과한다고  일 밝혔다 공정위에 따르면 두산중공업은  년  월부터  년  월까지 발전소 설비에 쓰이는 밸브 제조를 위탁하면서  개 업체에 도면 등 기술자료  건을 요구했다  두산중공업은 해당 과정에서 대가 권리 귀속 비밀유지 사항 등을 정한 서면을 제공하지 않았다  하도급법에 따르면 원사업자는 정당한 이유가 있을 때만 기술자료를 요구할 수 있으며 반드시 대가와 지급 방법 비밀유지 방법 등이 적힌 서면을 교부해야 한다 공정위 관계자는  이번 조치는 기술자료 요구 시 정당한 사유가 있더라도 사전에 중요 사항에 대해 협의하고 그 내용을 담은 서면을 발급하여야 함을 분명히 확인했다는 데 의의가 있다 고 밝혔다 세종 양철민 기자 chopin sedaily com  상위   투자자 픽  [주식 초고수는 지금]  지피지기 대륙 투자 공략법[니하오 중국증시]  네이버 채널에서  서울경제  구독해주세요 저작권자   서울경제  무단 전재 및 재배포 금지,2021-03-23,-0.84,0.0
231,231,두산중공업  사용후핵연료 저장용기 미국에 첫 수출,2021.03.25 08:59,사용후핵연료 저장용기  캐스크 국내 기업으로는 첫 해외 수출 성공 미국 동부 펜실베니아주에 위치한 TMI 원전 사용후핵연료 보관용[이데일리 김영수 기자] 두산중공업이 국내 기업 최초로 원자력발전소의 사용후핵연료 저장용기인  캐스크 Cask 를 해외 수출하는 데 성공했다 두산중공업 은 캐스크 VCC  Vertical Concrete Cask   세트를 미국 펜실베니아 주 스리마일섬에 위치한 TMI 원자력발전소에 최근 공급했다고  일 밝혔다 캐스크는 원자로에서 연소를 마친 뒤 배출된 사용후핵연료를 운반하고 저장하는 데 사용하는 특수 용기다  사용후핵연료의 방사선과 열을 안전하게 관리해야 하므로 특수 설계와 고도의 제작기술을 필요로 한다  두산중공업이 수출한 캐스크는 높이 약  m  직경  m  무게는  톤이 넘는 중량물이다 미국 TMI 원자력발전소용 캐스크 제작 공정 중 모습   사진 두산중공업 미국 현지에 도착해 운송중인 캐스크   사진 두산중공업 두산중공업은 미국 NAC사 Nuclear Assurance Corporation 와 지난  년 말 체결한 공급계약에 따라 이번에 캐스크  세트를 공급했으며 지난해에는 캐스크의 주요 구성품인 캐니스터 Transportable Storage Canister   세트에 대한 공급계약을 추가로 맺어 오는  월 납품할 예정이다 나기용 두산중공업 원자력BG장은  NAC와 사업협력을 통해 해외 캐스크 시장에 본격 진출하는 발판을 마련했고 한국형 캐스크 제작기술을 한층 고도화할 수 있게 됐다 며  국내에서도 지속적인 수요가 예상되는 만큼 국내외 캐스크 시장을 적극 공략해 나갈 것 이라고 말했다 두산중공업은 국내 환경에 맞는 다양한 캐스크 라인업을 구축하고 있다  지난  년 NAC와  한국형 캐스크 공동개발협약 을 체결한 뒤 기술이전을 통해  년 국내 원자력안전법과 환경요건에 적합한 한국형 건식저장시스템인  Doosan DSS 을 개발했다  이후 자체 설계역량을 확보해 저장 용량을 증대시킨 DSS  DSS  모델과 운반 저장 겸용 캐스크인 DPC 를 개발했다 두산중공업은 설계 안전성 입증을 위해  년 미국 원자력규제위원회 NRC 에 설계인허가를 신청했으며 오는  월 인허가를 취득할 것으로 예상된다 두산중공업은 국내 중소 협력업체들과 함께 캐스크 제작을 위한 공급망 Supply Chain 을 조성했으며 이를 통해 안전성과 경제성을 갖춘 캐스크를 공급해 나갈 계획이다 김영수  kys edaily co kr   시간 빠른  미리보는 뉴스  eNews  네이버에서  이데일리 뉴스 를 만나보세요  빡침해소  청춘뉘우스  스냅타임 종합 경제정보 미디어 이데일리   무단전재   재배포 금지 ,2021-03-25,1.66,0.0
232,232,두산중공업  사용후핵연료 저장용기 미국에 첫 수출,2021.03.25 08:59,사용후핵연료 저장용기  캐스크 국내 기업으로는 첫 해외 수출 성공 미국 동부 펜실베니아주에 위치한 TMI 원전 사용후핵연료 보관용[이데일리 김영수 기자] 두산중공업이 국내 기업 최초로 원자력발전소의 사용후핵연료 저장용기인  캐스크 Cask 를 해외 수출하는 데 성공했다 두산중공업 은 캐스크 VCC  Vertical Concrete Cask   세트를 미국 펜실베니아 주 스리마일섬에 위치한 TMI 원자력발전소에 최근 공급했다고  일 밝혔다 캐스크는 원자로에서 연소를 마친 뒤 배출된 사용후핵연료를 운반하고 저장하는 데 사용하는 특수 용기다  사용후핵연료의 방사선과 열을 안전하게 관리해야 하므로 특수 설계와 고도의 제작기술을 필요로 한다  두산중공업이 수출한 캐스크는 높이 약  m  직경  m  무게는  톤이 넘는 중량물이다 미국 TMI 원자력발전소용 캐스크 제작 공정 중 모습   사진 두산중공업 미국 현지에 도착해 운송중인 캐스크   사진 두산중공업 두산중공업은 미국 NAC사 Nuclear Assurance Corporation 와 지난  년 말 체결한 공급계약에 따라 이번에 캐스크  세트를 공급했으며 지난해에는 캐스크의 주요 구성품인 캐니스터 Transportable Storage Canister   세트에 대한 공급계약을 추가로 맺어 오는  월 납품할 예정이다 나기용 두산중공업 원자력BG장은  NAC와 사업협력을 통해 해외 캐스크 시장에 본격 진출하는 발판을 마련했고 한국형 캐스크 제작기술을 한층 고도화할 수 있게 됐다 며  국내에서도 지속적인 수요가 예상되는 만큼 국내외 캐스크 시장을 적극 공략해 나갈 것 이라고 말했다 두산중공업은 국내 환경에 맞는 다양한 캐스크 라인업을 구축하고 있다  지난  년 NAC와  한국형 캐스크 공동개발협약 을 체결한 뒤 기술이전을 통해  년 국내 원자력안전법과 환경요건에 적합한 한국형 건식저장시스템인  Doosan DSS 을 개발했다  이후 자체 설계역량을 확보해 저장 용량을 증대시킨 DSS  DSS  모델과 운반 저장 겸용 캐스크인 DPC 를 개발했다 두산중공업은 설계 안전성 입증을 위해  년 미국 원자력규제위원회 NRC 에 설계인허가를 신청했으며 오는  월 인허가를 취득할 것으로 예상된다 두산중공업은 국내 중소 협력업체들과 함께 캐스크 제작을 위한 공급망 Supply Chain 을 조성했으며 이를 통해 안전성과 경제성을 갖춘 캐스크를 공급해 나갈 계획이다 김영수  kys edaily co kr   시간 빠른  미리보는 뉴스  eNews  네이버에서  이데일리 뉴스 를 만나보세요  빡침해소  청춘뉘우스  스냅타임 종합 경제정보 미디어 이데일리   무단전재   재배포 금지 ,2021-03-25,1.66,0.0
233,233,두산중공업  사용후핵연료 저장용기 미국에 첫 수출,2021.03.25 08:59,미국 TMI 원자력발전소용 캐스크 제작 공정 중인 모습 [파이낸셜뉴스] 두산중공업은 캐스크 VCC  Vertical Concrete Cask   세트를 미국 펜실베니아 주 스리마일섬에 위치한 TMI 원자력발전소에 최근 공급했다고  일 밝혔다 캐스크는 원자로에서 연소를 마친 뒤 배출된 사용후핵연료를 운반하고 저장하는 데 사용하는 특수 용기다  사용후핵연료의 방사선과 열을 안전하게 관리해야 하므로 특수 설계와 고도의 제작기술을 필요로 한다  두산중공업이 수출한 캐스크는 높이 약  m  직경  m  무게는  톤이 넘는 중량물이다 두산중공업은 미국 NAC사 Nuclear Assurance Corporation 와 지난  년 말 체결한 공급계약에 따라 이번에 캐스크  세트를 공급했으며  지난해에는 캐스크의 주요 구성품인 캐니스터 Transportable Storage Canister   세트에 대한 공급계약을 추가로 맺어 오는  월 납품할 예정이다 나기용 두산중공업 원자력BG장은  NAC와 사업협력을 통해 해외 캐스크 시장에 본격 진출하는 발판을 마련했고  한국형 캐스크 제작기술을 한층 고도화할 수 있게 됐다 며  국내에서도 지속적인 수요가 예상되는 만큼 국내외 캐스크 시장을 적극 공략해 나갈 것 이라고 말했다 두산중공업은 국내 환경에 맞는 다양한 캐스크 라인업을 구축하고 있다  지난  년 NAC와  한국형 캐스크 공동개발협약 을 체결한 뒤 기술이전을 통해  년 국내 원자력안전법과 환경요건에 적합한 한국형 건식저장시스템인  Doosan DSS 을 개발했다  이후 자체 설계역량을 확보해 저장 용량을 증대시킨 DSS  DSS  모델과 운반 저장 겸용 캐스크인 DPC 를 개발했다  두산중공업은 설계 안전성 입증을 위해  년 미국 원자력규제위원회 NRC 에 설계인허가를 신청했으며  오는  월 인허가를 취득할 것으로 예상된다 두산중공업은 국내 중소 협력업체들과 함께 캐스크 제작을 위한 공급망 Supply Chain 을 조성했으며  이를 통해 안전성과 경제성을 갖춘 캐스크를 공급해 나갈 계획이다 pja fnnews com 박지애 기자  헉  소리나는 스 토리 뉴스 [헉스]   아는 척 하고 싶은 당신을 위한 [두유노우]  날로먹고 구워먹는 금융이슈 [파인애플]  저작권자   파이낸셜뉴스  무단 전재 재배포 금지,2021-03-25,1.66,0.0
234,234,두산중공업  사용후핵연료 저장용기 미국에 첫 수출,2021.03.25 08:59,사용후핵연료 저장용기  캐스크 국내 기업으로는 첫 해외 수출 성공 미국 동부 펜실베니아주에 위치한 TMI 원전 사용후핵연료 보관용[이데일리 김영수 기자] 두산중공업이 국내 기업 최초로 원자력발전소의 사용후핵연료 저장용기인  캐스크 Cask 를 해외 수출하는 데 성공했다 두산중공업 은 캐스크 VCC  Vertical Concrete Cask   세트를 미국 펜실베니아 주 스리마일섬에 위치한 TMI 원자력발전소에 최근 공급했다고  일 밝혔다 캐스크는 원자로에서 연소를 마친 뒤 배출된 사용후핵연료를 운반하고 저장하는 데 사용하는 특수 용기다  사용후핵연료의 방사선과 열을 안전하게 관리해야 하므로 특수 설계와 고도의 제작기술을 필요로 한다  두산중공업이 수출한 캐스크는 높이 약  m  직경  m  무게는  톤이 넘는 중량물이다 미국 TMI 원자력발전소용 캐스크 제작 공정 중 모습   사진 두산중공업 미국 현지에 도착해 운송중인 캐스크   사진 두산중공업 두산중공업은 미국 NAC사 Nuclear Assurance Corporation 와 지난  년 말 체결한 공급계약에 따라 이번에 캐스크  세트를 공급했으며 지난해에는 캐스크의 주요 구성품인 캐니스터 Transportable Storage Canister   세트에 대한 공급계약을 추가로 맺어 오는  월 납품할 예정이다 나기용 두산중공업 원자력BG장은  NAC와 사업협력을 통해 해외 캐스크 시장에 본격 진출하는 발판을 마련했고 한국형 캐스크 제작기술을 한층 고도화할 수 있게 됐다 며  국내에서도 지속적인 수요가 예상되는 만큼 국내외 캐스크 시장을 적극 공략해 나갈 것 이라고 말했다 두산중공업은 국내 환경에 맞는 다양한 캐스크 라인업을 구축하고 있다  지난  년 NAC와  한국형 캐스크 공동개발협약 을 체결한 뒤 기술이전을 통해  년 국내 원자력안전법과 환경요건에 적합한 한국형 건식저장시스템인  Doosan DSS 을 개발했다  이후 자체 설계역량을 확보해 저장 용량을 증대시킨 DSS  DSS  모델과 운반 저장 겸용 캐스크인 DPC 를 개발했다 두산중공업은 설계 안전성 입증을 위해  년 미국 원자력규제위원회 NRC 에 설계인허가를 신청했으며 오는  월 인허가를 취득할 것으로 예상된다 두산중공업은 국내 중소 협력업체들과 함께 캐스크 제작을 위한 공급망 Supply Chain 을 조성했으며 이를 통해 안전성과 경제성을 갖춘 캐스크를 공급해 나갈 계획이다 김영수  kys edaily co kr   시간 빠른  미리보는 뉴스  eNews  네이버에서  이데일리 뉴스 를 만나보세요  빡침해소  청춘뉘우스  스냅타임 종합 경제정보 미디어 이데일리   무단전재   재배포 금지 ,2021-03-25,1.66,0.0
235,235,두산중공업  사용후핵연료 저장용기 미국에 첫 수출,2021.03.25 08:59,미국 TMI 원자력발전소용 캐스크 제작 공정 중인 모습 [파이낸셜뉴스] 두산중공업은 캐스크 VCC  Vertical Concrete Cask   세트를 미국 펜실베니아 주 스리마일섬에 위치한 TMI 원자력발전소에 최근 공급했다고  일 밝혔다 캐스크는 원자로에서 연소를 마친 뒤 배출된 사용후핵연료를 운반하고 저장하는 데 사용하는 특수 용기다  사용후핵연료의 방사선과 열을 안전하게 관리해야 하므로 특수 설계와 고도의 제작기술을 필요로 한다  두산중공업이 수출한 캐스크는 높이 약  m  직경  m  무게는  톤이 넘는 중량물이다 두산중공업은 미국 NAC사 Nuclear Assurance Corporation 와 지난  년 말 체결한 공급계약에 따라 이번에 캐스크  세트를 공급했으며  지난해에는 캐스크의 주요 구성품인 캐니스터 Transportable Storage Canister   세트에 대한 공급계약을 추가로 맺어 오는  월 납품할 예정이다 나기용 두산중공업 원자력BG장은  NAC와 사업협력을 통해 해외 캐스크 시장에 본격 진출하는 발판을 마련했고  한국형 캐스크 제작기술을 한층 고도화할 수 있게 됐다 며  국내에서도 지속적인 수요가 예상되는 만큼 국내외 캐스크 시장을 적극 공략해 나갈 것 이라고 말했다 두산중공업은 국내 환경에 맞는 다양한 캐스크 라인업을 구축하고 있다  지난  년 NAC와  한국형 캐스크 공동개발협약 을 체결한 뒤 기술이전을 통해  년 국내 원자력안전법과 환경요건에 적합한 한국형 건식저장시스템인  Doosan DSS 을 개발했다  이후 자체 설계역량을 확보해 저장 용량을 증대시킨 DSS  DSS  모델과 운반 저장 겸용 캐스크인 DPC 를 개발했다  두산중공업은 설계 안전성 입증을 위해  년 미국 원자력규제위원회 NRC 에 설계인허가를 신청했으며  오는  월 인허가를 취득할 것으로 예상된다 두산중공업은 국내 중소 협력업체들과 함께 캐스크 제작을 위한 공급망 Supply Chain 을 조성했으며  이를 통해 안전성과 경제성을 갖춘 캐스크를 공급해 나갈 계획이다 pja fnnews com 박지애 기자  헉  소리나는 스 토리 뉴스 [헉스]   아는 척 하고 싶은 당신을 위한 [두유노우]  날로먹고 구워먹는 금융이슈 [파인애플]  저작권자   파이낸셜뉴스  무단 전재 재배포 금지,2021-03-25,1.66,0.0
236,236,두산중공업  사용후핵연료 저장용기 미국에 첫 수출,2021.03.25 08:59,미국 TMI 원자력발전소용 캐스크 제작 공정 중인 모습 [파이낸셜뉴스] 두산중공업은 캐스크 VCC  Vertical Concrete Cask   세트를 미국 펜실베니아 주 스리마일섬에 위치한 TMI 원자력발전소에 최근 공급했다고  일 밝혔다 캐스크는 원자로에서 연소를 마친 뒤 배출된 사용후핵연료를 운반하고 저장하는 데 사용하는 특수 용기다  사용후핵연료의 방사선과 열을 안전하게 관리해야 하므로 특수 설계와 고도의 제작기술을 필요로 한다  두산중공업이 수출한 캐스크는 높이 약  m  직경  m  무게는  톤이 넘는 중량물이다 두산중공업은 미국 NAC사 Nuclear Assurance Corporation 와 지난  년 말 체결한 공급계약에 따라 이번에 캐스크  세트를 공급했으며  지난해에는 캐스크의 주요 구성품인 캐니스터 Transportable Storage Canister   세트에 대한 공급계약을 추가로 맺어 오는  월 납품할 예정이다 나기용 두산중공업 원자력BG장은  NAC와 사업협력을 통해 해외 캐스크 시장에 본격 진출하는 발판을 마련했고  한국형 캐스크 제작기술을 한층 고도화할 수 있게 됐다 며  국내에서도 지속적인 수요가 예상되는 만큼 국내외 캐스크 시장을 적극 공략해 나갈 것 이라고 말했다 두산중공업은 국내 환경에 맞는 다양한 캐스크 라인업을 구축하고 있다  지난  년 NAC와  한국형 캐스크 공동개발협약 을 체결한 뒤 기술이전을 통해  년 국내 원자력안전법과 환경요건에 적합한 한국형 건식저장시스템인  Doosan DSS 을 개발했다  이후 자체 설계역량을 확보해 저장 용량을 증대시킨 DSS  DSS  모델과 운반 저장 겸용 캐스크인 DPC 를 개발했다  두산중공업은 설계 안전성 입증을 위해  년 미국 원자력규제위원회 NRC 에 설계인허가를 신청했으며  오는  월 인허가를 취득할 것으로 예상된다 두산중공업은 국내 중소 협력업체들과 함께 캐스크 제작을 위한 공급망 Supply Chain 을 조성했으며  이를 통해 안전성과 경제성을 갖춘 캐스크를 공급해 나갈 계획이다 pja fnnews com 박지애 기자  헉  소리나는 스 토리 뉴스 [헉스]   아는 척 하고 싶은 당신을 위한 [두유노우]  날로먹고 구워먹는 금융이슈 [파인애플]  저작권자   파이낸셜뉴스  무단 전재 재배포 금지,2021-03-25,1.66,0.0
237,237,두산중공업  사용후핵연료 저장용기 미국에 첫 수출  쾌거 ,2021.03.25 09:08,[아시아경제 김혜원 기자] 두산중공업이 국내 기업 최초로 원자력발전소의 사용후핵연료 저장용기인 캐스크 Cask 를 해외 수출하는 데 성공했다 두산중공업은 캐스크 VCC Vertical Concrete Cask   세트를 미국 펜실베니아 주 스리마일섬에 위치한 TMI 원자력발전소에 최근 공급했다고  일 밝혔다 캐스크는 원자로에서 연소를 마친 뒤 배출된 사용후핵연료를 운반하고 저장하는 데 사용하는 특수 용기다  사용후핵연료의 방사선과 열을 안전하게 관리해야 하기 때문에 특수 설계와 고도의 제작 기술을 필요로 한다  두산중공업이 수출한 캐스크는 높이 약  m  직경  m  무게는  t이 넘는 중량물이다 두산중공업은 미국 NAC사와  년 말 체결한 공급 계약에 따라 이번에 캐스크  세트를 공급했다  지난해에는 캐스크의 주요 구성품인 캐니스터 Transportable Storage Canister   세트에 대한 공급 계약을 추가로 맺어 오는  월 납품할 예정이다 나기용 두산중공업 원자력BG장은  NAC와 사업 협력을 통해 해외 캐스크 시장에 본격 진출하는 발판을 마련했고  한국형 캐스크 제작 기술을 한층 고도화할 수 있게 됐다 며  국내에서도 지속적인 수요가 예상되는 만큼 국내외 캐스크 시장을 적극 공략해 나갈 것 이라고 말했다 두산중공업은 국내 환경에 맞는 다양한 캐스크 라인업을 구축하고 있다   년 NAC와  한국형 캐스크 공동개발 협약 을 체결한 뒤 기술이전을 통해  년 국내 원자력안전법과 환경요건에 적합한 한국형 건식 저장 시스템인  Doosan DSS 을 개발했다  이후 자체 설계 역량을 확보해 저장 용량을 증대시킨 DSS  DSS  모델과 운반 저장 겸용 캐스크인 DPC 를 개발했다  두산중공업은 설계 안전성 입증을 위해  년 미국 원자력규제위원회 NRC 에 설계인허가를 신청했으며  오는  월 인허가를 취득할 것으로 예상된다 두산중공업은 국내 중소 협력 업체들과 함께 캐스크 제작을 위한 공급망을 조성했으며  이를 통해 안전성과 경제성을 갖춘 캐스크를 공급해 나갈 계획이다 김혜원 기자 kimhye asiae co kr   년 신축년  신년운세와 토정비결은  발 빠른 최신 뉴스  네이버 메인에서 바로 보기  한 눈에 보는   재보궐 선거 경제를 보는 눈  세계를 보는 창 아시아경제 무단전재 배포금지 ,2021-03-25,1.66,0.0
238,238,두산중공업  사용후핵연료 저장용기 미국에 첫 수출  쾌거 ,2021.03.25 09:08,[아시아경제 김혜원 기자] 두산중공업이 국내 기업 최초로 원자력발전소의 사용후핵연료 저장용기인 캐스크 Cask 를 해외 수출하는 데 성공했다 두산중공업은 캐스크 VCC Vertical Concrete Cask   세트를 미국 펜실베니아 주 스리마일섬에 위치한 TMI 원자력발전소에 최근 공급했다고  일 밝혔다 캐스크는 원자로에서 연소를 마친 뒤 배출된 사용후핵연료를 운반하고 저장하는 데 사용하는 특수 용기다  사용후핵연료의 방사선과 열을 안전하게 관리해야 하기 때문에 특수 설계와 고도의 제작 기술을 필요로 한다  두산중공업이 수출한 캐스크는 높이 약  m  직경  m  무게는  t이 넘는 중량물이다 두산중공업은 미국 NAC사와  년 말 체결한 공급 계약에 따라 이번에 캐스크  세트를 공급했다  지난해에는 캐스크의 주요 구성품인 캐니스터 Transportable Storage Canister   세트에 대한 공급 계약을 추가로 맺어 오는  월 납품할 예정이다 나기용 두산중공업 원자력BG장은  NAC와 사업 협력을 통해 해외 캐스크 시장에 본격 진출하는 발판을 마련했고  한국형 캐스크 제작 기술을 한층 고도화할 수 있게 됐다 며  국내에서도 지속적인 수요가 예상되는 만큼 국내외 캐스크 시장을 적극 공략해 나갈 것 이라고 말했다 두산중공업은 국내 환경에 맞는 다양한 캐스크 라인업을 구축하고 있다   년 NAC와  한국형 캐스크 공동개발 협약 을 체결한 뒤 기술이전을 통해  년 국내 원자력안전법과 환경요건에 적합한 한국형 건식 저장 시스템인  Doosan DSS 을 개발했다  이후 자체 설계 역량을 확보해 저장 용량을 증대시킨 DSS  DSS  모델과 운반 저장 겸용 캐스크인 DPC 를 개발했다  두산중공업은 설계 안전성 입증을 위해  년 미국 원자력규제위원회 NRC 에 설계인허가를 신청했으며  오는  월 인허가를 취득할 것으로 예상된다 두산중공업은 국내 중소 협력 업체들과 함께 캐스크 제작을 위한 공급망을 조성했으며  이를 통해 안전성과 경제성을 갖춘 캐스크를 공급해 나갈 계획이다 김혜원 기자 kimhye asiae co kr   년 신축년  신년운세와 토정비결은  발 빠른 최신 뉴스  네이버 메인에서 바로 보기  한 눈에 보는   재보궐 선거 경제를 보는 눈  세계를 보는 창 아시아경제 무단전재 배포금지 ,2021-03-25,1.66,0.0
239,239,두산중공업  사용후핵연료 저장용기 미국에 첫 수출  쾌거 ,2021.03.25 09:08,[아시아경제 김혜원 기자] 두산중공업이 국내 기업 최초로 원자력발전소의 사용후핵연료 저장용기인 캐스크 Cask 를 해외 수출하는 데 성공했다 두산중공업은 캐스크 VCC Vertical Concrete Cask   세트를 미국 펜실베니아 주 스리마일섬에 위치한 TMI 원자력발전소에 최근 공급했다고  일 밝혔다 캐스크는 원자로에서 연소를 마친 뒤 배출된 사용후핵연료를 운반하고 저장하는 데 사용하는 특수 용기다  사용후핵연료의 방사선과 열을 안전하게 관리해야 하기 때문에 특수 설계와 고도의 제작 기술을 필요로 한다  두산중공업이 수출한 캐스크는 높이 약  m  직경  m  무게는  t이 넘는 중량물이다 두산중공업은 미국 NAC사와  년 말 체결한 공급 계약에 따라 이번에 캐스크  세트를 공급했다  지난해에는 캐스크의 주요 구성품인 캐니스터 Transportable Storage Canister   세트에 대한 공급 계약을 추가로 맺어 오는  월 납품할 예정이다 나기용 두산중공업 원자력BG장은  NAC와 사업 협력을 통해 해외 캐스크 시장에 본격 진출하는 발판을 마련했고  한국형 캐스크 제작 기술을 한층 고도화할 수 있게 됐다 며  국내에서도 지속적인 수요가 예상되는 만큼 국내외 캐스크 시장을 적극 공략해 나갈 것 이라고 말했다 두산중공업은 국내 환경에 맞는 다양한 캐스크 라인업을 구축하고 있다   년 NAC와  한국형 캐스크 공동개발 협약 을 체결한 뒤 기술이전을 통해  년 국내 원자력안전법과 환경요건에 적합한 한국형 건식 저장 시스템인  Doosan DSS 을 개발했다  이후 자체 설계 역량을 확보해 저장 용량을 증대시킨 DSS  DSS  모델과 운반 저장 겸용 캐스크인 DPC 를 개발했다  두산중공업은 설계 안전성 입증을 위해  년 미국 원자력규제위원회 NRC 에 설계인허가를 신청했으며  오는  월 인허가를 취득할 것으로 예상된다 두산중공업은 국내 중소 협력 업체들과 함께 캐스크 제작을 위한 공급망을 조성했으며  이를 통해 안전성과 경제성을 갖춘 캐스크를 공급해 나갈 계획이다 김혜원 기자 kimhye asiae co kr   년 신축년  신년운세와 토정비결은  발 빠른 최신 뉴스  네이버 메인에서 바로 보기  한 눈에 보는   재보궐 선거 경제를 보는 눈  세계를 보는 창 아시아경제 무단전재 배포금지 ,2021-03-25,1.66,0.0
240,240,두산중공업  사용후핵연료 저장용기 미국 첫 수출,2021.03.25 09:17,사용후핵연료 저장용기인 캐스크 국내 기업으로는 첫 해외 수출 성공 미국 펜실베니아 TMI 원자력발전소에 공급 두산중공업 직원들이 미국 TMI 원자력발전소용 캐스크 제작 공정 중인 모습 [두산중공업 제공] 두산중공업 직원들이 미국 TMI 원자력발전소용 캐스크 제작 공정 중인 모습 [두산중공업 제공] [헤럴드경제 정세희 기자]두산중공업이 국내 기업 최초로 원자력발전소의 사용후핵연료 저장용기인 캐스크 Cask  해외 수출에 성공했다 두산중공업은 캐스크 VCC  Vertical Concrete Cask   세트를 미국 펜실베니아 주 스리마일섬에 위치한 TMI 원자력발전소에 최근 공급했다고  일 밝혔다 캐스크는 원자로에서 연소를 마친 뒤 배출된 사용후핵연료를 운반하고 저장하는 데에 사용하는 특수 용기다  사용후핵연료의 방사선과 열을 안전하게 관리해야 하므로 특수 설계와 고도의 제작기술을 필요로 한다 두산중공업이 수출한 캐스크는 높이 약  m  직경  m  무게는  t이 넘는 중량물이다 두산중공업은 미국 NAC사 Nuclear Assurance Corporation 와 지난  년 말 체결한 공급계약에 따라 이번에 캐스크  세트를 공급했다  지난해에는 캐스크의 주요 구성품인 캐니스터 Transportable Storage Canister   세트에 대한 공급계약을 추가로 맺어 오는  월 납품할 예정이다 두산중공업은 국내 환경에 맞는 다양한 캐스크 라인업을 구축하고 있다  지난  년 NAC와  한국형 캐스크 공동개발협약 을 체결한 뒤 기술이전을 통해  년 국내 원자력안전법과 환경요건에 적합한 한국형 건식저장시스템인  Doosan DSS 을 개발했다 이후 자체 설계역량을 확보해 저장 용량을 증대시킨 DSS  DSS  모델과 운반 저장 겸용 캐스크인 DPC 를 개발했다 두산중공업은 설계 안전성 입증을 위해  년 미국 원자력규제위원회 NRC 에 설계인허가를 신청했으며  오는  월 인허가를 취득할 것으로 예상된다 나기용 두산중공업 원자력BG장은  NAC와 사업협력을 통해 해외 캐스크 시장에 본격 진출하는 발판을 마련했고  한국형 캐스크 제작기술을 한층 고도화할 수 있게 됐다 며  국내에서도 지속적인 수요가 예상되는 만큼 국내외 캐스크 시장을 적극 공략해 나갈 것 이라고 말했다 say heraldcorp com 환경적 대화기구  헤럴드에코 밀리터리 전문 콘텐츠  헤밀 헤럴드경제 네이버 채널 구독  Copyrights   헤럴드경제   heraldbiz com  무단 전재 및 재배포 금지  ,2021-03-25,1.66,0.0
241,241,두산중공업  사용후핵연료 저장용기 미국 첫 수출,2021.03.25 09:17,사용후핵연료 저장용기인 캐스크 국내 기업으로는 첫 해외 수출 성공 미국 펜실베니아 TMI 원자력발전소에 공급 두산중공업 직원들이 미국 TMI 원자력발전소용 캐스크 제작 공정 중인 모습 [두산중공업 제공] 두산중공업 직원들이 미국 TMI 원자력발전소용 캐스크 제작 공정 중인 모습 [두산중공업 제공] [헤럴드경제 정세희 기자]두산중공업이 국내 기업 최초로 원자력발전소의 사용후핵연료 저장용기인 캐스크 Cask  해외 수출에 성공했다 두산중공업은 캐스크 VCC  Vertical Concrete Cask   세트를 미국 펜실베니아 주 스리마일섬에 위치한 TMI 원자력발전소에 최근 공급했다고  일 밝혔다 캐스크는 원자로에서 연소를 마친 뒤 배출된 사용후핵연료를 운반하고 저장하는 데에 사용하는 특수 용기다  사용후핵연료의 방사선과 열을 안전하게 관리해야 하므로 특수 설계와 고도의 제작기술을 필요로 한다 두산중공업이 수출한 캐스크는 높이 약  m  직경  m  무게는  t이 넘는 중량물이다 두산중공업은 미국 NAC사 Nuclear Assurance Corporation 와 지난  년 말 체결한 공급계약에 따라 이번에 캐스크  세트를 공급했다  지난해에는 캐스크의 주요 구성품인 캐니스터 Transportable Storage Canister   세트에 대한 공급계약을 추가로 맺어 오는  월 납품할 예정이다 두산중공업은 국내 환경에 맞는 다양한 캐스크 라인업을 구축하고 있다  지난  년 NAC와  한국형 캐스크 공동개발협약 을 체결한 뒤 기술이전을 통해  년 국내 원자력안전법과 환경요건에 적합한 한국형 건식저장시스템인  Doosan DSS 을 개발했다 이후 자체 설계역량을 확보해 저장 용량을 증대시킨 DSS  DSS  모델과 운반 저장 겸용 캐스크인 DPC 를 개발했다 두산중공업은 설계 안전성 입증을 위해  년 미국 원자력규제위원회 NRC 에 설계인허가를 신청했으며  오는  월 인허가를 취득할 것으로 예상된다 나기용 두산중공업 원자력BG장은  NAC와 사업협력을 통해 해외 캐스크 시장에 본격 진출하는 발판을 마련했고  한국형 캐스크 제작기술을 한층 고도화할 수 있게 됐다 며  국내에서도 지속적인 수요가 예상되는 만큼 국내외 캐스크 시장을 적극 공략해 나갈 것 이라고 말했다 say heraldcorp com 환경적 대화기구  헤럴드에코 밀리터리 전문 콘텐츠  헤밀 헤럴드경제 네이버 채널 구독  Copyrights   헤럴드경제   heraldbiz com  무단 전재 및 재배포 금지  ,2021-03-25,1.66,0.0
242,242,두산중공업  사용후핵연료 저장용기 미국 첫 수출,2021.03.25 09:17,사용후핵연료 저장용기인 캐스크 국내 기업으로는 첫 해외 수출 성공 미국 펜실베니아 TMI 원자력발전소에 공급 두산중공업 직원들이 미국 TMI 원자력발전소용 캐스크 제작 공정 중인 모습 [두산중공업 제공] 두산중공업 직원들이 미국 TMI 원자력발전소용 캐스크 제작 공정 중인 모습 [두산중공업 제공] [헤럴드경제 정세희 기자]두산중공업이 국내 기업 최초로 원자력발전소의 사용후핵연료 저장용기인 캐스크 Cask  해외 수출에 성공했다 두산중공업은 캐스크 VCC  Vertical Concrete Cask   세트를 미국 펜실베니아 주 스리마일섬에 위치한 TMI 원자력발전소에 최근 공급했다고  일 밝혔다 캐스크는 원자로에서 연소를 마친 뒤 배출된 사용후핵연료를 운반하고 저장하는 데에 사용하는 특수 용기다  사용후핵연료의 방사선과 열을 안전하게 관리해야 하므로 특수 설계와 고도의 제작기술을 필요로 한다 두산중공업이 수출한 캐스크는 높이 약  m  직경  m  무게는  t이 넘는 중량물이다 두산중공업은 미국 NAC사 Nuclear Assurance Corporation 와 지난  년 말 체결한 공급계약에 따라 이번에 캐스크  세트를 공급했다  지난해에는 캐스크의 주요 구성품인 캐니스터 Transportable Storage Canister   세트에 대한 공급계약을 추가로 맺어 오는  월 납품할 예정이다 두산중공업은 국내 환경에 맞는 다양한 캐스크 라인업을 구축하고 있다  지난  년 NAC와  한국형 캐스크 공동개발협약 을 체결한 뒤 기술이전을 통해  년 국내 원자력안전법과 환경요건에 적합한 한국형 건식저장시스템인  Doosan DSS 을 개발했다 이후 자체 설계역량을 확보해 저장 용량을 증대시킨 DSS  DSS  모델과 운반 저장 겸용 캐스크인 DPC 를 개발했다 두산중공업은 설계 안전성 입증을 위해  년 미국 원자력규제위원회 NRC 에 설계인허가를 신청했으며  오는  월 인허가를 취득할 것으로 예상된다 나기용 두산중공업 원자력BG장은  NAC와 사업협력을 통해 해외 캐스크 시장에 본격 진출하는 발판을 마련했고  한국형 캐스크 제작기술을 한층 고도화할 수 있게 됐다 며  국내에서도 지속적인 수요가 예상되는 만큼 국내외 캐스크 시장을 적극 공략해 나갈 것 이라고 말했다 say heraldcorp com 환경적 대화기구  헤럴드에코 밀리터리 전문 콘텐츠  헤밀 헤럴드경제 네이버 채널 구독  Copyrights   헤럴드경제   heraldbiz com  무단 전재 및 재배포 금지  ,2021-03-25,1.66,0.0
243,243,두산중공업  국내서 처음  에 사용후핵연료 저장용기 수출,2021.03.25 10:39,미국 TMI 원전에  세트 공급  오는  월엔 캐니스터  세트 공급 예정 사용후핵연료 저장용기인 캐스크 모습  캐스크는 원자로에서 연소를 마친 뒤 배출된 사용후핵연료를 운반 저장하는 특수 용기다 사진제공 두산중공업 [서울경제] 두산중공업 이 국내 최초로 사용후핵연료 저장용기  캐스크 Cask 를 수출하는데 성공했다 두산중공업은  버티컬 콘크리트 캐스크 VCC   세트를 미국 펜실베이니아주 스리마일섬에 위치한 TMI 원자력발전소에 최근 공급했다고  일 밝혔다 캐스크는 원자로에서 연소를 마친 뒤 배출된 사용후핵연료를 운반 저장하는 특수 용기다  사용후핵연료의 방사선과 열을 안전하게 관리하기 위한 특수 설계와 고도의 제작기술이 요구된다  두산중공업이 이번에 수출한 캐스크는 총  세트로 높이  m 직경  m에 무게만  톤이 넘는다  오는  월에는 캐스크의 주요 구성품인 캐니스터  세트를 추가 공급할 예정이다 현재 두산중공업은 국내 환경에 맞는 캐스크 라인업을 구축하고 있다   년 미국 NAC사와  한국형 캐스크 공동개발협약 을 체결한 뒤 기술이전을 통해  년 국내 원자력안전법과 환경요건에 적합한 한국형 건식저장시스템인  두산 DSS 을 개발했다  이후 자체 설계역량을 확보해 저장 용량을 증대시킨 DSS  DSS  모델과 운반 저장 겸용 캐스크인 DPC 를 만들었다  두산중공업은 설계 안전성 입증을 위해  년 미국 원자력규제위원회 NRC 에 설계 인허가를 신청했고  오는  월 인허가를 취득할 것으로 예상된다 서종갑 기자 gap sedaily com  상위   투자자 픽  [주식 초고수는 지금]  지피지기 대륙 투자 공략법[니하오 중국증시]  네이버 채널에서  서울경제  구독해주세요 저작권자   서울경제  무단 전재 및 재배포 금지,2021-03-25,1.66,0.0
244,244,두산중공업  국내서 처음  에 사용후핵연료 저장용기 수출,2021.03.25 10:39,미국 TMI 원전에  세트 공급  오는  월엔 캐니스터  세트 공급 예정 사용후핵연료 저장용기인 캐스크 모습  캐스크는 원자로에서 연소를 마친 뒤 배출된 사용후핵연료를 운반 저장하는 특수 용기다 사진제공 두산중공업 [서울경제] 두산중공업 이 국내 최초로 사용후핵연료 저장용기  캐스크 Cask 를 수출하는데 성공했다 두산중공업은  버티컬 콘크리트 캐스크 VCC   세트를 미국 펜실베이니아주 스리마일섬에 위치한 TMI 원자력발전소에 최근 공급했다고  일 밝혔다 캐스크는 원자로에서 연소를 마친 뒤 배출된 사용후핵연료를 운반 저장하는 특수 용기다  사용후핵연료의 방사선과 열을 안전하게 관리하기 위한 특수 설계와 고도의 제작기술이 요구된다  두산중공업이 이번에 수출한 캐스크는 총  세트로 높이  m 직경  m에 무게만  톤이 넘는다  오는  월에는 캐스크의 주요 구성품인 캐니스터  세트를 추가 공급할 예정이다 현재 두산중공업은 국내 환경에 맞는 캐스크 라인업을 구축하고 있다   년 미국 NAC사와  한국형 캐스크 공동개발협약 을 체결한 뒤 기술이전을 통해  년 국내 원자력안전법과 환경요건에 적합한 한국형 건식저장시스템인  두산 DSS 을 개발했다  이후 자체 설계역량을 확보해 저장 용량을 증대시킨 DSS  DSS  모델과 운반 저장 겸용 캐스크인 DPC 를 만들었다  두산중공업은 설계 안전성 입증을 위해  년 미국 원자력규제위원회 NRC 에 설계 인허가를 신청했고  오는  월 인허가를 취득할 것으로 예상된다 서종갑 기자 gap sedaily com  상위   투자자 픽  [주식 초고수는 지금]  지피지기 대륙 투자 공략법[니하오 중국증시]  네이버 채널에서  서울경제  구독해주세요 저작권자   서울경제  무단 전재 및 재배포 금지,2021-03-25,1.66,0.0
245,245,두산중공업  국내서 처음  에 사용후핵연료 저장용기 수출,2021.03.25 10:39,미국 TMI 원전에  세트 공급  오는  월엔 캐니스터  세트 공급 예정 사용후핵연료 저장용기인 캐스크 모습  캐스크는 원자로에서 연소를 마친 뒤 배출된 사용후핵연료를 운반 저장하는 특수 용기다 사진제공 두산중공업 [서울경제] 두산중공업 이 국내 최초로 사용후핵연료 저장용기  캐스크 Cask 를 수출하는데 성공했다 두산중공업은  버티컬 콘크리트 캐스크 VCC   세트를 미국 펜실베이니아주 스리마일섬에 위치한 TMI 원자력발전소에 최근 공급했다고  일 밝혔다 캐스크는 원자로에서 연소를 마친 뒤 배출된 사용후핵연료를 운반 저장하는 특수 용기다  사용후핵연료의 방사선과 열을 안전하게 관리하기 위한 특수 설계와 고도의 제작기술이 요구된다  두산중공업이 이번에 수출한 캐스크는 총  세트로 높이  m 직경  m에 무게만  톤이 넘는다  오는  월에는 캐스크의 주요 구성품인 캐니스터  세트를 추가 공급할 예정이다 현재 두산중공업은 국내 환경에 맞는 캐스크 라인업을 구축하고 있다   년 미국 NAC사와  한국형 캐스크 공동개발협약 을 체결한 뒤 기술이전을 통해  년 국내 원자력안전법과 환경요건에 적합한 한국형 건식저장시스템인  두산 DSS 을 개발했다  이후 자체 설계역량을 확보해 저장 용량을 증대시킨 DSS  DSS  모델과 운반 저장 겸용 캐스크인 DPC 를 만들었다  두산중공업은 설계 안전성 입증을 위해  년 미국 원자력규제위원회 NRC 에 설계 인허가를 신청했고  오는  월 인허가를 취득할 것으로 예상된다 서종갑 기자 gap sedaily com  상위   투자자 픽  [주식 초고수는 지금]  지피지기 대륙 투자 공략법[니하오 중국증시]  네이버 채널에서  서울경제  구독해주세요 저작권자   서울경제  무단 전재 및 재배포 금지,2021-03-25,1.66,0.0
246,246,두산중공업  사용후핵연료 저장용기 미국에 첫 수출,2021.03.25 16:22,사용후핵연료 저장용기인 캐스크 국내 기업으로는 첫 해외 수출 성공 미국 동부 펜실베니아주에 위치한 TMI 원전 사용후핵연료 보관용 미국 TMI 원자력발전소용 캐스크 제작 공정 중 사진  두산중공업 제공 미국 TMI 원자력발전소용 캐스크 제작 공정 중 사진  두산중공업 제공 두산중공업이 국내 기업 최초로  원자력발전소의 사용후핵연료 저장용기인 캐스크 Cask 를 해외 수출하는 데 성공했다 두산중공업은 캐스크 VCC  Vertical Concrete Cask   세트를 미국 펜실베니아 주 스리마일섬에 위치한 TMI 원자력발전소에 최근 공급했다고  일 밝혔다 캐스크는 원자로에서 연소를 마친 뒤 배출된 사용후핵연료를 운반하고 저장하는 데 사용하는 특수 용기다  사용후핵연료의 방사선과 열을 안전하게 관리해야 하므로 특수 설계와 고도의 제작기술을 필요로 한다  이 회사가 수출한 캐스크는 높이 약  m  직경  m  무게는  톤이 넘는 중량물이다 두산중공업은 미국 NAC사 Nuclear Assurance Corporation 와 지난  년 말 체결한 공급계약에 따라 이번에 캐스크  세트를 공급했으며  지난해에는 캐스크의 주요 구성품인 캐니스터 Transportable Storage Canister   세트에 대한 공급계약을 추가로 맺어 오는  월 납품할 예정이다 나기용 두산중공업 원자력BG장은  NAC와 사업협력을 통해 해외 캐스크 시장에 본격 진출하는 발판을 마련했고  한국형 캐스크 제작기술을 한층 고도화할 수 있게 됐다 며  국내에서도 지속적인 수요가 예상되는 만큼 국내외 캐스크 시장을 적극 공략해 나갈 것 이라고 말했다 또한 국내 환경에 맞는 다양한 캐스크 라인업을 구축하고 있다  지난  년 NAC와  한국형 캐스크 공동개발협약 을 체결한 뒤 기술이전을 통해  년 국내 원자력안전법과 환경요건에 적합한 한국형 건식저장시스템인  Doosan DSS 을 개발했다  이후 자체 설계역량을 확보해 저장 용량을 증대시킨 DSS  DSS  모델과 운반 저장 겸용 캐스크인 DPC 를 개발했다 두산중공업은 설계 안전성 입증을 위해  년 미국 원자력규제위원회 NRC 에 설계인허가를 신청했으며  오는  월 인허가를 취득할 것으로 예상된다  회사는 국내 중소 협력업체들과 함께 캐스크 제작을 위한 공급망 Supply Chain 을 조성했으며  이를 통해 안전성과 경제성을 갖춘 캐스크를 공급해 나갈 계획이라고 밝혔다  조세일보 홈페이지   정회원 가입  조세일보 네이버 뉴스스탠드 구독 종합 경제 김상우 swkim joseilbo com 저작권자   조세일보 http www joseilbo com  무단전재 및 재배포 금지,2021-03-26,3.67,1.0
247,247,두산중공업  사용후핵연료 저장용기 미국에 첫 수출,2021.03.25 16:22,사용후핵연료 저장용기인 캐스크 국내 기업으로는 첫 해외 수출 성공 미국 동부 펜실베니아주에 위치한 TMI 원전 사용후핵연료 보관용 미국 TMI 원자력발전소용 캐스크 제작 공정 중 사진  두산중공업 제공 미국 TMI 원자력발전소용 캐스크 제작 공정 중 사진  두산중공업 제공 두산중공업이 국내 기업 최초로  원자력발전소의 사용후핵연료 저장용기인 캐스크 Cask 를 해외 수출하는 데 성공했다 두산중공업은 캐스크 VCC  Vertical Concrete Cask   세트를 미국 펜실베니아 주 스리마일섬에 위치한 TMI 원자력발전소에 최근 공급했다고  일 밝혔다 캐스크는 원자로에서 연소를 마친 뒤 배출된 사용후핵연료를 운반하고 저장하는 데 사용하는 특수 용기다  사용후핵연료의 방사선과 열을 안전하게 관리해야 하므로 특수 설계와 고도의 제작기술을 필요로 한다  이 회사가 수출한 캐스크는 높이 약  m  직경  m  무게는  톤이 넘는 중량물이다 두산중공업은 미국 NAC사 Nuclear Assurance Corporation 와 지난  년 말 체결한 공급계약에 따라 이번에 캐스크  세트를 공급했으며  지난해에는 캐스크의 주요 구성품인 캐니스터 Transportable Storage Canister   세트에 대한 공급계약을 추가로 맺어 오는  월 납품할 예정이다 나기용 두산중공업 원자력BG장은  NAC와 사업협력을 통해 해외 캐스크 시장에 본격 진출하는 발판을 마련했고  한국형 캐스크 제작기술을 한층 고도화할 수 있게 됐다 며  국내에서도 지속적인 수요가 예상되는 만큼 국내외 캐스크 시장을 적극 공략해 나갈 것 이라고 말했다 또한 국내 환경에 맞는 다양한 캐스크 라인업을 구축하고 있다  지난  년 NAC와  한국형 캐스크 공동개발협약 을 체결한 뒤 기술이전을 통해  년 국내 원자력안전법과 환경요건에 적합한 한국형 건식저장시스템인  Doosan DSS 을 개발했다  이후 자체 설계역량을 확보해 저장 용량을 증대시킨 DSS  DSS  모델과 운반 저장 겸용 캐스크인 DPC 를 개발했다 두산중공업은 설계 안전성 입증을 위해  년 미국 원자력규제위원회 NRC 에 설계인허가를 신청했으며  오는  월 인허가를 취득할 것으로 예상된다  회사는 국내 중소 협력업체들과 함께 캐스크 제작을 위한 공급망 Supply Chain 을 조성했으며  이를 통해 안전성과 경제성을 갖춘 캐스크를 공급해 나갈 계획이라고 밝혔다  조세일보 홈페이지   정회원 가입  조세일보 네이버 뉴스스탠드 구독 종합 경제 김상우 swkim joseilbo com 저작권자   조세일보 http www joseilbo com  무단전재 및 재배포 금지,2021-03-26,3.67,1.0
248,248,두산중공업  사용후핵연료 저장용기  에 첫 수출,2021.03.25 17:54,두산중공업이 국내 최초로 사용후핵연료 저장 용기인 캐스크 cask 사진  수출에 성공했다  캐스크는 원자로에서 연소를 마친 뒤 배출된 사용후핵연료를 운반 저장하는 특수 용기다 두산중공업은 버티컬 콘크리트 캐스크 다섯 세트를 미국 펜실베이니아주 스리마일섬에 있는 TMI 원자력발전소에 최근 공급했다고  일 발표했다  캐스크는 사용후핵연료의 방사선과 열이 안전하게 관리되도록 하기 위해 특수 설계와 고도의 제작기술이 필요하다  두산중공업이 수출한 캐스크는 높이  직경  이고  무게는  t이 넘는다  두산중공업은 오는  월에도 캐스크를 추가 공급할 예정이다 강경민 기자 kkm hankyung com  경제지 네이버 구독 첫  만  한국경제 받아보세요  한경 고품격 뉴스레터  원클릭으로 구독하세요  한국경제신문과 WSJ  모바일한경으로 보세요  한국경제   hankyung com  무단전재 및 재배포 금지,2021-03-26,3.67,1.0
249,249,두산중공업  사용후핵연료 저장용기  에 첫 수출,2021.03.25 17:54,두산중공업이 국내 최초로 사용후핵연료 저장 용기인 캐스크 cask 사진  수출에 성공했다  캐스크는 원자로에서 연소를 마친 뒤 배출된 사용후핵연료를 운반 저장하는 특수 용기다 두산중공업은 버티컬 콘크리트 캐스크 다섯 세트를 미국 펜실베이니아주 스리마일섬에 있는 TMI 원자력발전소에 최근 공급했다고  일 발표했다  캐스크는 사용후핵연료의 방사선과 열이 안전하게 관리되도록 하기 위해 특수 설계와 고도의 제작기술이 필요하다  두산중공업이 수출한 캐스크는 높이  직경  이고  무게는  t이 넘는다  두산중공업은 오는  월에도 캐스크를 추가 공급할 예정이다 강경민 기자 kkm hankyung com  경제지 네이버 구독 첫  만  한국경제 받아보세요  한경 고품격 뉴스레터  원클릭으로 구독하세요  한국경제신문과 WSJ  모바일한경으로 보세요  한국경제   hankyung com  무단전재 및 재배포 금지,2021-03-26,3.67,1.0
250,250,두산중공업  창원 본사에 풍력 공장 준공,2021.03.26 08:59,대형 풍력발전기 생산시설 확보 팀 신설 인력확충 등 풍력 사업조직 확대 부품 국산화율  국내 풍력 산업 생태계 활성화도 앞장[이데일리 김영수 기자] 국내에서 해상풍력 실적을 가장 많이 보유한 두산중공업이 풍력발전기 생산능력 확대에 박차를 가하고 나섰다 두산중공업 은 해상풍력 수주물량 증가와  MW급 대형 풍력발전기 생산에 대비해 최근 창원 본사에 풍력 공장을 준공했다고  일 밝혔다  이곳에서 해상풍력발전기 핵심 기자재인 나셀과 허브를 조립하고 출하 전 성능검증을 실시하게 된다 두산중공업이 준공한 풍력 공장으로 풍력발전기 제작을 위해 나셀 프레임이 입고되고 있는 모습   사진 두산중공업 두산중공업은 기존 풍력 공장과 이번에 준공한  공장을 통해 연간  기 규모로 해상풍력발전기를 생산할 수 있게 됐다  풍력 공장은 디지털 스마트 팩토리를 적용해 더욱 효율적인 생산과 품질관리가 가능하다  두산중공업은 지난해  월 기존 신재생에너지BU Business Unit 를 풍력BU로 변경한 뒤 양산설계팀을 비롯한 일부 팀 신설과 인력 확충 등으로 발빠르게 해상풍력사업을 확대하고 있다 박인원 두산중공업 플랜트 EPC BG장은  이번 풍력 공장 준공으로 국내 해상풍력시장의 빠른 확대에 대처하고 풍력발전기 대형화 추세에 적극적으로 대응할 수 있게 됐다 며  시장 확대가 예상되는 만큼 앞으로 국내 협력사들과 선순환적인 동반성장 체제를 더욱 강화하면서 국내 풍력 산업 생태계 활성화에도 적극 앞장서겠다 고 말했다 년 해상풍력 사업을 시작한 두산중공업은 현재  MW급   MW급 해상풍력 발전기 모델을 보유하고 있으며  MW급 모델은  년 상용화 예정이다  사업 초기   수준이던 부품 국산화율을 최근   이상으로 빠르게 끌어 올렸다  현재 약  여개 국내 주요기업과 협력 중이며 최근  년간 약  억원 규모의 부품을 발주했다 재생에너지   정책에 따라 국내 해상풍력은  년까지 약  GW가 신규 설치될 예정이다  시장규모로 환산하면 단지 조성에 약  조원  조성 후  년간 단지 운영에 약  조원 정도가 투입될 것으로 전망된다 김영수  kys edaily co kr   시간 빠른  미리보는 뉴스  eNews  네이버에서  이데일리 뉴스 를 만나보세요  빡침해소  청춘뉘우스  스냅타임 종합 경제정보 미디어 이데일리   무단전재   재배포 금지 ,2021-03-26,3.67,1.0
251,251,두산중공업  창원 본사에 풍력 공장 준공,2021.03.26 08:59,대형 풍력발전기 생산시설 확보 팀 신설 인력확충 등 풍력 사업조직 확대 부품 국산화율  국내 풍력 산업 생태계 활성화도 앞장[이데일리 김영수 기자] 국내에서 해상풍력 실적을 가장 많이 보유한 두산중공업이 풍력발전기 생산능력 확대에 박차를 가하고 나섰다 두산중공업 은 해상풍력 수주물량 증가와  MW급 대형 풍력발전기 생산에 대비해 최근 창원 본사에 풍력 공장을 준공했다고  일 밝혔다  이곳에서 해상풍력발전기 핵심 기자재인 나셀과 허브를 조립하고 출하 전 성능검증을 실시하게 된다 두산중공업이 준공한 풍력 공장으로 풍력발전기 제작을 위해 나셀 프레임이 입고되고 있는 모습   사진 두산중공업 두산중공업은 기존 풍력 공장과 이번에 준공한  공장을 통해 연간  기 규모로 해상풍력발전기를 생산할 수 있게 됐다  풍력 공장은 디지털 스마트 팩토리를 적용해 더욱 효율적인 생산과 품질관리가 가능하다  두산중공업은 지난해  월 기존 신재생에너지BU Business Unit 를 풍력BU로 변경한 뒤 양산설계팀을 비롯한 일부 팀 신설과 인력 확충 등으로 발빠르게 해상풍력사업을 확대하고 있다 박인원 두산중공업 플랜트 EPC BG장은  이번 풍력 공장 준공으로 국내 해상풍력시장의 빠른 확대에 대처하고 풍력발전기 대형화 추세에 적극적으로 대응할 수 있게 됐다 며  시장 확대가 예상되는 만큼 앞으로 국내 협력사들과 선순환적인 동반성장 체제를 더욱 강화하면서 국내 풍력 산업 생태계 활성화에도 적극 앞장서겠다 고 말했다 년 해상풍력 사업을 시작한 두산중공업은 현재  MW급   MW급 해상풍력 발전기 모델을 보유하고 있으며  MW급 모델은  년 상용화 예정이다  사업 초기   수준이던 부품 국산화율을 최근   이상으로 빠르게 끌어 올렸다  현재 약  여개 국내 주요기업과 협력 중이며 최근  년간 약  억원 규모의 부품을 발주했다 재생에너지   정책에 따라 국내 해상풍력은  년까지 약  GW가 신규 설치될 예정이다  시장규모로 환산하면 단지 조성에 약  조원  조성 후  년간 단지 운영에 약  조원 정도가 투입될 것으로 전망된다 김영수  kys edaily co kr   시간 빠른  미리보는 뉴스  eNews  네이버에서  이데일리 뉴스 를 만나보세요  빡침해소  청춘뉘우스  스냅타임 종합 경제정보 미디어 이데일리   무단전재   재배포 금지 ,2021-03-26,3.67,1.0
252,252,두산중공업  창원 본사에 풍력 공장 준공,2021.03.26 09:06,두산중공업이 준공한 풍력 공장으로 풍력발전기 제작을 위해 나셀 프레임이 입고되고 있는 모습 [파이낸셜뉴스] 국내에서 해상풍력 실적을 가장 많이 보유한 두산중공업이 풍력발전기 생산능력 확대에 박차를 가하고 나섰다 두산중공업은 해상풍력 수주물량 증가와  MW급 대형 풍력발전기 생산에 대비해 최근 창원 본사에 풍력 공장을 준공했다고  일 밝혔다  이곳에서 해상풍력발전기 핵심 기자재인 나셀과 허브를 조립하고  출하 전 성능검증을 실시하게 된다 두산중공업은 기존 풍력 공장과 이번에 준공한  공장을 통해 연간  기 규모로 해상풍력발전기를 생산할 수 있게 됐다  풍력 공장은 디지털 스마트 팩토리를 적용해 더욱 효율적인 생산과 품질관리가 가능하다  두산중공업은 지난해  월 기존 신재생에너지BU 를 풍력BU로 변경한 뒤 양산설계팀을 비롯한 일부 팀 신설과 인력 확충 등으로 발빠르게 해상풍력사업을 확대하고 있다 두산중공업 박인원 플랜트 EPC BG장은  이번 풍력 공장 준공으로 국내 해상풍력시장의 빠른 확대에 대처하고  풍력발전기 대형화 추세에 적극적으로 대응할 수 있게 됐다 며  시장 확대가 예상되는 만큼 앞으로 국내 협력사들과 선순환적인 동반성장 체제를 더욱 강화하면서 국내 풍력 산업 생태계 활성화에도 적극 앞장서겠다 고 말했다 년 해상풍력 사업을 시작한 두산중공업은 현재  MW급   MW급 해상풍력 발전기 모델을 보유하고 있으며   MW급 모델은  년 상용화 예정이다  사업 초기   수준이던 부품 국산화율을 최근   이상으로 빠르게 끌어 올렸다  현재 약  여개 국내 주요기업과 협력 중이며 최근  년간 약  억원 규모의 부품을 발주했다 재생에너지   정책에 따라 국내 해상풍력은  년까지 약  GW가 신규 설치될 예정이다  시장규모로 환산하면 단지 조성에 약  조원  조성 후  년간 단지 운영에 약  조원 정도 투입될 것으로 전망된다 pja fnnews com 박지애 기자  헉  소리나는 스 토리 뉴스 [헉스]   아는 척 하고 싶은 당신을 위한 [두유노우]  날로먹고 구워먹는 금융이슈 [파인애플]  저작권자   파이낸셜뉴스  무단 전재 재배포 금지,2021-03-26,3.67,1.0
253,253,두산중공업  창원 본사에 풍력 공장 준공,2021.03.26 09:06,두산중공업이 준공한 풍력 공장으로 풍력발전기 제작을 위해 나셀 프레임이 입고되고 있는 모습 [파이낸셜뉴스] 국내에서 해상풍력 실적을 가장 많이 보유한 두산중공업이 풍력발전기 생산능력 확대에 박차를 가하고 나섰다 두산중공업은 해상풍력 수주물량 증가와  MW급 대형 풍력발전기 생산에 대비해 최근 창원 본사에 풍력 공장을 준공했다고  일 밝혔다  이곳에서 해상풍력발전기 핵심 기자재인 나셀과 허브를 조립하고  출하 전 성능검증을 실시하게 된다 두산중공업은 기존 풍력 공장과 이번에 준공한  공장을 통해 연간  기 규모로 해상풍력발전기를 생산할 수 있게 됐다  풍력 공장은 디지털 스마트 팩토리를 적용해 더욱 효율적인 생산과 품질관리가 가능하다  두산중공업은 지난해  월 기존 신재생에너지BU 를 풍력BU로 변경한 뒤 양산설계팀을 비롯한 일부 팀 신설과 인력 확충 등으로 발빠르게 해상풍력사업을 확대하고 있다 두산중공업 박인원 플랜트 EPC BG장은  이번 풍력 공장 준공으로 국내 해상풍력시장의 빠른 확대에 대처하고  풍력발전기 대형화 추세에 적극적으로 대응할 수 있게 됐다 며  시장 확대가 예상되는 만큼 앞으로 국내 협력사들과 선순환적인 동반성장 체제를 더욱 강화하면서 국내 풍력 산업 생태계 활성화에도 적극 앞장서겠다 고 말했다 년 해상풍력 사업을 시작한 두산중공업은 현재  MW급   MW급 해상풍력 발전기 모델을 보유하고 있으며   MW급 모델은  년 상용화 예정이다  사업 초기   수준이던 부품 국산화율을 최근   이상으로 빠르게 끌어 올렸다  현재 약  여개 국내 주요기업과 협력 중이며 최근  년간 약  억원 규모의 부품을 발주했다 재생에너지   정책에 따라 국내 해상풍력은  년까지 약  GW가 신규 설치될 예정이다  시장규모로 환산하면 단지 조성에 약  조원  조성 후  년간 단지 운영에 약  조원 정도 투입될 것으로 전망된다 pja fnnews com 박지애 기자  헉  소리나는 스 토리 뉴스 [헉스]   아는 척 하고 싶은 당신을 위한 [두유노우]  날로먹고 구워먹는 금융이슈 [파인애플]  저작권자   파이낸셜뉴스  무단 전재 재배포 금지,2021-03-26,3.67,1.0
254,254,두산중공업  창원에 풍력 공장 준공 풍력발전 생산력 높여,2021.03.26 10:56,풍력 공장 통해 연간  기 규모 생산 가능해져 두산중공업이 최근 준공한 풍력 공장으로 풍력발전기 제작을 위해 나셀 프레임이 입고되고 있다 사진제공 두산중공업 [서울경제] 두산중공업 이 풍력발전기 생산능력을 확대한다 두산중공업은 해상풍력 수주 증가와  메가와트 MW 급 대형 풍력발전기 생산에 대비해 창원 본사에 풍력 공장을 준공했다고  일 밝혔다 풍력 공장에서는 해상풍력발전기 핵심 기자재인 나셀과 허브가 조립되고  출하 전 성능검증이 실시된다  두산중공업은 풍력 공장을 통해 연간  기 규모로 해상풍력발전기를 생산할 수 있게 됐다  풍력 공장은 디지털 스마트 팩토리를 적용해 더욱 효율적인 생산과 품질관리가 가능할 전망이다  박인원 플랜트 EPC BG장은  풍력 공장 준공으로 국내 해상풍력 시장의 빠른 확대에 대처하고  풍력발전기 대형화 추세에 적극적으로 대응할 수 있게 됐다 고 밝혔다 년 해상풍력 사업을 시작한 두산중공업은 현재  MW급   MW급 해상풍력 발전기 모델을 보유하고 있다   MW급 모델은  년 상용화 예정이다  사업 초기   수준이던 부품 국산화율도 최근   이상으로 올랐다 두산중공업은 지난해  월 기존 신재생에너지BU 비즈니스유닛 를 풍력BU로 변경한 뒤 양산설계팀을 비롯한 일부 팀을 신설하며 해상풍력사업 수요 증가에 대응하고 있다  현재  여 개 국내 주요 기업과 협력 중이며 최근  년 간  억 원 규모의 부품이 발주됐다 서종갑 기자 gap sedaily com  상위   투자자 픽  [주식 초고수는 지금]  지피지기 대륙 투자 공략법[니하오 중국증시]  네이버 채널에서  서울경제  구독해주세요 저작권자   서울경제  무단 전재 및 재배포 금지,2021-03-26,3.67,1.0
255,255,두산중공업  창원에 풍력 공장 준공 풍력발전 생산력 높여,2021.03.26 10:56,풍력 공장 통해 연간  기 규모 생산 가능해져 두산중공업이 최근 준공한 풍력 공장으로 풍력발전기 제작을 위해 나셀 프레임이 입고되고 있다 사진제공 두산중공업 [서울경제] 두산중공업 이 풍력발전기 생산능력을 확대한다 두산중공업은 해상풍력 수주 증가와  메가와트 MW 급 대형 풍력발전기 생산에 대비해 창원 본사에 풍력 공장을 준공했다고  일 밝혔다 풍력 공장에서는 해상풍력발전기 핵심 기자재인 나셀과 허브가 조립되고  출하 전 성능검증이 실시된다  두산중공업은 풍력 공장을 통해 연간  기 규모로 해상풍력발전기를 생산할 수 있게 됐다  풍력 공장은 디지털 스마트 팩토리를 적용해 더욱 효율적인 생산과 품질관리가 가능할 전망이다  박인원 플랜트 EPC BG장은  풍력 공장 준공으로 국내 해상풍력 시장의 빠른 확대에 대처하고  풍력발전기 대형화 추세에 적극적으로 대응할 수 있게 됐다 고 밝혔다 년 해상풍력 사업을 시작한 두산중공업은 현재  MW급   MW급 해상풍력 발전기 모델을 보유하고 있다   MW급 모델은  년 상용화 예정이다  사업 초기   수준이던 부품 국산화율도 최근   이상으로 올랐다 두산중공업은 지난해  월 기존 신재생에너지BU 비즈니스유닛 를 풍력BU로 변경한 뒤 양산설계팀을 비롯한 일부 팀을 신설하며 해상풍력사업 수요 증가에 대응하고 있다  현재  여 개 국내 주요 기업과 협력 중이며 최근  년 간  억 원 규모의 부품이 발주됐다 서종갑 기자 gap sedaily com  상위   투자자 픽  [주식 초고수는 지금]  지피지기 대륙 투자 공략법[니하오 중국증시]  네이버 채널에서  서울경제  구독해주세요 저작권자   서울경제  무단 전재 및 재배포 금지,2021-03-26,3.67,1.0
256,256,두산중공업  창원 본사에 풍력 공장 준공,2021.03.26 16:13,대형 풍력발전기 생산시설 확보  인력확충 등 풍력 사업조직 확대 부품 국산화율  에서  로 끌어올려  풍력 산업 생태계 활성화 이번에 준공한 풍력 공장으로 풍력발전기 제작을 위해 나셀 프레임이 입고되고 있는 모습  사진 두산중공업 제공 이번에 준공한 풍력 공장으로 풍력발전기 제작을 위해 나셀 프레임이 입고되고 있는 모습  사진 두산중공업 제공 두산중공업은 해상풍력 수주물량 증가와  MW급 대형 풍력발전기 생산에 대비해 최근 창원 본사에 풍력 공장을 준공했다고  일 밝혔다  이곳에서 해상풍력발전기 핵심 기자재인 나셀과 허브를 조립하고  출하 전 성능검증을 실시하게 된다 이 회사는 기존 풍력 공장과 이번에 준공한  공장을 통해 연간  기 규모로 해상풍력발전기를 생산할 수 있게 됐다  풍력 공장은 디지털 스마트 팩토리를 적용해 더욱 효율적인 생산과 품질관리가 가능하다  지난해  월 기존 신재생에너지BU를 풍력BU로 변경한 뒤 양산설계팀을 비롯한 일부 팀 신설과 인력 확충 등으로 발빠르게 해상풍력사업을 확대하고 있다 두산중공업 박인원 플랜트 EPC BG장은  이번 풍력 공장 준공으로 국내 해상풍력시장의 빠른 확대에 대처하고  풍력발전기 대형화 추세에 적극적으로 대응할 수 있게 됐다 며  시장 확대가 예상되는 만큼 앞으로 국내 협력사들과 선순환적인 동반성장 체제를 더욱 강화하면서 국내 풍력 산업 생태계 활성화에도 적극 앞장서겠다 고 말했다 년 해상풍력 사업을 시작한 두산중공업은 현재  MW급   MW급 해상풍력 발전기 모델을 보유하고 있으며   MW급 모델은  년 상용화 예정이다  사업 초기   수준이던 부품 국산화율을 최근   이상으로 빠르게 끌어 올렸다  현재 약  여개 국내 주요기업과 협력 중이며 최근  년간 약  억원 규모의 부품을 발주했다 재생에너지   정책에 따라 국내 해상풍력은  년까지 약  GW가 신규 설치될 예정이다  시장규모로 환산하면 단지 조성에 약  조원  조성 후  년간 단지 운영에 약  조원 정도 투입될 것으로 전망된다  조세일보 홈페이지   정회원 가입  조세일보 네이버 뉴스스탠드 구독 종합 경제 김상우 swkim joseilbo com 저작권자   조세일보 http www joseilbo com  무단전재 및 재배포 금지,2021-03-29,4.33,1.0
257,257,두산중공업  창원 본사에 풍력 공장 준공,2021.03.26 16:13,연  기 해상풍력발전기 생산 능력 갖춰 최근 준공한 두산중공업 풍력 공장으로 풍력발전기 제작을 위해 나셀 프레임이 입고되고 있다  [사진 제공   두산중공업] 국내 해상풍력발전 시장을 선도하고 있는 두산중공업은 해상풍력 수주물량 증가와  급 대형 풍력발전기 생산에 대비해 최근 경남 창원 본사에 풍력 공장을 준공했다고  일 밝혔다  이곳에서 해상풍력발전기 핵심 기자재인 나셀과 허브를 조립하고  출하 전 성능검증을 실시하게 된다 두산중공업은 기존 풍력 공장과 이번에 준공한  공장을 통해 연간  기 규모 해상풍력발전기를 생산할 수 있게 됐다  풍력 공장은 디지털 스마트 팩토리를 적용해 더욱 효율적인 생산과 품질관리가 가능하다  두산중공업은 지난해  월 기존 신재생에너지BU를 풍력BU로 변경한 뒤 양산설계팀을 비롯한 팀 신설과 인력 확충 등으로 발빠르게 해상풍력사업을 확대하고 있다 박인원 두산중공업 플랜트 EPC BG장은  이번 풍력 공장 준공으로 국내 해상풍력시장의 빠른 확대에 대처하고  풍력발전기 대형화 추세에 적극적으로 대응할 수 있게 됐다 며  시장 확대가 예상되는 만큼 앞으로 국내 협력사들과 선순환적인 동반성장 체제를 더욱 강화하면서 국내 풍력 산업 생태계 활성화에도 적극 앞장서겠다 고 말했다 년 해상풍력 사업을 시작한 두산중공업은 현재  급   급 해상풍력 발전기 모델을 보유하고 있다  이에 더해 오는  년  급 모델도 상용화 예정이다  부품 국산화율은 사업 초기   수준에 불과했던 것을 최근   이상으로 빠르게 끌어 올렸다  현재 약  여개 국내 주요기업과 협력 중이며 최근  년간  억원 규모 부품을 발주했다 재생에너지   정책에 따라 국내 해상풍력은  년까지 약  GW가 신규 설치될 예정이다  시장규모로 환산하면 단지 조성에 약  조원  조성 후  년간 단지 운영에 약  조원 정도 투입될 것으로 전망된다 [한우람 기자]   경제  위  매일경제  네이버에서 구독하세요  이 제품은  이렇게 만들죠  영상으로 만나요  부동산의 모든것  매부리TV 가 펼칩니다 [  매일경제   mk co kr  무단전재 및 재배포 금지],2021-03-29,4.33,1.0
258,258,두산중공업  창원 본사에 풍력 공장 준공,2021.03.26 16:13,연  기 해상풍력발전기 생산 능력 갖춰 최근 준공한 두산중공업 풍력 공장으로 풍력발전기 제작을 위해 나셀 프레임이 입고되고 있다  [사진 제공   두산중공업] 국내 해상풍력발전 시장을 선도하고 있는 두산중공업은 해상풍력 수주물량 증가와  급 대형 풍력발전기 생산에 대비해 최근 경남 창원 본사에 풍력 공장을 준공했다고  일 밝혔다  이곳에서 해상풍력발전기 핵심 기자재인 나셀과 허브를 조립하고  출하 전 성능검증을 실시하게 된다 두산중공업은 기존 풍력 공장과 이번에 준공한  공장을 통해 연간  기 규모 해상풍력발전기를 생산할 수 있게 됐다  풍력 공장은 디지털 스마트 팩토리를 적용해 더욱 효율적인 생산과 품질관리가 가능하다  두산중공업은 지난해  월 기존 신재생에너지BU를 풍력BU로 변경한 뒤 양산설계팀을 비롯한 팀 신설과 인력 확충 등으로 발빠르게 해상풍력사업을 확대하고 있다 박인원 두산중공업 플랜트 EPC BG장은  이번 풍력 공장 준공으로 국내 해상풍력시장의 빠른 확대에 대처하고  풍력발전기 대형화 추세에 적극적으로 대응할 수 있게 됐다 며  시장 확대가 예상되는 만큼 앞으로 국내 협력사들과 선순환적인 동반성장 체제를 더욱 강화하면서 국내 풍력 산업 생태계 활성화에도 적극 앞장서겠다 고 말했다 년 해상풍력 사업을 시작한 두산중공업은 현재  급   급 해상풍력 발전기 모델을 보유하고 있다  이에 더해 오는  년  급 모델도 상용화 예정이다  부품 국산화율은 사업 초기   수준에 불과했던 것을 최근   이상으로 빠르게 끌어 올렸다  현재 약  여개 국내 주요기업과 협력 중이며 최근  년간  억원 규모 부품을 발주했다 재생에너지   정책에 따라 국내 해상풍력은  년까지 약  GW가 신규 설치될 예정이다  시장규모로 환산하면 단지 조성에 약  조원  조성 후  년간 단지 운영에 약  조원 정도 투입될 것으로 전망된다 [한우람 기자]   경제  위  매일경제  네이버에서 구독하세요  이 제품은  이렇게 만들죠  영상으로 만나요  부동산의 모든것  매부리TV 가 펼칩니다 [  매일경제   mk co kr  무단전재 및 재배포 금지],2021-03-29,4.33,1.0
259,259,두산중공업  창원 본사에 풍력 공장 준공,2021.03.26 16:13,대형 풍력발전기 생산시설 확보  인력확충 등 풍력 사업조직 확대 부품 국산화율  에서  로 끌어올려  풍력 산업 생태계 활성화 이번에 준공한 풍력 공장으로 풍력발전기 제작을 위해 나셀 프레임이 입고되고 있는 모습  사진 두산중공업 제공 이번에 준공한 풍력 공장으로 풍력발전기 제작을 위해 나셀 프레임이 입고되고 있는 모습  사진 두산중공업 제공 두산중공업은 해상풍력 수주물량 증가와  MW급 대형 풍력발전기 생산에 대비해 최근 창원 본사에 풍력 공장을 준공했다고  일 밝혔다  이곳에서 해상풍력발전기 핵심 기자재인 나셀과 허브를 조립하고  출하 전 성능검증을 실시하게 된다 이 회사는 기존 풍력 공장과 이번에 준공한  공장을 통해 연간  기 규모로 해상풍력발전기를 생산할 수 있게 됐다  풍력 공장은 디지털 스마트 팩토리를 적용해 더욱 효율적인 생산과 품질관리가 가능하다  지난해  월 기존 신재생에너지BU를 풍력BU로 변경한 뒤 양산설계팀을 비롯한 일부 팀 신설과 인력 확충 등으로 발빠르게 해상풍력사업을 확대하고 있다 두산중공업 박인원 플랜트 EPC BG장은  이번 풍력 공장 준공으로 국내 해상풍력시장의 빠른 확대에 대처하고  풍력발전기 대형화 추세에 적극적으로 대응할 수 있게 됐다 며  시장 확대가 예상되는 만큼 앞으로 국내 협력사들과 선순환적인 동반성장 체제를 더욱 강화하면서 국내 풍력 산업 생태계 활성화에도 적극 앞장서겠다 고 말했다 년 해상풍력 사업을 시작한 두산중공업은 현재  MW급   MW급 해상풍력 발전기 모델을 보유하고 있으며   MW급 모델은  년 상용화 예정이다  사업 초기   수준이던 부품 국산화율을 최근   이상으로 빠르게 끌어 올렸다  현재 약  여개 국내 주요기업과 협력 중이며 최근  년간 약  억원 규모의 부품을 발주했다 재생에너지   정책에 따라 국내 해상풍력은  년까지 약  GW가 신규 설치될 예정이다  시장규모로 환산하면 단지 조성에 약  조원  조성 후  년간 단지 운영에 약  조원 정도 투입될 것으로 전망된다  조세일보 홈페이지   정회원 가입  조세일보 네이버 뉴스스탠드 구독 종합 경제 김상우 swkim joseilbo com 저작권자   조세일보 http www joseilbo com  무단전재 및 재배포 금지,2021-03-29,4.33,1.0
260,260,두산중공업  신임 각자대표에 박상현 부사장 인 각자대표 체제,2021.03.30 10:52, 두산도 주총  박정원 회장 사내이사 재선임 박상현 두산중공업 부사장 사진제공 두산중공업 [서울경제] 일 두산중공업 은 분당 두산 타워에서 제 기 정기 주주총회를 열고 재무관리부문장 박상현 부사장을 각자대표로 신규 선임했다고 밝혔다 기존 박지원 회장과 정연인 사장의  인 각자대표 체제였던 두산중공업은  인 각자대표 체제로 변경됐다  두산중공업은  년과  년   년에도  인 각자대표 체제로 운영됐다 박 신임 대표는  년  두산 전략기획본부 부장으로 입사해 두산인프라코어  최고재무관리자 CFO   두산 지주부문 CFO  두산밥캣  대표이사 겸 CFO를 역임했다  지난해부터는 두산중공업 재무관리부문장 직을 수행했다  이날 정기 주총에서는 배진한 고려대학교 경영대학 교수를 사외이사로 신규 선임하는 안건도 상정돼 의결됐다 두산도 이날 주주총회를 열고 박정원 두산그룹 회장의 사내이사 재선임을 의결했다  김민철 대표이사 사장  곽상철 사장도 각각 사내이사로 재선임됐다  이두희 고려대 경영학과 교수는 감사위원이 되는 사외이사로 재선임됐다 주총 의장을 맡은 동현수  두산 대표이사 부회장은  두산은 위기 속에서 기회를 찾고 리스크에 선제적으로 대처했던 경험과 역량을 갖고 있다 며  올해는 신규 사업의 성장과 기존 사업의 수익성 강화  달라진 경영환경에 맞춰 사업구조를 재정비하는 일에 만전을 기할 계획 이라고 밝혔다 서종갑 기자 gap sedaily com  상위   투자자 픽  [주식 초고수는 지금]  지피지기 대륙 투자 공략법[니하오 중국증시]  네이버 채널에서  서울경제  구독해주세요 저작권자   서울경제  무단 전재 및 재배포 금지,2021-03-30,-0.38,0.0
261,261,두산중공업  신임 각자대표에 박상현 부사장 인 각자대표 체제,2021.03.30 10:52, 두산도 주총  박정원 회장 사내이사 재선임 박상현 두산중공업 부사장 사진제공 두산중공업 [서울경제] 일 두산중공업 은 분당 두산 타워에서 제 기 정기 주주총회를 열고 재무관리부문장 박상현 부사장을 각자대표로 신규 선임했다고 밝혔다 기존 박지원 회장과 정연인 사장의  인 각자대표 체제였던 두산중공업은  인 각자대표 체제로 변경됐다  두산중공업은  년과  년   년에도  인 각자대표 체제로 운영됐다 박 신임 대표는  년  두산 전략기획본부 부장으로 입사해 두산인프라코어  최고재무관리자 CFO   두산 지주부문 CFO  두산밥캣  대표이사 겸 CFO를 역임했다  지난해부터는 두산중공업 재무관리부문장 직을 수행했다  이날 정기 주총에서는 배진한 고려대학교 경영대학 교수를 사외이사로 신규 선임하는 안건도 상정돼 의결됐다 두산도 이날 주주총회를 열고 박정원 두산그룹 회장의 사내이사 재선임을 의결했다  김민철 대표이사 사장  곽상철 사장도 각각 사내이사로 재선임됐다  이두희 고려대 경영학과 교수는 감사위원이 되는 사외이사로 재선임됐다 주총 의장을 맡은 동현수  두산 대표이사 부회장은  두산은 위기 속에서 기회를 찾고 리스크에 선제적으로 대처했던 경험과 역량을 갖고 있다 며  올해는 신규 사업의 성장과 기존 사업의 수익성 강화  달라진 경영환경에 맞춰 사업구조를 재정비하는 일에 만전을 기할 계획 이라고 밝혔다 서종갑 기자 gap sedaily com  상위   투자자 픽  [주식 초고수는 지금]  지피지기 대륙 투자 공략법[니하오 중국증시]  네이버 채널에서  서울경제  구독해주세요 저작권자   서울경제  무단 전재 및 재배포 금지,2021-03-30,-0.38,0.0
262,262,두산중공업  각자대표에 박상현 부사장 신규 선임,2021.03.30 11:40, 인 대표 체제로 변경 박상현 두산중공업 신임 각자 대표[사진 두산중공업 제공] [아시아경제 김흥순 기자] 두산중공업은  일 분당두산타워에서 제 기 정기 주주총회를 열고 재무관리부문장 박상현 부사장을 각자대표로 신규 선임했다고 밝혔다 이로써 두산중공업은 박지원 회장과 정연인 사장의  인 각자대표 체제에서 박 부사장을 포함한  인 각자대표 체제로 변경됐다  앞서  년과  년   년에도  인 각자대표 체제로 운영된 바 있다 박 신임 대표는  년  두산 전략기획본부 부장으로 입사해 두산인프라코어 최고재무관리자 CFO   두산 지주부문 CFO  두산밥캣 대표이사 겸 CFO를 역임했다  지난해부터는 두산중공업 재무관리부문장으로 일했다 한편 이날 두산중공업 정기 주총에서는 배진한 고려대 경영대학 교수를 사외이사로 신규 선임하는 안건도 상정돼 의결됐다 김흥순 기자 sport asiae co kr   년 신축년  신년운세와 토정비결은  발 빠른 최신 뉴스  네이버 메인에서 바로 보기  한 눈에 보는   재보궐 선거 경제를 보는 눈  세계를 보는 창 아시아경제 무단전재 배포금지 ,2021-03-30,-0.38,0.0
263,263,두산중공업  각자대표에 박상현 부사장 신규 선임,2021.03.30 11:40, 인 대표 체제로 변경 박상현 두산중공업 신임 각자 대표[사진 두산중공업 제공] [아시아경제 김흥순 기자] 두산중공업은  일 분당두산타워에서 제 기 정기 주주총회를 열고 재무관리부문장 박상현 부사장을 각자대표로 신규 선임했다고 밝혔다 이로써 두산중공업은 박지원 회장과 정연인 사장의  인 각자대표 체제에서 박 부사장을 포함한  인 각자대표 체제로 변경됐다  앞서  년과  년   년에도  인 각자대표 체제로 운영된 바 있다 박 신임 대표는  년  두산 전략기획본부 부장으로 입사해 두산인프라코어 최고재무관리자 CFO   두산 지주부문 CFO  두산밥캣 대표이사 겸 CFO를 역임했다  지난해부터는 두산중공업 재무관리부문장으로 일했다 한편 이날 두산중공업 정기 주총에서는 배진한 고려대 경영대학 교수를 사외이사로 신규 선임하는 안건도 상정돼 의결됐다 김흥순 기자 sport asiae co kr   년 신축년  신년운세와 토정비결은  발 빠른 최신 뉴스  네이버 메인에서 바로 보기  한 눈에 보는   재보궐 선거 경제를 보는 눈  세계를 보는 창 아시아경제 무단전재 배포금지 ,2021-03-30,-0.38,0.0
264,264,두산중공업    쉬다보 원전 계측제어 기자재 수주,2021.03.31 08:46,중국 CTEC와 지진자동정지설비 공급 계약 체결[이데일리 김영수 기자] 두산중공업이 중국 국유회사 CGN 그룹 산하 계측제어 자회사인 CTEC와 원전계측제어시스템 Man Machine Interface System 의 주요 기자재인 지진자동정지설비 Industrial Anti Seismic Protection System  공급 계약을 체결했다고  일 밝혔다 나기용 두산중공업 부사장 왼쪽 과 장궈진 중국 CTEC 사장이 화상으로 계약을 체결한 뒤 주먹 인사를 하고 있다   사진 두산중공업 지진자동정지설비는 원전의 두뇌와 신경망에 해당하는 원전계측제어시스템을 구성하는 기자재 중 하나로  원전 가동 중 지진을 감지해 기준 값 이상이 되면 자동으로 원자로의 반응이 멈추도록 제어하는 안전 설비다 두산중공업 은 이번에 수주한 지진자동정지설비의 설계  제작  시험을 거쳐 중국 동북부 랴오닝성 연안에 위치한 쉬다보 원전  호기에 오는  년까지 공급할 계획이며 발주처와 추가 공급을 협의하고 있다 두산중공업은 지난  년 지진자동정지설비 개발을 완료하고 국내에 건설된  기 모든 원전에 공급한 바 있다  국내 공급 실적을 바탕으로 이번 프로젝트에 참여해 수주에 성공한 것이다 나기용 두산중공업 부사장은  중국의 원전시장에서 지진자동정지설비 추가 수주를 위해 노력하겠다 라고 말했다 앞서 두산중공업은  년 캐나다 원전 노형 Candu   PHWR 인 중국 진산 원전  단계  호기의 증기발생기와 열교환기 등을 수주하며 중국 원전 시장에 진출했으며  년에는 중국 원전 노형인 진산 원전  단계  호기의 원자로를 수주했다  이어 미국 AP  모델의 산먼 원전 호기와 하이양 원전 호기의 증기발생기와 원자로를 제작해  년 성공적으로 납품했다 김영수  kys edaily co kr   시간 빠른  미리보는 뉴스  eNews  네이버에서  이데일리 뉴스 를 만나보세요  빡침해소  청춘뉘우스  스냅타임 종합 경제정보 미디어 이데일리   무단전재   재배포 금지 ,2021-03-31,-1.52,0.0
265,265,두산중공업    쉬다보 원전 계측제어 기자재 수주,2021.03.31 08:46,중국 CTEC와 지진자동정지설비 공급 계약 체결[이데일리 김영수 기자] 두산중공업이 중국 국유회사 CGN 그룹 산하 계측제어 자회사인 CTEC와 원전계측제어시스템 Man Machine Interface System 의 주요 기자재인 지진자동정지설비 Industrial Anti Seismic Protection System  공급 계약을 체결했다고  일 밝혔다 나기용 두산중공업 부사장 왼쪽 과 장궈진 중국 CTEC 사장이 화상으로 계약을 체결한 뒤 주먹 인사를 하고 있다   사진 두산중공업 지진자동정지설비는 원전의 두뇌와 신경망에 해당하는 원전계측제어시스템을 구성하는 기자재 중 하나로  원전 가동 중 지진을 감지해 기준 값 이상이 되면 자동으로 원자로의 반응이 멈추도록 제어하는 안전 설비다 두산중공업 은 이번에 수주한 지진자동정지설비의 설계  제작  시험을 거쳐 중국 동북부 랴오닝성 연안에 위치한 쉬다보 원전  호기에 오는  년까지 공급할 계획이며 발주처와 추가 공급을 협의하고 있다 두산중공업은 지난  년 지진자동정지설비 개발을 완료하고 국내에 건설된  기 모든 원전에 공급한 바 있다  국내 공급 실적을 바탕으로 이번 프로젝트에 참여해 수주에 성공한 것이다 나기용 두산중공업 부사장은  중국의 원전시장에서 지진자동정지설비 추가 수주를 위해 노력하겠다 라고 말했다 앞서 두산중공업은  년 캐나다 원전 노형 Candu   PHWR 인 중국 진산 원전  단계  호기의 증기발생기와 열교환기 등을 수주하며 중국 원전 시장에 진출했으며  년에는 중국 원전 노형인 진산 원전  단계  호기의 원자로를 수주했다  이어 미국 AP  모델의 산먼 원전 호기와 하이양 원전 호기의 증기발생기와 원자로를 제작해  년 성공적으로 납품했다 김영수  kys edaily co kr   시간 빠른  미리보는 뉴스  eNews  네이버에서  이데일리 뉴스 를 만나보세요  빡침해소  청춘뉘우스  스냅타임 종합 경제정보 미디어 이데일리   무단전재   재배포 금지 ,2021-03-31,-1.52,0.0
266,266,두산중공업   CTEC와 지진자동정지설비 공급계약 체결,2021.03.31 08:47,두산중공업 나기용 부사장 사진 왼쪽 과 중국 CTEC 장궈진 사장이 화상으로 계약을 체결한 뒤 주먹 인사를 하고 있다 사진제공   두산중공업 [아시아경제 정현진 기자] 두산중공업이 중국 국유회사 CGN그룹 산하 계측제어 자회사인 CTEC와 원전계측제어시스템 주요 기자재인 지진자동정지설비 공급 계약을 체결했다고  일 밝혔다 지진자동정지설비는 원전의 두뇌와 신경망에 해당하는 원전계측제어시스템을 구성하는 기자재 중 하나로  원전 가동 중 지진을 감지해 기준 값 이상이 되면 자동으로 원자로의 반응이 멈추도록 제어하는 안전 설비다 두산중공업은 이번에 수주한 지진자동정지설비의 설계  제작  시험을 거쳐 중국 동북부 랴오닝성 연안에 위치한 쉬다보 원전  호기에  년까지 공급할 계획이며  발주처와 추가 공급을 협의하고 있다고 설명했다 앞서 두산중공업은  년 지진자동정지설비 개발을 완료하고 국내에 건설된  기 모든 원전에 공급했다  나기용 두산중공업 부사장은  중국의 원전시장에서 지진자동정지설비 추가 수주를 위해 노력하겠다 고 말했다 두산중공업은  년 캐나다 원전 노형 Candu   PHWR 인 중국 진산 원전  단계  호기의 증기발생기와 열교환기 등을 수주하며 중국 원전 시장에 진출했다   년에는 중국 원전 노형인 진산 원전  단계  호기의 원자로를 수주했고 미국 AP  모델의 산먼 원전 호기와 하이양 원전 호기의 증기발생기와 원자로를 제작해  년 납품하기도 했다 정현진 기자 jhj asiae co kr   년 신축년  신년운세와 토정비결은  발 빠른 최신 뉴스  네이버 메인에서 바로 보기  한 눈에 보는   재보궐 선거 경제를 보는 눈  세계를 보는 창 아시아경제 무단전재 배포금지 ,2021-03-31,-1.52,0.0
267,267,두산중공업    쉬다보 원전 계측제어 기자재 수주,2021.03.31 08:47,두산중공업 이 중국 CTEC와 원전계측제어시스템 Man Machine Interface System 의 주요 기자재인 지진자동정지설비 Industrial Anti Seismic Protection System  공급 계약을 체결했다고  일 밝혔다  CTEC는 중국 국유회사 CGN 그룹 산하 계측제어 자회사다 지진자동정지설비는 원전의 두뇌와 신경망에 해당하는 원전계측제어시스템을 구성하는 기자재 중 하나로  원전 가동 중 지진을 감지해 기준 값 이상이 되면 자동으로 원자로의 반응이 멈추도록 제어하는 안전 설비다 두산중공업 나기용 부사장 왼쪽 과 중국 CTEC 장궈진 사장이 화상으로 계약을 체결한 뒤 주먹 인사를 하고 있다   두산중공업 제공 두산중공업은 이번에 수주한 지진자동정지설비의 설계  제작  시험을 거쳐 중국 동북부 랴오닝성 연안에 위치한 쉬다보 원전  호기에 오는  년까지 공급할 계획이며  발주처와 추가 공급을 협의하고 있다 두산중공업은 지난  년 지진자동정지설비 개발을 완료하고 국내에 건설된  기 모든 원전에 공급한 바 있다  국내 공급 실적을 바탕으로 이번 프로젝트에 참여해 수주에 성공했다는 게 회사 측의 설명이다 나기용 두산중공업 부사장은  중국의 원전시장에서 지진자동정지설비 추가 수주를 위해 노력하겠다 고 말했다 두산중공업은  년 캐나다 원전 노형 Candu   PHWR 인 중국 진산 원전  단계  호기의 증기발생기와 열교환기 등을 수주하며 중국 원전 시장에 진출했다   년에는 중국 원전 노형인 진산 원전  단계  호기의 원자로를 수주한 바 있다  이어 미국 AP  모델의 산먼 원전 호기와 하이양 원전 호기의 증기발생기와 원자로를 제작해  년 납품했다 [정민하 기자 min chosunbiz com] 네이버에서  명품 경제뉴스  조선비즈를 구독하세요 세단마저  벼랑 끝  몰렸다  말리부 SM  단종 위기 외국인 떠날까 돈줄 조이는 신흥국  한국은 저작권자   조선비즈  무단 전재 및 재배포 금지,2021-03-31,-1.52,0.0
268,268,두산중공업  중국 쉬다보 원전 계측제어 기자재 수주,2021.03.31 09:16,두산중공업 나기용 부사장 왼쪽 과 중국 CTEC 장궈진 사장이 화상으로 계약을 체결한 뒤 주먹 인사를 하고 있다 [파이낸셜뉴스] 두산중공업이 중국 CTEC와 원전계측제어시스템의 주요 기자재인 지진자동정지설비 공급 계약을 체결했다고  월  일 밝혔다 지진자동정지설비는 원전의 두뇌와 신경망에 해당하는 원전계측제어시스템을 구성하는 기자재 중 하나로  원전 가동 중 지진을 감지해 기준 값 이상이 되면 자동으로 원자로의 반응이 멈추도록 제어하는 안전 설비다 두산중공업은 이번에 수주한 지진자동정지설비의 설계  제작  시험을 거쳐 중국 동북부 랴오닝성 연안에 위치한 쉬다보 원전  호기에 오는  년까지 공급할 계획이며  발주처와 추가 공급을 협의하고 있다 두산중공업은 지난  년 지진자동정지설비 개발을 완료하고 국내에 건설된  기 모든 원전에 공급한 바 있다  국내 공급 실적을 바탕으로 이번 프로젝트에 참여해 수주에 성공한 것이다 나기용 두산중공업 부사장은  중국의 원전시장에서 지진자동정지설비 추가 수주를 위해 노력하겠다 라고 말했다 두산중공업은  년 캐나다 원전 노형 Candu   PHWR 인 중국 진산 원전  단계  호기의 증기발생기와 열교환기 등을 수주하며 중국 원전 시장에 진출했으며   년에는 중국 원전 노형인 진산 원전  단계  호기의 원자로를 수주한 바 있다  이어 미국 AP  모델의 산먼 원전 호기와 하이양 원전 호기의 증기발생기와 원자로를 제작해  년 성공적으로 납품했다 pja fnnews com 박지애 기자  헉  소리나는 스 토리 뉴스 [헉스]   아는 척 하고 싶은 당신을 위한 [두유노우]  날로먹고 구워먹는 금융이슈 [파인애플]  저작권자   파이낸셜뉴스  무단 전재 재배포 금지,2021-03-31,-1.52,0.0
269,269,해외서 푸는 두산중공업    원전계측 시장 뚫었다,2021.03.31 09:36,[머니투데이 우경희 기자] 나기용 두산중공업 부사장 왼쪽 과 장궈진 CTET 사장 오른쪽 이 화면을 통해 주먹인사를 나누고 있다 사진 두산중공업 두산중공업이 중국 국영기업 CGN 계열 CTEC와 원전계측제어시스템 핵심 기자재인 지진자동정지설비 공급계약을 체결했다고  일 밝혔다  두산중공업은  년 처음 중국 원전시장에 진출한 이후 지속적으로 지속적으로 영향력을 확대하고 있다 이날 진행된 화상 계약식에서는 나기용 두산중공업 부사장과 중국 측에선 장궈진 CTET 사장이 나서 각기 계약을 체결하고 주먹인사를 나누는 코로나 신풍경을 연출했다 지진자동정지설비는 원전의 두뇌와 신경망에 해당하는 원전계측제어시스템을 구성하는 기자재다  원전 가동 중 지진을 감지해 기준 값 이상이 되면 자동으로 원자로의 반응이 멈추도록 제어한다 두산중공업은 지진자동정지설비 설계  제작  시험을 거쳐 중국 동북부 랴오닝성 연안에 위치한 쉬다보 원전  호기에 오는  년까지 공급한다  발주처와 추가 공급도 협의 중이다 두산중공업은 지난  년 지진자동정지설비 개발을 완료하고 국내에 건설된  기 모든 원전에 공급했다  국내 공급 실적을 바탕으로 이번 프로젝트에 참여해 수주에 성공했다 나 부사장은  중국의 원전시장에서 지진자동정지설비 추가 수주를 위해 노력하겠다 고 말했다 두산중공업은  년 캐나다 원전 노형 Candu   PHWR 인 중국 진산 원전  단계  호기 증기발생기와 열교환기 등을 수주하며 중국 원전 시장에 진출했다   년에는 중국 원전 노형인 진산 원전  단계  호기의 원자로를 수주했다  미국 AP  모델의 산먼 원전 호기와 하이양 원전 호기의 증기발생기와 원자로를 제작해  년 성공적으로 납품했다 우경희 기자 cheerup mt co kr 부동산 투자는 [부릿지] 주식 투자는 [부꾸미TALK] 부자되는 뉴스  머니투데이 구독하기 저작권자    돈이 보이는 리얼타임 뉴스  머니투데이  무단전재 및 재배포 금지 ,2021-03-31,-1.52,0.0
270,270,두산중공업  중국서 원전기자재 수주,2021.03.31 17:28,두산중공업은 중국 CTEC와 원자력발전소 계측제어시스템의 주요 기자재인 지진자동정지설비 공급 계약을 체결했다고  일 밝혔다  CTEC는 중국 국유회사 CGN그룹 산하 계측제어 자회사다 두산중공업은 이번에 수주한 지진자동정지설비를 설계  제작  시험을 거쳐 중국 동북부 랴오닝성 연안에 있는 쉬다보 원전  호기에  년까지 공급할 계획이다  수주 금액은 밝히지 않았다  경제지 네이버 구독 첫  만  한국경제 받아보세요  한경 고품격 뉴스레터  원클릭으로 구독하세요  한국경제신문과 WSJ  모바일한경으로 보세요  한국경제   hankyung com  무단전재 및 재배포 금지,2021-04-01,-2.69,-1.0
271,271,볕 드는 두산중공업  소형원전  바이든 찬스 ,2021.04.07 16:59,[머니투데이 최민경 기자] 두산중공업이 주기기 제작에 참여하는 뉴스케일 소형모듈원전 SMR  플랜트 가상 조감도 사진제공 두산중공업 전 세계적으로 소형모듈원자로 SMR  사업이 미래 에너지로 부각되고 있다  SMR은 전기 출력이  MW 이하인 소형 원전으로 탄소 배출이 없고 안전성이 높아 주목받는 에너지원이다  미국  프랑스  영국  러시아  중국에 이어 최근 일본까지 SMR 사업에 나섰다  전 세계가 SMR 사업에 눈독을 들이는 가운데 세계 최고 원자로 기술 강자 두산중공업도 SMR 사업에 발 빠르게 나서며 활로를 모색하고 있다 일 관련업계에 따르면 두산중공업은 내년 상반기부터 미국 아이다호주에 건설 예정인 SMR의 핵심 기기인 주기기  주단소재 등의 제작에 착수한다  발전사 UAMPS가 진행하는 이 프로젝트는  MW 규모로  년 상업운전이 목표다 두산중공업은  년 미국 뉴스케일 NuScale Power 과 업무협약을 체결하며 처음으로 SMR 사업에 뛰어들었다  뉴스케일은 지난해 미국 원자력규제위원회 NRC 에서 최초로 SMR 설계인증 심사를 모두 통과한 업체다  두산중공업의 원전 모듈 제작 기술을 높이 평가해 협업을 제안한 것으로 알려졌다 두산중공업은 IBK투자증권 등 국내 투자자들과 함께 지난해 총  차례에 걸쳐 뉴스케일에  만 달러 약  억원 를 투자하며 뉴스케일 지분도 확보했다  두산중공업은 뉴스케일을 통해 앞으로 미국을 포함한 전 세계 시장에서 최소  억 달러 규모의 SMR 주요 기자재를 공급할 예정이다 SMR을 미래 먹거리로 삼은 것은 두산중공업뿐만이 아니다  미국 조 바이든 대통령은 재생에너지가 늘어나는 에너지 수요를 감당할 수 없을 거라 보고 SMR을  년 탄소중립을 위한 핵심 기술로 꼽았다  미국 정부는 지난해 소형모듈원전 개발에  억 달러를 투자하겠다는 계획을 발표했다 SMR은 원자로와 증기발생기  냉각재 펌프  가압기 등 주요 기기를 하나의 용기에 일체화시켜 대형 원전의  분의  크기로 줄인 것이 특징이다  사고 발생률도 기존 원전의  분의   수준으로 안전하다  크기가 작아지면서 설치도 쉽고  대량 생산이 가능해 건설비용이 기존 원전보다 저렴하다  태양광 풍력 등 일조량과 날씨의 영향을 받아 에너지 공급이 일정하지 못한 재생에너지를 보완하는 전력 공급원 역할도 할 수 있다  수소 에너지와도 밀접하다  SMR을 통해 생산된 고온의 수증기를 활용한 전기분해로 수소를 생산할 수 있기 때문이다 이 때문에  년 후쿠시마원전 사고로 원전을 모두 폐쇄하는 정책을 추진했던 일본도 SMR 사업에 뛰어들었다  일본 플랜트 업체 JGC 닛키홀딩스 는 지난  일 뉴스케일에  만 달러를 투자했다  JGC는 미국 아이다호주 건설 프로젝트에 참여하기로 했다  JGC는 뉴스케일의 모회사인 플로어와 함께 설계 조달 시공 EPC  부문에 참여한다  향후엔 자체적으로 건설할 계획이다 SMR 기술 개발면에선 러시아가 가장 빠르다  러시아는 이미  년부터 SMR을 적용한 부유식 원전을 운용 중이다  러시아의 부유식 원전인 아카데믹 로모소노프는 송전설 설치와 대형 발전소 건설이 어려운 극동지역 추코트카 자치구에  MW 규모 전력을 생산하고 있다   년간 연료 재장전 없이 계속 가동할 수 있어 발전 비용도 대폭 절감할 수 있다 년 기존 원전 가동을 중단하기로 했던 영국도 최근 롤스로이스 컨소시엄과 합작해  년간 최소  억 파운드 약  억원 를 들여 SMR을 최대  기까지 짓기로 했다  영국 원자력연구원 NNL 은 SMR 설비용량이 오는  년까지  GWe GWe는 원전  기 설비용량 까지 확대될 것으로 예상했다  시장 규모로는  억 파운드에 달한다 이에 따라 세계 최고 수준의 원전 모듈 제작 기술을 보유한 두산중공업의 글로벌 수주도 본격화될 전망이다  두산중공업 관계자는  뉴스케일에 지분을 투자해 미국에선 처음으로 SMR 주기기 등 제작에 참여할 수 있게 됐다 며  미국 아이다호주 외에 국내외에서도 최소  억 달러규모의 주요 기자재를 공급할 수 있게 될 것 이라고 설명했다 최민경 기자 eyes mt co kr 부동산 투자는 [부릿지] 주식 투자는 [부꾸미TALK] 부자되는 뉴스  머니투데이 구독하기 저작권자    돈이 보이는 리얼타임 뉴스  머니투데이  무단전재 및 재배포 금지 ,2021-04-08,3.47,1.0
272,272,볕 드는 두산중공업  소형원전  바이든 찬스 ,2021.04.07 16:59,[머니투데이 최민경 기자] 두산중공업이 주기기 제작에 참여하는 뉴스케일 소형모듈원전 SMR  플랜트 가상 조감도 사진제공 두산중공업 전 세계적으로 소형모듈원자로 SMR  사업이 미래 에너지로 부각되고 있다  SMR은 전기 출력이  MW 이하인 소형 원전으로 탄소 배출이 없고 안전성이 높아 주목받는 에너지원이다  미국  프랑스  영국  러시아  중국에 이어 최근 일본까지 SMR 사업에 나섰다  전 세계가 SMR 사업에 눈독을 들이는 가운데 세계 최고 원자로 기술 강자 두산중공업도 SMR 사업에 발 빠르게 나서며 활로를 모색하고 있다 일 관련업계에 따르면 두산중공업은 내년 상반기부터 미국 아이다호주에 건설 예정인 SMR의 핵심 기기인 주기기  주단소재 등의 제작에 착수한다  발전사 UAMPS가 진행하는 이 프로젝트는  MW 규모로  년 상업운전이 목표다 두산중공업은  년 미국 뉴스케일 NuScale Power 과 업무협약을 체결하며 처음으로 SMR 사업에 뛰어들었다  뉴스케일은 지난해 미국 원자력규제위원회 NRC 에서 최초로 SMR 설계인증 심사를 모두 통과한 업체다  두산중공업의 원전 모듈 제작 기술을 높이 평가해 협업을 제안한 것으로 알려졌다 두산중공업은 IBK투자증권 등 국내 투자자들과 함께 지난해 총  차례에 걸쳐 뉴스케일에  만 달러 약  억원 를 투자하며 뉴스케일 지분도 확보했다  두산중공업은 뉴스케일을 통해 앞으로 미국을 포함한 전 세계 시장에서 최소  억 달러 규모의 SMR 주요 기자재를 공급할 예정이다 SMR을 미래 먹거리로 삼은 것은 두산중공업뿐만이 아니다  미국 조 바이든 대통령은 재생에너지가 늘어나는 에너지 수요를 감당할 수 없을 거라 보고 SMR을  년 탄소중립을 위한 핵심 기술로 꼽았다  미국 정부는 지난해 소형모듈원전 개발에  억 달러를 투자하겠다는 계획을 발표했다 SMR은 원자로와 증기발생기  냉각재 펌프  가압기 등 주요 기기를 하나의 용기에 일체화시켜 대형 원전의  분의  크기로 줄인 것이 특징이다  사고 발생률도 기존 원전의  분의   수준으로 안전하다  크기가 작아지면서 설치도 쉽고  대량 생산이 가능해 건설비용이 기존 원전보다 저렴하다  태양광 풍력 등 일조량과 날씨의 영향을 받아 에너지 공급이 일정하지 못한 재생에너지를 보완하는 전력 공급원 역할도 할 수 있다  수소 에너지와도 밀접하다  SMR을 통해 생산된 고온의 수증기를 활용한 전기분해로 수소를 생산할 수 있기 때문이다 이 때문에  년 후쿠시마원전 사고로 원전을 모두 폐쇄하는 정책을 추진했던 일본도 SMR 사업에 뛰어들었다  일본 플랜트 업체 JGC 닛키홀딩스 는 지난  일 뉴스케일에  만 달러를 투자했다  JGC는 미국 아이다호주 건설 프로젝트에 참여하기로 했다  JGC는 뉴스케일의 모회사인 플로어와 함께 설계 조달 시공 EPC  부문에 참여한다  향후엔 자체적으로 건설할 계획이다 SMR 기술 개발면에선 러시아가 가장 빠르다  러시아는 이미  년부터 SMR을 적용한 부유식 원전을 운용 중이다  러시아의 부유식 원전인 아카데믹 로모소노프는 송전설 설치와 대형 발전소 건설이 어려운 극동지역 추코트카 자치구에  MW 규모 전력을 생산하고 있다   년간 연료 재장전 없이 계속 가동할 수 있어 발전 비용도 대폭 절감할 수 있다 년 기존 원전 가동을 중단하기로 했던 영국도 최근 롤스로이스 컨소시엄과 합작해  년간 최소  억 파운드 약  억원 를 들여 SMR을 최대  기까지 짓기로 했다  영국 원자력연구원 NNL 은 SMR 설비용량이 오는  년까지  GWe GWe는 원전  기 설비용량 까지 확대될 것으로 예상했다  시장 규모로는  억 파운드에 달한다 이에 따라 세계 최고 수준의 원전 모듈 제작 기술을 보유한 두산중공업의 글로벌 수주도 본격화될 전망이다  두산중공업 관계자는  뉴스케일에 지분을 투자해 미국에선 처음으로 SMR 주기기 등 제작에 참여할 수 있게 됐다 며  미국 아이다호주 외에 국내외에서도 최소  억 달러규모의 주요 기자재를 공급할 수 있게 될 것 이라고 설명했다 최민경 기자 eyes mt co kr 부동산 투자는 [부릿지] 주식 투자는 [부꾸미TALK] 부자되는 뉴스  머니투데이 구독하기 저작권자    돈이 보이는 리얼타임 뉴스  머니투데이  무단전재 및 재배포 금지 ,2021-04-08,3.47,1.0
273,273,두산중공업  한국형 전투기  KF 에  D프린팅 제작 부품 공급,2021.04.13 08:51,[아시아경제 우수연 기자]두산중공업은 최초의 국산 전투기  KF 에  D프린팅 기술로 제작한 공기 순환시스템 부품을 공급했다고  일 밝혔다 이번에 두산중공업이 공급한 부품은 전투기 내 공기 순환 시스템을 구성하는 기자재 중 하나다  최근 출고식에서 공개된 KF  시제  호기에 장착된 부품을 포함해 시제기  호기에도 공급할 예정이다 지난  일 방위사업청이 공개한 국내 독자 기술로 만든 최초의 국산 전투기 KF  시제기 사진 연합뉴스 두산중공업은  년 한국항공우주산업과  항공용 소재 단조 및  D프린팅 공정 기술 국산화 협력 에 관한 업무 협약을 맺고 KF  전투기 부품에  D프린팅 기술을 적용하기 위해 노력해 왔다  양사는 부품 국산화율을 높이기 위해 향후 양산 단계에서도  D프린팅 기술을 적극 활용할 계획이다 D프린팅은 금속 또는 플라스틱 분말을 층층이 쌓으면서 레이저로 용융시켜 부품을 제조하는 기술이다  제조 단가를 절감하고 제작 기간을 획기적으로 단축시킬 수 있는 장점이 있다  예를 들어 금속  D프린터로 가스터빈 연소기 부품을 만들면 기계 가공품에 비해 질소산화물을   이상 저감하고 납기도   이상 단축할 수 있다 송용진 두산중공업 전략혁신부문 부사장은  그동안  D프린팅 기술을 통해 발전용 가스터빈 부품을 제작해 왔다 며  이번에는 항공  방위산업 부품 제작에도 해당 기술을 적용하게 됐다는 점에서 의미가 크다 고 밝혔다 우수연 기자 yesim asiae co kr  속 시원한 풀이   년 정통사주 운세 토정비결  발 빠른 최신 뉴스  네이버 메인에서 바로 보기  투자 성공의 핵심은 기업분석   CORE  바로가기 경제를 보는 눈  세계를 보는 창 아시아경제 무단전재 배포금지 ,2021-04-13,1.89,0.0
274,274,두산중공업  한국형 전투기  KF 에  D프린팅 제작 부품 공급,2021.04.13 08:51,[아시아경제 우수연 기자]두산중공업은 최초의 국산 전투기  KF 에  D프린팅 기술로 제작한 공기 순환시스템 부품을 공급했다고  일 밝혔다 이번에 두산중공업이 공급한 부품은 전투기 내 공기 순환 시스템을 구성하는 기자재 중 하나다  최근 출고식에서 공개된 KF  시제  호기에 장착된 부품을 포함해 시제기  호기에도 공급할 예정이다 지난  일 방위사업청이 공개한 국내 독자 기술로 만든 최초의 국산 전투기 KF  시제기 사진 연합뉴스 두산중공업은  년 한국항공우주산업과  항공용 소재 단조 및  D프린팅 공정 기술 국산화 협력 에 관한 업무 협약을 맺고 KF  전투기 부품에  D프린팅 기술을 적용하기 위해 노력해 왔다  양사는 부품 국산화율을 높이기 위해 향후 양산 단계에서도  D프린팅 기술을 적극 활용할 계획이다 D프린팅은 금속 또는 플라스틱 분말을 층층이 쌓으면서 레이저로 용융시켜 부품을 제조하는 기술이다  제조 단가를 절감하고 제작 기간을 획기적으로 단축시킬 수 있는 장점이 있다  예를 들어 금속  D프린터로 가스터빈 연소기 부품을 만들면 기계 가공품에 비해 질소산화물을   이상 저감하고 납기도   이상 단축할 수 있다 송용진 두산중공업 전략혁신부문 부사장은  그동안  D프린팅 기술을 통해 발전용 가스터빈 부품을 제작해 왔다 며  이번에는 항공  방위산업 부품 제작에도 해당 기술을 적용하게 됐다는 점에서 의미가 크다 고 밝혔다 우수연 기자 yesim asiae co kr  속 시원한 풀이   년 정통사주 운세 토정비결  발 빠른 최신 뉴스  네이버 메인에서 바로 보기  투자 성공의 핵심은 기업분석   CORE  바로가기 경제를 보는 눈  세계를 보는 창 아시아경제 무단전재 배포금지 ,2021-04-13,1.89,0.0
275,275,두산중공업  첫 국산 전투기에  D 프린팅 제작 부품 공급,2021.04.13 10:16,[헤럴드경제 김성미 기자] 두산중공업은 한국형 차세대 전투기 KF 에  차원 D  프린팅 기술로 제작한 부품을 공급했다고  일 밝혔다 이 부품은 전투기 내 공기 순환 시스템을 구성하는 기자재 중 하나로  최근 출고식에서 공개된 KF  시제  호기에 이어 시제기  호기에도 공급될 예정이다 두산중공업은  년 한국항공우주산업과  항공용 소재 단조 및  D프린팅 공정 기술 국산화 협력 에 관한 업무협약을 맺고 관련 부품 생산에 노력해왔다 양사는 부품 국산화율 확대를 위해 향후 양산 단계에서도  D프린팅 기술을 적극적으로 활용할 계획이다 송용진 두산중공업 전략혁신부문 부사장은  그동안  D프린팅 기술로 발전용 가스터빈 부품을 제작해왔다 며  항공  방위산업 부품 제작에 해당 기술을 적용하게 됐다는 점에서 의미가 크다 고 말했다 D프린팅은 금속 또는 플라스틱 분말을 층층이 쌓으면서 레이저로 용융시켜 부품을 제조하는 기술이다  제조단가를 절감하고 제작 기간을 단축시키는 장점이 있다 금속  D프린터로 가스터빈 연소기 부품을 만들면 기계 가공품에 비해 질소산화물을   이상 저감하고 납기도   이상 단축할 수 있다 miii heraldcorp com 환경적 대화기구  헤럴드에코 밀리터리 전문 콘텐츠  헤밀 헤럴드경제 네이버 채널 구독  Copyrights   헤럴드경제   heraldbiz com  무단 전재 및 재배포 금지  ,2021-04-13,1.89,0.0
276,276,두산중공업  첫 국산 전투기에  D 프린팅 제작 부품 공급,2021.04.13 10:16,[헤럴드경제 김성미 기자] 두산중공업은 한국형 차세대 전투기 KF 에  차원 D  프린팅 기술로 제작한 부품을 공급했다고  일 밝혔다 이 부품은 전투기 내 공기 순환 시스템을 구성하는 기자재 중 하나로  최근 출고식에서 공개된 KF  시제  호기에 이어 시제기  호기에도 공급될 예정이다 두산중공업은  년 한국항공우주산업과  항공용 소재 단조 및  D프린팅 공정 기술 국산화 협력 에 관한 업무협약을 맺고 관련 부품 생산에 노력해왔다 양사는 부품 국산화율 확대를 위해 향후 양산 단계에서도  D프린팅 기술을 적극적으로 활용할 계획이다 송용진 두산중공업 전략혁신부문 부사장은  그동안  D프린팅 기술로 발전용 가스터빈 부품을 제작해왔다 며  항공  방위산업 부품 제작에 해당 기술을 적용하게 됐다는 점에서 의미가 크다 고 말했다 D프린팅은 금속 또는 플라스틱 분말을 층층이 쌓으면서 레이저로 용융시켜 부품을 제조하는 기술이다  제조단가를 절감하고 제작 기간을 단축시키는 장점이 있다 금속  D프린터로 가스터빈 연소기 부품을 만들면 기계 가공품에 비해 질소산화물을   이상 저감하고 납기도   이상 단축할 수 있다 miii heraldcorp com 환경적 대화기구  헤럴드에코 밀리터리 전문 콘텐츠  헤밀 헤럴드경제 네이버 채널 구독  Copyrights   헤럴드경제   heraldbiz com  무단 전재 및 재배포 금지  ,2021-04-13,1.89,0.0
277,277,두산중공업  KF  전투기에  D프린팅 기술로 부품 공급,2021.04.13 11:23,KF 한국형전투기  내 공기 순환 시스템 부품 시제기  대에 공급 발전용 가스터빈 부품에 이어 항공 부품에도  D프린팅 기술 본격 적용 KF  조립라인  사진 KAI홈페이지 사진 캡쳐 두산중공업은 최초의 국산 전투기 KF 한국형전투기 에  D프린팅 기술로 제작한 부품을 공급했다고  일 밝혔다 해당 부품은 전투기 내 공기 순환 시스템을 구성하는 기자재 중 하나다  최근 출고식에서 공개된 KF  시제  호기에 장착된 것을 포함해 시제기  호기에도 공급할 예정이다 두산중공업은 지난  년 한국항공우주산업과  항공용 소재 단조 및  D프린팅 공정 기술 국산화 협력 에 관한 업무협약을 맺고 KF  전투기 부품에  D프린팅 기술을 적용하기 위해 노력해 왔다  양사는 부품 국산화율 확대를 위해 향후 양산 단계에서도  D프린팅 기술을 적극 활용할 계획이다 두산중공업 전략혁신부문 송용진 부사장은  그동안  D프린팅 기술을 통해 발전용 가스터빈 부품을 제작해 왔으며  이번에 항공  방위산업 부품 제작에도 해당 기술을 적용하게 됐다는 점에서 의미가 크다 고 밝혔다 D프린팅은 금속 또는 플라스틱 분말을 층층이 쌓으면서 레이저로 용융시켜 부품을 제조하는 기술이다  제조단가를 절감하고 제작기간을 획기적으로 단축시키는 장점이 있다  예를 들어 금속  D프린터로 가스터빈 연소기 부품을 만들면 기계 가공품에 비해 질소산화물을   이상 저감하고 납기도   이상 단축할 수 있다 글로벌  D프린팅 시장 분석 전문기관인 스마트테크 SmarTech Analysis  등에 따르면 금속  D프린팅 산업 시장은  년 최대  억불 규모로 급성장할 것으로 전망된다  조세일보 홈페이지   정회원 가입  조세일보 네이버 뉴스스탠드 구독 종합 경제 김상우 swkim joseilbo com 저작권자   조세일보 http www joseilbo com  무단전재 및 재배포 금지,2021-04-13,1.89,0.0
278,278,두산중공업  KF  전투기에  D프린팅 기술로 부품 공급,2021.04.13 11:23,KF 한국형전투기  내 공기 순환 시스템 부품 시제기  대에 공급 발전용 가스터빈 부품에 이어 항공 부품에도  D프린팅 기술 본격 적용 KF  조립라인  사진 KAI홈페이지 사진 캡쳐 두산중공업은 최초의 국산 전투기 KF 한국형전투기 에  D프린팅 기술로 제작한 부품을 공급했다고  일 밝혔다 해당 부품은 전투기 내 공기 순환 시스템을 구성하는 기자재 중 하나다  최근 출고식에서 공개된 KF  시제  호기에 장착된 것을 포함해 시제기  호기에도 공급할 예정이다 두산중공업은 지난  년 한국항공우주산업과  항공용 소재 단조 및  D프린팅 공정 기술 국산화 협력 에 관한 업무협약을 맺고 KF  전투기 부품에  D프린팅 기술을 적용하기 위해 노력해 왔다  양사는 부품 국산화율 확대를 위해 향후 양산 단계에서도  D프린팅 기술을 적극 활용할 계획이다 두산중공업 전략혁신부문 송용진 부사장은  그동안  D프린팅 기술을 통해 발전용 가스터빈 부품을 제작해 왔으며  이번에 항공  방위산업 부품 제작에도 해당 기술을 적용하게 됐다는 점에서 의미가 크다 고 밝혔다 D프린팅은 금속 또는 플라스틱 분말을 층층이 쌓으면서 레이저로 용융시켜 부품을 제조하는 기술이다  제조단가를 절감하고 제작기간을 획기적으로 단축시키는 장점이 있다  예를 들어 금속  D프린터로 가스터빈 연소기 부품을 만들면 기계 가공품에 비해 질소산화물을   이상 저감하고 납기도   이상 단축할 수 있다 글로벌  D프린팅 시장 분석 전문기관인 스마트테크 SmarTech Analysis  등에 따르면 금속  D프린팅 산업 시장은  년 최대  억불 규모로 급성장할 것으로 전망된다  조세일보 홈페이지   정회원 가입  조세일보 네이버 뉴스스탠드 구독 종합 경제 김상우 swkim joseilbo com 저작권자   조세일보 http www joseilbo com  무단전재 및 재배포 금지,2021-04-13,1.89,0.0
279,279,두산중공업  한국형 차세대 전투기에  D 프린팅 기술로 만든 부품 공급,2021.04.13 13:18,전투기 내 공기 순환 시스템 기자재 KF  시제기  호기에 납품 계획 KF 보라매 KF X  시제  호기가 지난  년  월  일 경남 사천의 한국항공우주산업 KAI  생산현장에서 출고식을 통해 위용을 드러내고 있다 사진제공 KAI [서울경제] 두산중공업 은 한국형 차세대 전투기 KF 에  차원 D  프린팅 기술로 제작한 부품을 공급했다고  일 밝혔다 전투기 내 공기 순환 시스템을 구성하는 기자재 중 하나로  두산중공업은 최근 출고식에서 공개된 KF  시제  호기에 이어 시제기  호기에도 이 부품을 공급할 계획이다 두산중공업은  년 한국항공우주산업과  항공용 소재 단조 및  D프린팅 공정 기술 국산화 협력 에 관한 업무협약을 맺고 관련 부품 생산에 노력했다  양사는 부품 국산화율 확대를 위해 향후 양산 단계에서도  D프린팅 기술을 적극적으로 활용할 계획이다 송용진 두산중공업 전략혁신부문 부사장은  그동안  D프린팅 기술로 발전용 가스터빈 부품을 제작해왔다 면서  항공  방위산업 부품 제작에 해당 기술을 적용하게 됐다는 점에서 의미가 크다 고 말했다   D프린팅은 금속 또는 플라스틱 분말을 층층이 쌓으면서 레이저로 용융시켜 부품을 제조하는 기술이다  제조단가를 절감하고 제작 기간을 단축시키는 장점이 있다  금속  D프린터로 가스터빈 연소기 부품을 만들면 기계 가공품에 비해 질소산화물을   이상 저감하고 납기도   이상 단축할 수 있다 서종갑 기자 gap sedaily com  상위   투자자 픽  [주식 초고수는 지금]  서울경제 더 폴리틱스 뉴스를 만나보세요  네이버 채널에서  서울경제  구독해주세요 저작권자   서울경제  무단 전재 및 재배포 금지,2021-04-13,1.89,0.0
280,280,두산중공업  한국형 차세대 전투기에  D 프린팅 기술로 만든 부품 공급,2021.04.13 13:18,전투기 내 공기 순환 시스템 기자재 KF  시제기  호기에 납품 계획 KF 보라매 KF X  시제  호기가 지난  년  월  일 경남 사천의 한국항공우주산업 KAI  생산현장에서 출고식을 통해 위용을 드러내고 있다 사진제공 KAI [서울경제] 두산중공업 은 한국형 차세대 전투기 KF 에  차원 D  프린팅 기술로 제작한 부품을 공급했다고  일 밝혔다 전투기 내 공기 순환 시스템을 구성하는 기자재 중 하나로  두산중공업은 최근 출고식에서 공개된 KF  시제  호기에 이어 시제기  호기에도 이 부품을 공급할 계획이다 두산중공업은  년 한국항공우주산업과  항공용 소재 단조 및  D프린팅 공정 기술 국산화 협력 에 관한 업무협약을 맺고 관련 부품 생산에 노력했다  양사는 부품 국산화율 확대를 위해 향후 양산 단계에서도  D프린팅 기술을 적극적으로 활용할 계획이다 송용진 두산중공업 전략혁신부문 부사장은  그동안  D프린팅 기술로 발전용 가스터빈 부품을 제작해왔다 면서  항공  방위산업 부품 제작에 해당 기술을 적용하게 됐다는 점에서 의미가 크다 고 말했다   D프린팅은 금속 또는 플라스틱 분말을 층층이 쌓으면서 레이저로 용융시켜 부품을 제조하는 기술이다  제조단가를 절감하고 제작 기간을 단축시키는 장점이 있다  금속  D프린터로 가스터빈 연소기 부품을 만들면 기계 가공품에 비해 질소산화물을   이상 저감하고 납기도   이상 단축할 수 있다 서종갑 기자 gap sedaily com  상위   투자자 픽  [주식 초고수는 지금]  서울경제 더 폴리틱스 뉴스를 만나보세요  네이버 채널에서  서울경제  구독해주세요 저작권자   서울경제  무단 전재 및 재배포 금지,2021-04-13,1.89,0.0
281,281,두산중공업  첫 국산 전투기에  D프린팅 기술로 부품 공급,2021.04.13 16:08,[파이낸셜뉴스] 두산중공업은 최초의 국산 전투기 KF 한국형전투기 에  차원 D 프린팅 기술로 제작한 부품을 공급했다고  일 밝혔다 해당 부품은 전투기 내 공기 순환 시스템을 구성하는 기자재 중 하나다  최근 출고식에서 공개된 KF  시제  호기에 장착된 것을 포함해 시제기  호기에도 공급할 예정이다 두산중공업은 지난  년 한국항공우주산업과  항공용 소재 단조 및  D프린팅 공정 기술 국산화 협력 에 관한 업무협약을 맺고 KF  전투기 부품에  D프린팅 기술을 적용하기 위해 노력해 왔다  양사는 부품 국산화율 확대를 위해 향후 양산 단계에서도  D프린팅 기술을 적극 활용할 계획이다 두산중공업 전략혁신부문 송용진 부사장은  그동안  D프린팅 기술을 통해 발전용 가스터빈 부품을 제작해 왔으며  이번에 항공  방위산업 부품 제작에도 해당 기술을 적용하게 됐다는 점에서 의미가 크다 고 밝혔다 D프린팅은 금속 또는 플라스틱 분말을 층층이 쌓으면서 레이저로 용융시켜 부품을 제조하는 기술이다  제조단가를 절감하고 제작기간을 획기적으로 단축시키는 장점이 있다  예를 들어 금속  D프린터로 가스터빈 연소기 부품을 만들면 기계 가공품에 비해 질소산화물을   이상 저감하고 납기도   이상 단축할 수 있다 글로벌  D프린팅 시장 분석 전문기관인 스마트테크 SmarTech Analysis  등에 따르면 금속  D프린팅 산업 시장은  년 최대  억불 규모로 급성장할 것으로 전망된다 pja fnnews com 박지애 기자  헉  소리나는 스 토리 뉴스 [헉스]     너 그거 아니  [두유노우]  날로먹고 구워먹는 금융이슈 [파인애플]     모 아 모아 [모아시스]  저작권자   파이낸셜뉴스  무단 전재 재배포 금지,2021-04-14,6.69,1.0
282,282,두산중공업   D 프린팅으로 제작된 부품 전투기 KF  공급,2021.04.13 17:32,두산중공업이 최초의 한국형 차세대 전투기인  KF 에  차원 D  프린팅으로 제작한 부품을 공급한다고  일 발표했다  두산중공업이 공급하는 부품은 전투기 내 공기순환 시스템에 쓰이는 기자재 중 하나다  지난  일 출고된 KF  시제  호기뿐 아니라 시제기  호에도 공급할 예정이다 두산중공업은  년 한국항공우주산업 KAI 과  항공용 소재 단조 및  D 프린팅 공정기술 국산화 협력 에 관한 업무협약을 맺고  D 프린팅 기술을 적용하기 위한 연구를 진행했다  두 회사는 부품 국산화율을 높이기 위해 양산 단계에서도  D 프린팅 기술을 활용할 계획이다  KAI에 따르면 KF  시제  호기의 국산화율은 약  다   만 개 이상 세부 부품을 제조하는 데  개 이상의 국내 업체가 참여했다 김형규 기자 khk hankyung com  경제지 네이버 구독 첫  만  한국경제 받아보세요  한국경제앱 다운받고  암호화폐  받아가세요  한국경제신문과 WSJ  모바일한경으로 보세요  한국경제   hankyung com  무단전재 및 재배포 금지,2021-04-14,6.69,1.0
283,283,두산중공업 떠난 자리 당근마켓이 메웠다,2021.04.21 09:24,강남교보타워 fnDB [파이낸셜뉴스] 두산중공업의 이전으로 대형 공실이 발생했던 강남교보타워가 당근마켓  불가리 등과 임대차 계약을 체결하면서 이 권역 공실률이 줄어든 것으로 나타났다 일 글로벌 종합부동산서비스 기업 쿠시먼앤드웨이크필드에 따르면 코로나 의 영향으로 임차활동이 축소된 전년 동기와 달리 강남업무지구 GBD 와 여의도업무지구 YBD 에서 활발한 임차 활동이 이어졌다 특히 두산중공업의 이전으로 대형 공실이 발생했던 강남교보타워는 중고거래업체 당근마켓과 명품업체 불가리 등과 임대차 계약을 체결해 권역내 평균 공실률 상승을 일부 상쇄했다 YBD 권역의 공실률은 전기대비 소폭 하락한  를 기록했다  지난 분기에 이어 서울 주요 오피스 권역 중에서 가장 큰 폭으로 공실률이 하락했다  전분기에 KTB투자증권이 여의도우체국으로 이전하며 발생한 KTB빌딩 내 일부 공실에 하이투자증권이 들어왔고  파크원 타워 는 케이프 투자증권  진원생명과학 등과 계약을 맺었다 쿠시먼앤드웨이크필드 진원창 팀장은  타 권역 대비 높은 공실률로 인해 임차인들에게 경쟁력있는 임대 조건을 제공한 것이 활발한 임대차 활동으로 이어진 것 으로 분석했다 분기 도심업무지구 CBD 의 평균 공실률은 전분기와 유사한 수준인  를 기록했다  KT웨스트 사옥의 리모델링이 확정되며 해당 빌딩에 임차하고 있던  차산업혁명위원회   과학기술자문회  등의 일부 국가 기관이 광화문 교보빌딩과 임대차계약을 체결했다 다만 올  분기 A급 오피스 빌딩 평균 공실률은 전분기 대비 소폭 상승한  를 기록했다  GBD 내 상업시설인 역삼  센터필드  준공 영향으로 분석됐다  GBD 공실률은 전분기대비 다소 상승한  를 기록했다  이는  년  분기 이래 최고치이다  진 팀장은 다만  센터필드는 배틀그라운드의 개발사 크래프톤과 임대차 계약을 체결하며 시장에 공급됐고  GBD 권역의 높은 임차수요로 인해 향후 지속적인 공실감소가 기대된다 고 말했다 한편 올  분기 서울 및 분당권역 오피스 빌딩은  건이 거래됐다  거래금액으로는 약 조 억원 규모다  이는 지난해 같은 기간 약 조 억원  대비  가량 감소한 규모다 psy fnnews com 박소연 기자  헉  소리나는 스 토리 뉴스 [헉스]     너 그거 아니  [두유노우]  날로먹고 구워먹는 금융이슈 [파인애플]     모 아 모아 [모아시스]  저작권자   파이낸셜뉴스  무단 전재 재배포 금지,2021-04-21,-2.16,0.0
284,284, 스마트 제조 디지털 플랫폼 개발  SK  C C 두산중공업 뭉쳤다,2021.04.22 09:29, SK  C C 디지털 플랫폼에 두산중공업 제조 솔루션 탑재 조선정유건설발전 등 글로벌 진출 공동 모색 경기도 분당 두산타워에서 이기열 오른쪽  SK  C C 디지털플랫폼 총괄과 송용진 두산중공업 전략혁신부문장이 제조 특화 디지털 신사업 개발 업무 협약 MOU  체결 후 기념촬영을 하고 있다 [SK  C C 제공] [헤럴드경제 정태일 기자]SK  C C와 두산중공업이  스마트 제조  특화 디지털 플랫폼 솔루션 개발에 힘을 합친다 SK  C C는  일 경기도 분당 두산타워에서 두산중공업과 제조 특화 디지털 신사업 개발 업무 협약 MOU 을 체결했다 양사는 SK  C C의 디지털 통합 플랫폼  멀티버스 에 두산중공업의 대표 디지털 솔루션을 탑재한다  SK  C C는 멀티버스의 개발 테스트 환경을 제공하고 두산중공업은  AI 인공지능  비파괴검사  예측진단  ESS 에너지 저장 시스템  배터리 분석 등의 디지털 솔루션을 탑재한다 이를 통해 구글 클라우드 기반의 고객 맞춤형 서비스형 소프트웨어  패키지 솔루션  시스템 통합 서비스 등을 제공할 계획이다 양사는 향후 조선 정유 건설 발전 등 글로벌 고객 기업을 대상으로 고객 밀착형 디지털 사업 발굴에도 협력한다  실제 두산중공업은 현실 세계의 기계를 가상화한 뒤 디지털 기술을 통해 기기 성능을 모니터링하는  디지털 트윈  등의 기술을 국내외 발전소에 적용하고 있다 이 밖에 제조 현장에서 발생하는 대규모 데이터 분석부터 비파괴검사  예측진단 등 알고리즘을 연계한 제조 특화 AI서비스까지 토탈 서비스를 제공할 계획이다 송용진 두산중공업 전략혁신부문장은  두산중공업의 디지털 솔루션과 SK  C C 멀티버스의 결합을 통해 글로벌 진출의 성공 모델을 만들 것 이라고 말했다 이기열 SK  C C 디지털플랫폼 총괄은  SK  C C 멀티버스 플랫폼에 두산중공업의 현장에 특화된 산업별 솔루션을 탑재함으로써 빠른 시일 내에 실제 해외 사례를 창출하겠다 고 말했다 killpass heraldcorp com 환경적 대화기구  헤럴드에코 밀리터리 전문 콘텐츠  헤밀 헤럴드경제 네이버 채널 구독  Copyrights   헤럴드경제   heraldbiz com  무단 전재 및 재배포 금지  ,2021-04-22,2.94,0.0
285,285,SK  C C 두산중공업  디지털 플랫폼 사업 협력 스마트 제조  진출,2021.04.22 10:05, 경기도 분당 두산타워에서 SK  C C 이기열 Digital플랫폼총괄 오른쪽 과 두산중공업 송용진 전략혁신부문장이  두산중공업 멀티버스 제조 특화 디지털 신사업 개발 업무 협약  체결 후 기념촬영했다 사진 SK 주  C C 제공 SK  C C와 두산중공업이 스마트 제조를 위한  제조 특화 디지털 플랫폼 솔루션 개발 에 힘을 합친다 SK  C C 대표이사 박성하 는  일 두산중공업과  두산중공업 멀티버스 제조 특화 디지털 신사업 개발 업무 협약 을 체결했다고 밝혔다 이번 협약은 SK  C C가 구글 클라우드코리아와 추진 중인  한국형 디지털 플래그십 사업 의 일환이다  두산중공업이 멀티버스에 합류하면서 제조 분야 고객사의 맞춤형 디지털 확산이 가속화되고 이 과정에서 만들어질 디지털 혁신 모델을 글로벌 시장에 진출시키는 데에도 청신호가 켜졌다 이번 협약으로 양사는 SK  C C의 디지털 통합 플랫폼  멀티버스 에 두산중공업의 대표 디지털 솔루션을 탑재한다  SK  C C는 멀티버스의 개발 테스트 환경을 제공하고 두산중공업은 AI 비파괴검사  예측진단  ESS 에너지 저장 시스템  배터리 분석 등 두산중공업이 자체 개발한 디지털 솔루션 탑재를 위한 개발을 진행한다 양사는 구글 클라우드 기반의 고객 맞춤형 서비스형 소프트웨어  SaaS Software as a Service  패키지 솔루션  시스템 통합 서비스를 제공한다는 계획이다 두산중공업은 사물인터넷과 인공지능 기술을 기반으로 발전소 고장 예측 진단 솔루션인  프리비전  디지털 방식을 접목한 AI 기반 비파괴 검사  현실 세계의 기계를 가상화한 뒤 디지털 기술로 기기 성능을 모니터링하는 디지털 트윈 등 다양한 디지털 솔루션을 개발해 국내외 발전소에 적용시켜 발전 플랜트 신뢰성과 효율 향상에 기여하고 있다 양사는 향후 조선 정유 건설 발전산업 등 글로벌 기업을 대상으로 고객 밀착형 디지털 사업 발굴에도 협력한다 그동안 축적한 산업별 전문지식과 경험  국내외 사업 기회를 공유해 스마트 제조의 고객 범위를 확장시켜 나간다는 방침이다  또한  양사의 디지털 플랫폼과 제조 특화 솔루션을 융합해 제조 현장에서 발생하는 대규모 데이터 분석부터 비파괴검사  예측진단 등 알고리즘을 연계한 제조 특화 AI서비스까지 토탈 서비스를 제공할 계획이다 두산중공업 송용진 전략혁신부문장은  두산중공업의 디지털 솔루션과 SK  C C 멀티버스의 결합으로 제조 혁신에서의 시너지를 기대한다 면서  양사가 협력해 글로벌 진출의 성공 모델을 만들 것 이라고 말했다 SK  C C 이기열 Digital플랫폼 총괄은  SK  C C 멀티버스 플랫폼에 두산중공업의 현장에 특화된 산업별 솔루션을 탑재함으로써 글로벌에서 통용되는 디지털 플랫폼이 나오게 될 것 이라며  빠른 기간 내에 실제 해외 사례를 창출하겠다 고 말했다  조세일보 홈페이지  조세일보 네이버 뉴스스탠드 구독 종합 경제 황상석 hss joseilbo com 저작권자   조세일보 http www joseilbo com  무단전재 및 재배포 금지,2021-04-22,2.94,0.0
286,286,SK  C C 두산중공업  디지털 플랫폼 사업 협력 스마트 제조  진출,2021.04.22 10:05, 경기도 분당 두산타워에서 SK  C C 이기열 Digital플랫폼총괄 오른쪽 과 두산중공업 송용진 전략혁신부문장이  두산중공업 멀티버스 제조 특화 디지털 신사업 개발 업무 협약  체결 후 기념촬영했다 사진 SK 주  C C 제공 SK  C C와 두산중공업이 스마트 제조를 위한  제조 특화 디지털 플랫폼 솔루션 개발 에 힘을 합친다 SK  C C 대표이사 박성하 는  일 두산중공업과  두산중공업 멀티버스 제조 특화 디지털 신사업 개발 업무 협약 을 체결했다고 밝혔다 이번 협약은 SK  C C가 구글 클라우드코리아와 추진 중인  한국형 디지털 플래그십 사업 의 일환이다  두산중공업이 멀티버스에 합류하면서 제조 분야 고객사의 맞춤형 디지털 확산이 가속화되고 이 과정에서 만들어질 디지털 혁신 모델을 글로벌 시장에 진출시키는 데에도 청신호가 켜졌다 이번 협약으로 양사는 SK  C C의 디지털 통합 플랫폼  멀티버스 에 두산중공업의 대표 디지털 솔루션을 탑재한다  SK  C C는 멀티버스의 개발 테스트 환경을 제공하고 두산중공업은 AI 비파괴검사  예측진단  ESS 에너지 저장 시스템  배터리 분석 등 두산중공업이 자체 개발한 디지털 솔루션 탑재를 위한 개발을 진행한다 양사는 구글 클라우드 기반의 고객 맞춤형 서비스형 소프트웨어  SaaS Software as a Service  패키지 솔루션  시스템 통합 서비스를 제공한다는 계획이다 두산중공업은 사물인터넷과 인공지능 기술을 기반으로 발전소 고장 예측 진단 솔루션인  프리비전  디지털 방식을 접목한 AI 기반 비파괴 검사  현실 세계의 기계를 가상화한 뒤 디지털 기술로 기기 성능을 모니터링하는 디지털 트윈 등 다양한 디지털 솔루션을 개발해 국내외 발전소에 적용시켜 발전 플랜트 신뢰성과 효율 향상에 기여하고 있다 양사는 향후 조선 정유 건설 발전산업 등 글로벌 기업을 대상으로 고객 밀착형 디지털 사업 발굴에도 협력한다 그동안 축적한 산업별 전문지식과 경험  국내외 사업 기회를 공유해 스마트 제조의 고객 범위를 확장시켜 나간다는 방침이다  또한  양사의 디지털 플랫폼과 제조 특화 솔루션을 융합해 제조 현장에서 발생하는 대규모 데이터 분석부터 비파괴검사  예측진단 등 알고리즘을 연계한 제조 특화 AI서비스까지 토탈 서비스를 제공할 계획이다 두산중공업 송용진 전략혁신부문장은  두산중공업의 디지털 솔루션과 SK  C C 멀티버스의 결합으로 제조 혁신에서의 시너지를 기대한다 면서  양사가 협력해 글로벌 진출의 성공 모델을 만들 것 이라고 말했다 SK  C C 이기열 Digital플랫폼 총괄은  SK  C C 멀티버스 플랫폼에 두산중공업의 현장에 특화된 산업별 솔루션을 탑재함으로써 글로벌에서 통용되는 디지털 플랫폼이 나오게 될 것 이라며  빠른 기간 내에 실제 해외 사례를 창출하겠다 고 말했다  조세일보 홈페이지  조세일보 네이버 뉴스스탠드 구독 종합 경제 황상석 hss joseilbo com 저작권자   조세일보 http www joseilbo com  무단전재 및 재배포 금지,2021-04-22,2.94,0.0
287,287,SK  C C  두산중공업과 스마트 제조 사업 협력,2021.04.22 11:12,구글 협력 디지털 플랫폼에 두산도 탑승 글로벌 고객 대상 디지털 사업 발굴 협력SK  사업부문인 SK  C C와 두산중공업이 스마트 공장 등에 적용하는 디지털 플랫폼 개발을 위해 손을 잡았다   일 경기도 분당 두산타워에서 이기열 SK  C C Digital플랫폼총괄 오른쪽 과 송용진 두산중공업 전략혁신부문장이  두산중공업 멀티버스 Multiverse  제조 특화 디지털 신사업 개발 업무 협약 MOU  체결 후 기념촬영을 하고 있다 사진 SK  C C 제공 SK  C C는 두산중공업과 디지털 신사업 개발을 위한 업무협약 MOU 을 체결했다고  일 밝혔다 이번 협약은 SK  C C가 구글 클라우드 코리아와 추진 중인  한국형 디지털 프래그십 사업  일환으로 추진됐다 SK  C C는 인공지능 AI  빅데이터  클라우드 등을 아우르는  멀티버스 라는 디지털 플랫폼에 구글 클라우드 플랫폼을 접목하는 내용의 MOU를 지난  월 체결한 바 있다   두산중공업은 이번 MOU를 통해 자체 디지털 솔루션을 SK  C C  구글 클라우드 코리아가 개발하는 멀티버스에 탑재하는 방안을 추진한다 SK  C C는 멀티버스 개발 테스트 환경을 제공하고 두산중공업은  AI 비파괴검사  예측진단  에너지저장시스템 ESS  배터리 분석 등 자체 개발한 디지털 솔루션을 멀티버스에 접목하기 위한 연구개발을 진행한다   이를 통해 양사는 구글 클라우드 기반 고객 맞춤형 서비스형 소프트웨어 SaaS 구독형 소프트웨어  패키지 솔루션  시스템 통합 서비스를 제공한다는 계획이다 두산중공업은 이미 발전소 고장 예측 진단 솔루션  프리비전  등 다양한 디지털 솔루션을 개발  국내외 발전소에 적용시켜 발전플랜트 신뢰성과 효율성을 향상시키고 있다 양사는 향후 조선 조선 정유 건설 발전산업 등 글로벌 기업을 대상으로 고객 밀착형 디지털 사업 발굴에도 협력한다 두 회사가 그간 축적한 산업별 전문지식과 경험  국내외 사업 기회를 공유해 스마트 제조 고객 범위를 확장시켜 나간다는 방침이다 또한 양사는 디지털 플랫폼과 제조 특화 솔루션까지 융합할 예정이다  이를 통해 제조 현장에서 발생하는 대규모 데이터 분석부터 비파괴검사  예측진단 등 알고리즘을 연계한 제조 특화 AI서비스까지 포괄하는 토탈 서비스 를 제공할 계획이다 송용진 두산중공업 전략혁신부문장은  두산중공업의 디지털 솔루션과 SK  C C 멀티버스의 결합을 통해 제조 혁신에서의 시너지를 기대한다 고 말했다   이기열 SK  C C Digital플랫폼총괄은  SK  C C 멀티버스 플랫폼에 두산중공업의 현장에 특화된 산업별 솔루션을 탑재함으로써 글로벌에서 통용되는 디지털 플랫폼이 나오게 될 것 이라고 밝혔다 최형균  chg bizwatch co kr 중국경제 궁금할땐 워치플레이  동학개미 지식창고  줍줍 지식창고  비즈워치  구독하기 비즈니스워치의 소중한 저작물입니다  무단전재와 재배포를 금합니다 ,2021-04-22,2.94,0.0
288,288,SK  C C  두산중공업과 스마트 제조 사업 협력,2021.04.22 11:12,구글 협력 디지털 플랫폼에 두산도 탑승 글로벌 고객 대상 디지털 사업 발굴 협력SK  사업부문인 SK  C C와 두산중공업이 스마트 공장 등에 적용하는 디지털 플랫폼 개발을 위해 손을 잡았다   일 경기도 분당 두산타워에서 이기열 SK  C C Digital플랫폼총괄 오른쪽 과 송용진 두산중공업 전략혁신부문장이  두산중공업 멀티버스 Multiverse  제조 특화 디지털 신사업 개발 업무 협약 MOU  체결 후 기념촬영을 하고 있다 사진 SK  C C 제공 SK  C C는 두산중공업과 디지털 신사업 개발을 위한 업무협약 MOU 을 체결했다고  일 밝혔다 이번 협약은 SK  C C가 구글 클라우드 코리아와 추진 중인  한국형 디지털 프래그십 사업  일환으로 추진됐다 SK  C C는 인공지능 AI  빅데이터  클라우드 등을 아우르는  멀티버스 라는 디지털 플랫폼에 구글 클라우드 플랫폼을 접목하는 내용의 MOU를 지난  월 체결한 바 있다   두산중공업은 이번 MOU를 통해 자체 디지털 솔루션을 SK  C C  구글 클라우드 코리아가 개발하는 멀티버스에 탑재하는 방안을 추진한다 SK  C C는 멀티버스 개발 테스트 환경을 제공하고 두산중공업은  AI 비파괴검사  예측진단  에너지저장시스템 ESS  배터리 분석 등 자체 개발한 디지털 솔루션을 멀티버스에 접목하기 위한 연구개발을 진행한다   이를 통해 양사는 구글 클라우드 기반 고객 맞춤형 서비스형 소프트웨어 SaaS 구독형 소프트웨어  패키지 솔루션  시스템 통합 서비스를 제공한다는 계획이다 두산중공업은 이미 발전소 고장 예측 진단 솔루션  프리비전  등 다양한 디지털 솔루션을 개발  국내외 발전소에 적용시켜 발전플랜트 신뢰성과 효율성을 향상시키고 있다 양사는 향후 조선 조선 정유 건설 발전산업 등 글로벌 기업을 대상으로 고객 밀착형 디지털 사업 발굴에도 협력한다 두 회사가 그간 축적한 산업별 전문지식과 경험  국내외 사업 기회를 공유해 스마트 제조 고객 범위를 확장시켜 나간다는 방침이다 또한 양사는 디지털 플랫폼과 제조 특화 솔루션까지 융합할 예정이다  이를 통해 제조 현장에서 발생하는 대규모 데이터 분석부터 비파괴검사  예측진단 등 알고리즘을 연계한 제조 특화 AI서비스까지 포괄하는 토탈 서비스 를 제공할 계획이다 송용진 두산중공업 전략혁신부문장은  두산중공업의 디지털 솔루션과 SK  C C 멀티버스의 결합을 통해 제조 혁신에서의 시너지를 기대한다 고 말했다   이기열 SK  C C Digital플랫폼총괄은  SK  C C 멀티버스 플랫폼에 두산중공업의 현장에 특화된 산업별 솔루션을 탑재함으로써 글로벌에서 통용되는 디지털 플랫폼이 나오게 될 것 이라고 밝혔다 최형균  chg bizwatch co kr 중국경제 궁금할땐 워치플레이  동학개미 지식창고  줍줍 지식창고  비즈워치  구독하기 비즈니스워치의 소중한 저작물입니다  무단전재와 재배포를 금합니다 ,2021-04-22,2.94,0.0
289,289,두산중공업  올해 매출액 목표치  조원,2021.04.27 16:25,[이데일리 경계영 기자] 두산중공업 은  일 공정 공시를 통해 올해 매출액과 영업이익 전망치로 각각  조 억원   억원을 제시했다  이는 두산인프라코어와 그 종속회사  두산건설과 그 종속회사를 제외한 관리연결 기준이다  올해 수주 목표치는  조 억원이다 경계영  kyung edaily co kr   시간 빠른  미리보는 뉴스  eNews  네이버에서  이데일리 뉴스 를 만나보세요  빡침해소  청춘뉘우스  스냅타임 종합 경제정보 미디어 이데일리   무단전재   재배포 금지 ,2021-04-28,2.15,0.0
290,290,두산중공업  올해 매출액 목표치  조원,2021.04.27 16:25,[이데일리 경계영 기자] 두산중공업 은  일 공정 공시를 통해 올해 매출액과 영업이익 전망치로 각각  조 억원   억원을 제시했다  이는 두산인프라코어와 그 종속회사  두산건설과 그 종속회사를 제외한 관리연결 기준이다  올해 수주 목표치는  조 억원이다 경계영  kyung edaily co kr   시간 빠른  미리보는 뉴스  eNews  네이버에서  이데일리 뉴스 를 만나보세요  빡침해소  청춘뉘우스  스냅타임 종합 경제정보 미디어 이데일리   무단전재   재배포 금지 ,2021-04-28,2.15,0.0
291,291,두산중공업  올해 매출액  조 전망 ,2021.04.27 16:35,두산중공업 은  일 공정 공시를 통해 올해 매출액 전망치로  조 억원을 제시했다  영업이익 전망치는  억원으로 나타났다 두산중공업의 올해 수주 목표치는  조 억원이다 한편 이날 두산 은 계열사인 두산중공업에 소시어스 웰투시 인베스트먼트 제 호 기업재무안정 사모투자합자회사 출자지분 출자금  억원 을 담보 제공하기로 결정했다고 공시했다 채권자는 한국산업은행  한국수출입은행이다  담보기간은 제공일부터 채무 전액 상환일까지다 두산 측은  당사가 모트롤 사업부문 매각 과정에서 매수인 설립 사모펀드 PEF 에 출자한 지분 억원 을 추가 담보 제공하는 건 이라고 설명했다 [정민하 기자 min chosunbiz com] 네이버에서  명품 경제뉴스  조선비즈를 구독하세요 체납자들 떨게한 가상화폐 압류  정작 지자체는  갈팡질팡 안터지는  G 인터넷에 속 터지는데  통신  사는  조 파티 저작권자   조선비즈  무단 전재 및 재배포 금지,2021-04-28,2.15,0.0
292,292,두산중공업  올해 매출액  조 전망 ,2021.04.27 16:35,두산중공업 은  일 공정 공시를 통해 올해 매출액 전망치로  조 억원을 제시했다  영업이익 전망치는  억원으로 나타났다 두산중공업의 올해 수주 목표치는  조 억원이다 한편 이날 두산 은 계열사인 두산중공업에 소시어스 웰투시 인베스트먼트 제 호 기업재무안정 사모투자합자회사 출자지분 출자금  억원 을 담보 제공하기로 결정했다고 공시했다 채권자는 한국산업은행  한국수출입은행이다  담보기간은 제공일부터 채무 전액 상환일까지다 두산 측은  당사가 모트롤 사업부문 매각 과정에서 매수인 설립 사모펀드 PEF 에 출자한 지분 억원 을 추가 담보 제공하는 건 이라고 설명했다 [정민하 기자 min chosunbiz com] 네이버에서  명품 경제뉴스  조선비즈를 구독하세요 체납자들 떨게한 가상화폐 압류  정작 지자체는  갈팡질팡 안터지는  G 인터넷에 속 터지는데  통신  사는  조 파티 저작권자   조선비즈  무단 전재 및 재배포 금지,2021-04-28,2.15,0.0
293,293, 흑자전환  두산중공업   분기 영업익  억  전년    증가 종합 ,2021.04.27 17:01,두산중공업 은 올해  분기 연결 기준 영업이익이  억원으로 전년 동기보다   증가한 것으로 잠정 집계됐다고  일 공시했다 매출은  조 억원으로 전년 동기 대비   증가했다  순이익은  억원으로 흑자전환했다 두산중공업에 따르면 자체 실적 해외 자회사 포함 이 크게 개선됐다  영업이익은 지난해 동기대비  억원 증가한  억원을 기록하며 흑자전환 했다  당기순이익 역시 두산밥캣 주가수익스와프 PRS  평가이익 등의 영향으로 전년 동기 대비  억원 늘어난  억원을 기록하며  분기만에 흑자로 돌아섰다 매출은 일부 대형 설계 조달 시공 EPC  프로젝트가 종료 단계에 진입하고 해외 건설 현장에서의 코로나  영향 등으로 소폭 감소했다 두산중공업 제공 두산중공업의 일감 확보 지표라 할 수 있는 수주는 전년 동기 대비   늘어난  조 억원을 달성했다  수주 잔고도   증가해  조 억원을 기록했다  주요 실적은 사우디아라비아 얀부 Yanbu  해수담수화플랜트 등으로   년치 일감을 확보했다는 게 회사 측의 설명이다 두산중공업은 올해 전년보다   이상 증가한 약  조 억원을 수주 목표로 세웠다  이미  분기에  조 억원을 수주했고  수주가 확실시 되는 프로젝트도 약  조 억원에 달한다  이외에도 약  조 억원 규모의 매년 발생하는 서비스 기자재 사업 수주에 더해 수주가 가시화 되는 여러 프로젝트도 있어 올해 목표 달성이 가능할 것으로 전망하고 있다 두산중공업 관계자는  해상풍력  가스터빈  수소  차세대 원전 등 친환경 에너지 사업을 성장사업으로 적극 육성하고 있다 며  년까지  대 성장사업의 수주 비중을 전체 대비   이상으로 확대해 청정에너지 중심의 사업포트폴리오 전환을 가속화 할 계획 이라고 말했다 이어  지난해부터 고정비 축소 노력  자산매각  유상증자 등을 통해 부채를 감축하는 한편 두산퓨얼셀 지분 수증 및 현물 출자를 받으며 자본을 확충했다 면서  올해 두산인프라코어 지분 매각이 완료되면 추가적인 부채 감소가 예상된다 고 덧붙였다 [정민하 기자 min chosunbiz com] 네이버에서  명품 경제뉴스  조선비즈를 구독하세요 식당 별점  개 줬더니   리뷰 갑질 한다고요 올해  여종 쏟아지는 전기차  뭐가 좋을까 저작권자   조선비즈  무단 전재 및 재배포 금지,2021-04-28,2.15,0.0
294,294, 흑자전환  두산중공업   분기 영업익  억  전년    증가 종합 ,2021.04.27 17:01,두산중공업 은 올해  분기 연결 기준 영업이익이  억원으로 전년 동기보다   증가한 것으로 잠정 집계됐다고  일 공시했다 매출은  조 억원으로 전년 동기 대비   증가했다  순이익은  억원으로 흑자전환했다 두산중공업에 따르면 자체 실적 해외 자회사 포함 이 크게 개선됐다  영업이익은 지난해 동기대비  억원 증가한  억원을 기록하며 흑자전환 했다  당기순이익 역시 두산밥캣 주가수익스와프 PRS  평가이익 등의 영향으로 전년 동기 대비  억원 늘어난  억원을 기록하며  분기만에 흑자로 돌아섰다 매출은 일부 대형 설계 조달 시공 EPC  프로젝트가 종료 단계에 진입하고 해외 건설 현장에서의 코로나  영향 등으로 소폭 감소했다 두산중공업 제공 두산중공업의 일감 확보 지표라 할 수 있는 수주는 전년 동기 대비   늘어난  조 억원을 달성했다  수주 잔고도   증가해  조 억원을 기록했다  주요 실적은 사우디아라비아 얀부 Yanbu  해수담수화플랜트 등으로   년치 일감을 확보했다는 게 회사 측의 설명이다 두산중공업은 올해 전년보다   이상 증가한 약  조 억원을 수주 목표로 세웠다  이미  분기에  조 억원을 수주했고  수주가 확실시 되는 프로젝트도 약  조 억원에 달한다  이외에도 약  조 억원 규모의 매년 발생하는 서비스 기자재 사업 수주에 더해 수주가 가시화 되는 여러 프로젝트도 있어 올해 목표 달성이 가능할 것으로 전망하고 있다 두산중공업 관계자는  해상풍력  가스터빈  수소  차세대 원전 등 친환경 에너지 사업을 성장사업으로 적극 육성하고 있다 며  년까지  대 성장사업의 수주 비중을 전체 대비   이상으로 확대해 청정에너지 중심의 사업포트폴리오 전환을 가속화 할 계획 이라고 말했다 이어  지난해부터 고정비 축소 노력  자산매각  유상증자 등을 통해 부채를 감축하는 한편 두산퓨얼셀 지분 수증 및 현물 출자를 받으며 자본을 확충했다 면서  올해 두산인프라코어 지분 매각이 완료되면 추가적인 부채 감소가 예상된다 고 덧붙였다 [정민하 기자 min chosunbiz com] 네이버에서  명품 경제뉴스  조선비즈를 구독하세요 식당 별점  개 줬더니   리뷰 갑질 한다고요 올해  여종 쏟아지는 전기차  뭐가 좋을까 저작권자   조선비즈  무단 전재 및 재배포 금지,2021-04-28,2.15,0.0
295,295, 흑자전환  두산중공업   분기 영업익  억  전년    증가 종합 ,2021.04.27 17:01,두산중공업 은 올해  분기 연결 기준 영업이익이  억원으로 전년 동기보다   증가한 것으로 잠정 집계됐다고  일 공시했다 매출은  조 억원으로 전년 동기 대비   증가했다  순이익은  억원으로 흑자전환했다 두산중공업에 따르면 자체 실적 해외 자회사 포함 이 크게 개선됐다  영업이익은 지난해 동기대비  억원 증가한  억원을 기록하며 흑자전환 했다  당기순이익 역시 두산밥캣 주가수익스와프 PRS  평가이익 등의 영향으로 전년 동기 대비  억원 늘어난  억원을 기록하며  분기만에 흑자로 돌아섰다 매출은 일부 대형 설계 조달 시공 EPC  프로젝트가 종료 단계에 진입하고 해외 건설 현장에서의 코로나  영향 등으로 소폭 감소했다 두산중공업 제공 두산중공업의 일감 확보 지표라 할 수 있는 수주는 전년 동기 대비   늘어난  조 억원을 달성했다  수주 잔고도   증가해  조 억원을 기록했다  주요 실적은 사우디아라비아 얀부 Yanbu  해수담수화플랜트 등으로   년치 일감을 확보했다는 게 회사 측의 설명이다 두산중공업은 올해 전년보다   이상 증가한 약  조 억원을 수주 목표로 세웠다  이미  분기에  조 억원을 수주했고  수주가 확실시 되는 프로젝트도 약  조 억원에 달한다  이외에도 약  조 억원 규모의 매년 발생하는 서비스 기자재 사업 수주에 더해 수주가 가시화 되는 여러 프로젝트도 있어 올해 목표 달성이 가능할 것으로 전망하고 있다 두산중공업 관계자는  해상풍력  가스터빈  수소  차세대 원전 등 친환경 에너지 사업을 성장사업으로 적극 육성하고 있다 며  년까지  대 성장사업의 수주 비중을 전체 대비   이상으로 확대해 청정에너지 중심의 사업포트폴리오 전환을 가속화 할 계획 이라고 말했다 이어  지난해부터 고정비 축소 노력  자산매각  유상증자 등을 통해 부채를 감축하는 한편 두산퓨얼셀 지분 수증 및 현물 출자를 받으며 자본을 확충했다 면서  올해 두산인프라코어 지분 매각이 완료되면 추가적인 부채 감소가 예상된다 고 덧붙였다 [정민하 기자 min chosunbiz com] 네이버에서  명품 경제뉴스  조선비즈를 구독하세요 식당 별점  개 줬더니   리뷰 갑질 한다고요 올해  여종 쏟아지는 전기차  뭐가 좋을까 저작권자   조선비즈  무단 전재 및 재배포 금지,2021-04-28,2.15,0.0
296,296,두산중공업   분기 흑자전환 두산그룹 경영 정상화  청신호 ,2021.04.27 17:05,두산  매출 영업익 당기순익 모두 증가  자체 당기순익  분기만에 흑자 두산인프라코어 두산밥캣  역대급 분기 실적 달성 경기도 성남시 분당구에 위치한 분당두산타워 전경 두산그룹 제공 [파이낸셜뉴스]  조원의 자구안 이행이 막바지에 접어든 두산그룹이 올해  분기 실적 반등에 성공했다  그룹의 핵심 사업회사인 두산중공업이 자체 사업의 흑자전환에 성공했고  두산인프라코어 두산밥캣이 역대급 분기 실적을 달성하며 그룹의 경영 정상화에도 속도가 붙고 있다 두산은 올해  분기 연결 기준  조 억원의 매출액과  억원의 영업이익을 기록한 것으로 잠정 집계됐다고  일 밝혔다  매출액은 전년동기 대비   영업이익은   증가했다   분기 당기순이익은  억원으로 전년동기  억원 적자에서 흑자로 전환했다 무엇보다 두산중공업 자체 실적이 크게 개선됐다  두산중공업은  분기에 연결 기준 매출액  조 억원  영업이익  억원을 기록했다  전년동기 대비 각각     성장했다  같은 기간 당기순이익은  억원 적자에서  억원 흑자로 돌아섰다 두산중공업은 지난해 구조조정 효과 등으로 자체사업 해외 자회사 포함  기준 영업이익이 전년동기 대비  억원 증가한  억원을 기록하며 흑자전환 했고  당기순이익도  억원 늘어난  억원을 기록하며  분기만에 흑자 전환에 성공했다 특히 수주에서 전년 동기대비   늘어난  조 억원의 일감을 확보하면서 수주잔고가   증가해  년 개월치의 일감을 확보했다  두산중공업의 올해 수주 목표는 전년보다   이상 증가한 약  조 억원이다 두산인프라코어와 두산밥캣은 세계적인 인프라 투자 확대 기조에 힘입어 기록적인 분기 실적을 달성했다  두산인프라코어는 전 세계 시장에서의 고른 성장을 바탕으로 역대 분기 최대인  조 억원의 매출액을 달성했다  전년대비   증가한 수치다  영업이익은 전년 동기대비   증가한  억원을 기록했다 두산밥캣은 원화기준 매출액이 전년동기대비   증가한  조 억원  영업이익은   늘어난  억원을 기록했다  지난  년 이후  년 만에 최대 분기 실적을 달성했다 두산은 전자사업부 BG 의 실적 호조 지속과 산업차량BG의 전방시장 회복 등 자체사업 해외자회사 포함 에서 매출액과 영업이익이 모두 전년동기 대비 증가했다  자체사업 기준 매출은  억원  영업이익은  억원  영업이익률은  를 기록했다 두산퓨얼셀은  분기 매출액  억원  영업이익  억원을 기록했다  지난해 상반기 수주가 매출로 인식되면서 전년 동기대비 매출이   증가했고 영업이익은 흑자전환했다 두산그룹이 올해  분기 실적 회복세를 보이며 경영 정상화에도 속도가 붙을 것으로 전망된다  두산그룹은 지난해  월 두산중공업의 유동성 위기 극복을 위해 채권단으로부터  조 억원을 지원받은 뒤  조원 규모의 자구안을 마련했다  두산그룹은 지난해  월 클럽모우CC 억원 를 시작으로 동대문 두산타워 억원  두산솔루스 억원   두산 모트롤BG 억원  네오플럭스 억원 를 잇달아 매각했다  올해 두산인프라코어 억원  매각이 마무리 되면 약  조 억원 수준의 자구안을 이행하게 된다 mjk fnnews com 김미정 기자  헉  소리나는 스 토리 뉴스 [헉스]     너 그거 아니  [두유노우]  날로먹고 구워먹는 금융이슈 [파인애플]     모 아 모아 [모아시스]  저작권자   파이낸셜뉴스  무단 전재 재배포 금지,2021-04-28,2.15,0.0
297,297,두산중공업   분기 흑자전환 두산그룹 경영 정상화  청신호 ,2021.04.27 17:05,두산  매출 영업익 당기순익 모두 증가  자체 당기순익  분기만에 흑자 두산인프라코어 두산밥캣  역대급 분기 실적 달성 경기도 성남시 분당구에 위치한 분당두산타워 전경 두산그룹 제공 [파이낸셜뉴스]  조원의 자구안 이행이 막바지에 접어든 두산그룹이 올해  분기 실적 반등에 성공했다  그룹의 핵심 사업회사인 두산중공업이 자체 사업의 흑자전환에 성공했고  두산인프라코어 두산밥캣이 역대급 분기 실적을 달성하며 그룹의 경영 정상화에도 속도가 붙고 있다 두산은 올해  분기 연결 기준  조 억원의 매출액과  억원의 영업이익을 기록한 것으로 잠정 집계됐다고  일 밝혔다  매출액은 전년동기 대비   영업이익은   증가했다   분기 당기순이익은  억원으로 전년동기  억원 적자에서 흑자로 전환했다 무엇보다 두산중공업 자체 실적이 크게 개선됐다  두산중공업은  분기에 연결 기준 매출액  조 억원  영업이익  억원을 기록했다  전년동기 대비 각각     성장했다  같은 기간 당기순이익은  억원 적자에서  억원 흑자로 돌아섰다 두산중공업은 지난해 구조조정 효과 등으로 자체사업 해외 자회사 포함  기준 영업이익이 전년동기 대비  억원 증가한  억원을 기록하며 흑자전환 했고  당기순이익도  억원 늘어난  억원을 기록하며  분기만에 흑자 전환에 성공했다 특히 수주에서 전년 동기대비   늘어난  조 억원의 일감을 확보하면서 수주잔고가   증가해  년 개월치의 일감을 확보했다  두산중공업의 올해 수주 목표는 전년보다   이상 증가한 약  조 억원이다 두산인프라코어와 두산밥캣은 세계적인 인프라 투자 확대 기조에 힘입어 기록적인 분기 실적을 달성했다  두산인프라코어는 전 세계 시장에서의 고른 성장을 바탕으로 역대 분기 최대인  조 억원의 매출액을 달성했다  전년대비   증가한 수치다  영업이익은 전년 동기대비   증가한  억원을 기록했다 두산밥캣은 원화기준 매출액이 전년동기대비   증가한  조 억원  영업이익은   늘어난  억원을 기록했다  지난  년 이후  년 만에 최대 분기 실적을 달성했다 두산은 전자사업부 BG 의 실적 호조 지속과 산업차량BG의 전방시장 회복 등 자체사업 해외자회사 포함 에서 매출액과 영업이익이 모두 전년동기 대비 증가했다  자체사업 기준 매출은  억원  영업이익은  억원  영업이익률은  를 기록했다 두산퓨얼셀은  분기 매출액  억원  영업이익  억원을 기록했다  지난해 상반기 수주가 매출로 인식되면서 전년 동기대비 매출이   증가했고 영업이익은 흑자전환했다 두산그룹이 올해  분기 실적 회복세를 보이며 경영 정상화에도 속도가 붙을 것으로 전망된다  두산그룹은 지난해  월 두산중공업의 유동성 위기 극복을 위해 채권단으로부터  조 억원을 지원받은 뒤  조원 규모의 자구안을 마련했다  두산그룹은 지난해  월 클럽모우CC 억원 를 시작으로 동대문 두산타워 억원  두산솔루스 억원   두산 모트롤BG 억원  네오플럭스 억원 를 잇달아 매각했다  올해 두산인프라코어 억원  매각이 마무리 되면 약  조 억원 수준의 자구안을 이행하게 된다 mjk fnnews com 김미정 기자  헉  소리나는 스 토리 뉴스 [헉스]     너 그거 아니  [두유노우]  날로먹고 구워먹는 금융이슈 [파인애플]     모 아 모아 [모아시스]  저작권자   파이낸셜뉴스  무단 전재 재배포 금지,2021-04-28,2.15,0.0
298,298,탈원전 혹독한 구조조정 두산중공업 흑자전환,2021.04.27 17:16,두산인프라코어 밥캣 등 자회사 실적 급등 힘입어 분기만에 순이익 흑자로 재무 개선 친환경 전환 성과 자체사업도  분기만에 흑자 주 두산 영업이익   껑충 본업인 발전플랜트 부문에서 고전해 온 데다 막대한 차입금에 따른 금융비용까지 겹쳐 신음하던 두산중공업이 부활하고 있다  최근  년 새 자구계획안을 신속히 이행하며 재무구조가 개선되는 한편 풍력 수력을 비롯한 신재생에너지 시장에서 새로운 돌파구를 찾아 나선 덕분이다 일 두산중공업은 올해  분기 연결기준 매출  영업이익  분기순이익이 각각  조 억원   억원   억원을 기록했다고 잠정 실적을 공시했다  두산중공업 분기순이익이 흑자를 기록한 것은  년  분기  억원 흑자 이후  분기 만에 처음이다  두산중공업이 장기간 적자 수렁에서 벗어난 것은 자회사인 두산인프라코어  두산밥캣 등이 글로벌 인프라스트럭처 시장의 활황으로 호실적을 낸 영향과 더불어 자체 사업 실적과 재무구조 개선 효과가 컸기 때문이다  두산중공업은 해외 자회사를 포함한 자체 사업 기준으로는 올  분기 영업이익과 분기순이익이 각각  억원과  억원을 기록했다  자체 사업 분기순이익이 흑자를 기록한 것은 무려  분기 만의 일이다 두산중공업은 지난해  월 그룹 차원에서 계열사 매각 등 자구안을 제출하며 재무구조 개선 작업을 본격화했다  같은 해  월 클럽모우CC를  억원에 매각하는 한편 같은 해  월에는  조 억원 규모의 유상증자도 결정해 그해 말에 이를 성공적으로 끝냈다 박정원 두산그룹 회장을 비롯한 오너 일가도 두산중공업 재무구조 개선을 위해 힘을 보탰다  이들은 지난해  월  억원 규모 두산퓨얼셀 보유 지분  를 두산중공업에 무상증여했다  이에 그치지 않고 두산중공업은 올해  월 자회사 두산인프라코어를 현대중공업그룹에  억원에 매각하기도 했다  두산중공업이  년 새 이룬 자구안 실행 규모만  조원에 육박한다 이 같은 재무구조 개선 작업을 통해 두산중공업은 금융비용 부담을 크게 줄일 수 있게 됐다  두산중공업은 작년 한 해만  조 억원에 달하는 금융비용을 지불해 금융손익 부문에서  억원 순손실을 기록한 바 있다  이는 지난해 두산중공업 영업이익  억원 대비 네 배 가까운 숫자다  이 같은 재무구조 개선에 더해 풍력 수력 등 신재생에너지 분야에서 새로운 돌파구를 모색하고 있다  두산중공업은 지난해에만 김포열병합발전소 수주액  억원  폴란드 폐자원에너지화 플랜트 억원  네팔 수력발전 억원  창원 수소액화플랜트 억원  등 신재생에너지 사업을 잇달아 수주했다 이날  주 두산은 핵심 자회사 두산중공업 실적 선전에 힘입어  분기 연결기준 매출  조 억원  영업이익  억원을 기록했다고 공시했다  매출과 영업이익은 전년 동기 대비 각각     늘어났다  특히 분기순이익은  억원을 기록하며 전년 동기  억원 적자에서 흑자로 전환하는 데 성공했다 [한우람 기자]   경제  위  매일경제  네이버에서 구독하세요  이 제품은  이렇게 만들죠  영상으로 만나요  부동산의 모든것  매부리TV 가 펼칩니다 [  매일경제   mk co kr  무단전재 및 재배포 금지],2021-04-28,2.15,0.0
299,299,두산중공업   분기 영업이익  억원 순이익  흑자전환 ,2021.04.27 17:18,두산중공업 자체 실적도 대폭 개선  당기순이익  분기만에 흑자 전환  경기도 성남시 분당구에 위치한 분당두산타워 전경 두산그룹 제공 [파이낸셜뉴스] 두산중공업이 올해  분기 실적 턴어라운드에 성공했다 두산중공업은  일 올해 연결 기준 올해  분기 영업이익이  억원으로 지난해 동기보다   증가한 것으로 잠정 집계됐다고  일 공시했다  같은 기간 매출은  조 억원으로   증가했고  순이익은  억원으로 흑자로 돌아섰다 두산중공업 자체 실적 해외 자회사 포함 도 크게 개선됐다  우선 영업이익은 지난해 동기대비  억원 증가한  억원을 기록하며 흑자전환 했고  두산밥캣 주가수익스와프 PRS  평가이익 등의 영향으로 당기순이익도 전년동기 대비  억원 늘어난  억원을 기록하며  분기만에 흑자 전환에 성공했다 매출은 일부 대형 EPC 설계 조달 시공  프로젝트가 종료 단계에 진입하고 해외 건설 현장에서의 코로나  영향 등으로 소폭 감소했다 특히 두산중공업의 일감 확보 지표라 할 수 있는 수주는  전년 동기 대비   늘어난  조 억원을 달성했으며  수주 잔고도   증가해  조 억원을 기록했다   년 개월치 일감을 확보한 셈이다  주요 실적은 사우디아라비아 얀부 Yanbu  해수담수화플랜트 등이다 두산중공업은 지금의 상승세를 이어 올해는 전년보다   이상 증가한 약  조 억원을 수주 목표로 세웠다  이미  분기에  조 억원을 수주했고  수주가 확실시 되는 프로젝트도 약  조 억원에 달한다  그 밖에 매년 발생하는 서비스 기자재 사업 수주가 약  조 억원에 이르고  수주가 가시화 되는 여러 프로젝트도 있어 올해 목표 달성이 가능할 것으로 전망하고 있다 두산중공업은 해상풍력  가스터빈  수소  차세대 원전 등 친환경 에너지 사업을 성장사업으로 적극 육성하고 있다   년까지  대 성장사업의 수주 비중을 전체 대비   이상으로 확대해 청정에너지 중심의 사업포트폴리오 전환을 가속화 할 계획이다 한편 두산중공업은 지난 해부터 지속적인 재무구조개선 노력을 해 오고 있다  고정비 축소 노력  자산매각  유상증자 등을 통해 부채를 감축하는 한편 두산퓨얼셀 지분 수증 및 현물 출자를 받으며 자본을 확충했다  올해 두산인프라코어 지분 매각이 완료되면 추가적인 부채 감소가 예상된다 mjk fnnews com 김미정 기자  헉  소리나는 스 토리 뉴스 [헉스]     너 그거 아니  [두유노우]  날로먹고 구워먹는 금융이슈 [파인애플]     모 아 모아 [모아시스]  저작권자   파이낸셜뉴스  무단 전재 재배포 금지,2021-04-28,2.15,0.0
300,300,두산중공업   분기 영업이익  억원 순이익  흑자전환 ,2021.04.27 17:18,두산중공업 자체 실적도 대폭 개선  당기순이익  분기만에 흑자 전환  경기도 성남시 분당구에 위치한 분당두산타워 전경 두산그룹 제공 [파이낸셜뉴스] 두산중공업이 올해  분기 실적 턴어라운드에 성공했다 두산중공업은  일 올해 연결 기준 올해  분기 영업이익이  억원으로 지난해 동기보다   증가한 것으로 잠정 집계됐다고  일 공시했다  같은 기간 매출은  조 억원으로   증가했고  순이익은  억원으로 흑자로 돌아섰다 두산중공업 자체 실적 해외 자회사 포함 도 크게 개선됐다  우선 영업이익은 지난해 동기대비  억원 증가한  억원을 기록하며 흑자전환 했고  두산밥캣 주가수익스와프 PRS  평가이익 등의 영향으로 당기순이익도 전년동기 대비  억원 늘어난  억원을 기록하며  분기만에 흑자 전환에 성공했다 매출은 일부 대형 EPC 설계 조달 시공  프로젝트가 종료 단계에 진입하고 해외 건설 현장에서의 코로나  영향 등으로 소폭 감소했다 특히 두산중공업의 일감 확보 지표라 할 수 있는 수주는  전년 동기 대비   늘어난  조 억원을 달성했으며  수주 잔고도   증가해  조 억원을 기록했다   년 개월치 일감을 확보한 셈이다  주요 실적은 사우디아라비아 얀부 Yanbu  해수담수화플랜트 등이다 두산중공업은 지금의 상승세를 이어 올해는 전년보다   이상 증가한 약  조 억원을 수주 목표로 세웠다  이미  분기에  조 억원을 수주했고  수주가 확실시 되는 프로젝트도 약  조 억원에 달한다  그 밖에 매년 발생하는 서비스 기자재 사업 수주가 약  조 억원에 이르고  수주가 가시화 되는 여러 프로젝트도 있어 올해 목표 달성이 가능할 것으로 전망하고 있다 두산중공업은 해상풍력  가스터빈  수소  차세대 원전 등 친환경 에너지 사업을 성장사업으로 적극 육성하고 있다   년까지  대 성장사업의 수주 비중을 전체 대비   이상으로 확대해 청정에너지 중심의 사업포트폴리오 전환을 가속화 할 계획이다 한편 두산중공업은 지난 해부터 지속적인 재무구조개선 노력을 해 오고 있다  고정비 축소 노력  자산매각  유상증자 등을 통해 부채를 감축하는 한편 두산퓨얼셀 지분 수증 및 현물 출자를 받으며 자본을 확충했다  올해 두산인프라코어 지분 매각이 완료되면 추가적인 부채 감소가 예상된다 mjk fnnews com 김미정 기자  헉  소리나는 스 토리 뉴스 [헉스]     너 그거 아니  [두유노우]  날로먹고 구워먹는 금융이슈 [파인애플]     모 아 모아 [모아시스]  저작권자   파이낸셜뉴스  무단 전재 재배포 금지,2021-04-28,2.15,0.0
301,301,두산중공업   분기 실적 턴어라운드 흑자 전환,2021.04.27 17:19,재무연결기준 영업이익  억원  당기순이익  억원 두산중공업 자체 실적도 대폭 개선  당기순이익  분기만에 흑자 전환 두산중공업이 실적 턴어라운드에 성공했다  두산중공업은  일   년  분기 실적을 공시하며 재무연결 기준 매출  조 억원  영업이익  억원  당기순이익  억원을 기록했다고 밝혔다  매출은 전년 동기대비 소폭 상승했고  영업이익과 순이익은 각각  억원   억원씩 크게 증가했다 두산중공업 자체 실적 해외 자회사 포함 도 크게 개선됐다  우선 영업이익은 지난해 동기대비  억원 증가한  억원을 기록하며 흑자전환 했고  두산밥캣 PRS 평가이익 등의 영향으로 당기순이익도 전년 동기 대비  억원 늘어난  억원을 기록하며  분기만에 흑자 전환에 성공했다  매출은 일부 대형 EPC 프로젝트가 종료 단계에 진입하고 해외 건설 현장에서의 코로나  영향 등으로 소폭 감소했다 특히 두산중공업의 일감 확보 지표라 할 수 있는 수주는 전년 동기 대비   늘어난  조 억원을 달성했으며  수주 잔고도   증가해  조 억원을 기록했다  이는  년치 일감을 확보한 셈이다  주요 실적은 사우디아라비아 얀부 해수담수화플랜트 등이다 두산중공업은 지금의 상승세를 이어 올해는 전년보다   이상 증가한 약  조 억원을 수주 목표로 세웠다  이미  분기에  조 억원을 수주했고  수주가 확실시 되는 프로젝트도 약  조 억원에 달한다  그 밖에 매년 발생하는 서비스 기자재 사업 수주가 약  조 억원에 이르고  수주가 가시화 되는 여러 프로젝트도 있어 올해 목표 달성이 가능할 것으로 전망하고 있다 두산중공업은 해상풍력  가스터빈  수소  차세대 원전 등 친환경 에너지 사업을 성장사업으로 적극 육성하고 있다   년까지  대 성장사업의 수주 비중을 전체 대비   이상으로 확대해 청정에너지 중심의 사업포트폴리오 전환을 가속화 할 계획이다  조세일보 홈페이지  조세일보 네이버 뉴스스탠드 구독 종합 경제 김상우 swkim joseilbo com 저작권자   조세일보 http www joseilbo com  무단전재 및 재배포 금지,2021-04-28,2.15,0.0
302,302,두산중공업   분기 실적 턴어라운드 흑자 전환,2021.04.27 17:19,재무연결기준 영업이익  억원  당기순이익  억원 두산중공업 자체 실적도 대폭 개선  당기순이익  분기만에 흑자 전환 두산중공업이 실적 턴어라운드에 성공했다  두산중공업은  일   년  분기 실적을 공시하며 재무연결 기준 매출  조 억원  영업이익  억원  당기순이익  억원을 기록했다고 밝혔다  매출은 전년 동기대비 소폭 상승했고  영업이익과 순이익은 각각  억원   억원씩 크게 증가했다 두산중공업 자체 실적 해외 자회사 포함 도 크게 개선됐다  우선 영업이익은 지난해 동기대비  억원 증가한  억원을 기록하며 흑자전환 했고  두산밥캣 PRS 평가이익 등의 영향으로 당기순이익도 전년 동기 대비  억원 늘어난  억원을 기록하며  분기만에 흑자 전환에 성공했다  매출은 일부 대형 EPC 프로젝트가 종료 단계에 진입하고 해외 건설 현장에서의 코로나  영향 등으로 소폭 감소했다 특히 두산중공업의 일감 확보 지표라 할 수 있는 수주는 전년 동기 대비   늘어난  조 억원을 달성했으며  수주 잔고도   증가해  조 억원을 기록했다  이는  년치 일감을 확보한 셈이다  주요 실적은 사우디아라비아 얀부 해수담수화플랜트 등이다 두산중공업은 지금의 상승세를 이어 올해는 전년보다   이상 증가한 약  조 억원을 수주 목표로 세웠다  이미  분기에  조 억원을 수주했고  수주가 확실시 되는 프로젝트도 약  조 억원에 달한다  그 밖에 매년 발생하는 서비스 기자재 사업 수주가 약  조 억원에 이르고  수주가 가시화 되는 여러 프로젝트도 있어 올해 목표 달성이 가능할 것으로 전망하고 있다 두산중공업은 해상풍력  가스터빈  수소  차세대 원전 등 친환경 에너지 사업을 성장사업으로 적극 육성하고 있다   년까지  대 성장사업의 수주 비중을 전체 대비   이상으로 확대해 청정에너지 중심의 사업포트폴리오 전환을 가속화 할 계획이다  조세일보 홈페이지  조세일보 네이버 뉴스스탠드 구독 종합 경제 김상우 swkim joseilbo com 저작권자   조세일보 http www joseilbo com  무단전재 및 재배포 금지,2021-04-28,2.15,0.0
303,303,두산중공업   분기 영업익  억 전년비    ,2021.04.27 17:22,[헤럴드경제 증권부] 두산중공업은  분기 연결기준 영업이익이  억 만원으로 전년동기대비   증가했다고  일 공시했다 같은 기간 매출액은  조 억 만원으로   늘어난 것으로 잠정 집계됐다 당기순이익은  억 만원으로 흑자전환했다 jiyoon heraldcorp com 환경적 대화기구  헤럴드에코 밀리터리 전문 콘텐츠  헤밀 헤럴드경제 네이버 채널 구독  Copyrights   헤럴드경제   heraldbiz com  무단 전재 및 재배포 금지  ,2021-04-28,2.15,0.0
304,304,두산중공업   분기 만에 순이익 흑자 자구안 이행  파란불 종합 ,2021.04.27 17:23, 분기 영업익  배 순익 흑자로 실적 발판  수주도  조원 확보 자구안 재조정 앞둔 그룹에도 긍정적[이데일리 경계영 기자] 지난해 유동성 위기에 놓였던 두산중공업이 반전에 성공했다  올해  분기 당기순이익이  분기 만에 흑자로 돌아섰을 뿐 아니라 수주 잔고도 든든하게 채우며 향후 안정적 성장을 예고했다  그룹 차원의 자구안 이행에도  파란불 이 켜졌다는 분석이다 외형 성장 주춤했지만 이익  흑자 두산중공업 은  분기 연결 기준 영업이익이  억원으로 전년 동기 대비   증가했다고  일 공시했다  같은 기간 매출액은   증가한  조 억원  당기순이익은 흑자 전환한  억원으로 각각 잠정 집계됐다 영업이익은 지난해  분기 이후  분기 만에  당기순이익은  년  분기 이후  분기 만에 각각 흑자로 돌아섰다  당기순이익은 이자수지와 외환 관련 손실이 있었지만 영업이익이 흑자를 보인 데다 두산밥캣 RPS 평가이익 등이 반영되면서 큰 폭으로 개선됐다 연결 기준  단위 억원  자료 두산중공업 두산중공업의 별도 실적에 해외 자회사를 포함한 자체 실적을 봐도 개선세가 뚜렷했다  영업이익이  억원  당기순이익이  억원으로 전년 동기 대비 각각 흑자 전환했다 더 긍정적 대목은 수주다  향후 실적으로 연결되는 수주는  분기에만 사우디아라비아 얀부 Yanbu  해수담수화 플랜트 등  조 억원으로 전년 동기 대비   증가했다   분기 말 수주잔고는  조 억원으로 지난해 말보다   증가하며  년치 일감을 확보했다 두산중공업은 올해 수주 목표치로  조 억원을 제시했다  이는 지난해보다   이상 늘어난 수준이다  이미  분기에  조 억원을 수주한 데다 수주가 확실시되는 프로젝트만 괌 복합화력  네팔 수력발전 등  조 억원가량이고 매년 발생하는 서비스 기자재 사업 수주가  조 억원 등이어서 충분히 달성 가능하다고 두산중공업은 자신했다  이와 관련 올해 자체 관리연결 기준 매출액과 영업이익 전망치는 각각  조 억원   억원으로 제시됐다 두산중공업의 올해 수주 계획  자료 두산중공업 두산그룹 자구안 이행에도  숨통 이번 두산중공업 실적이 큰 폭으로 개선된 데 따라 지난해 어려움에 빠졌던 그룹 상황에도 숨통이 트일 전망이다  채권단은 조만간 두산그룹과 자구안을 리뷰한 후 자구안을 재조정할 전망이다 앞서 두산그룹은 지난해 두산중공업에서 촉발된 유동성 위기로 자산 매각 등  조 억원 규모의 자구안을 마련 이행했으며  조원 안팎을 채권단에 상환한 것으로 보인다  두산중공업도 구조조정과 클럽모우 매각으로 부채를 감축하는 동시에 두산퓨얼셀 지분을 수증 받고 유상증자를 실시하는 등 자본을 확충했다  연내 두산인프라코어 지분 매각까지 마치면 부채가 추가로 줄어들 전망이다  연결 기준 부채비율이  분기 말  로 지난해 말보다  포인트 높아지긴 했지만 순차입금은 지난해 말  조 억원에서  분기 말  조 억원으로 줄었다 자구안으로 위기를 넘긴 두산중공업은 해상풍력과 가스터빈  수소  차세대 원전 등 친환경 에너지를 신성장동력으로 점찍고 사업 포트폴리오를 재편했다   년까지  대 성장사업의 수주 비중을 전체   이상으로 확대해 청정 에너지를 중심으로 성장세를 가속화하겠다는 방침이다 경계영  kyung edaily co kr   시간 빠른  미리보는 뉴스  eNews  네이버에서  이데일리 뉴스 를 만나보세요  빡침해소  청춘뉘우스  스냅타임 종합 경제정보 미디어 이데일리   무단전재   재배포 금지 ,2021-04-28,2.15,0.0
305,305,두산중공업   분기 만에 순이익 흑자 자구안 이행  파란불 종합 ,2021.04.27 17:23, 분기 영업익  배 순익 흑자로 실적 발판  수주도  조원 확보 자구안 재조정 앞둔 그룹에도 긍정적[이데일리 경계영 기자] 지난해 유동성 위기에 놓였던 두산중공업이 반전에 성공했다  올해  분기 당기순이익이  분기 만에 흑자로 돌아섰을 뿐 아니라 수주 잔고도 든든하게 채우며 향후 안정적 성장을 예고했다  그룹 차원의 자구안 이행에도  파란불 이 켜졌다는 분석이다 외형 성장 주춤했지만 이익  흑자 두산중공업 은  분기 연결 기준 영업이익이  억원으로 전년 동기 대비   증가했다고  일 공시했다  같은 기간 매출액은   증가한  조 억원  당기순이익은 흑자 전환한  억원으로 각각 잠정 집계됐다 영업이익은 지난해  분기 이후  분기 만에  당기순이익은  년  분기 이후  분기 만에 각각 흑자로 돌아섰다  당기순이익은 이자수지와 외환 관련 손실이 있었지만 영업이익이 흑자를 보인 데다 두산밥캣 RPS 평가이익 등이 반영되면서 큰 폭으로 개선됐다 연결 기준  단위 억원  자료 두산중공업 두산중공업의 별도 실적에 해외 자회사를 포함한 자체 실적을 봐도 개선세가 뚜렷했다  영업이익이  억원  당기순이익이  억원으로 전년 동기 대비 각각 흑자 전환했다 더 긍정적 대목은 수주다  향후 실적으로 연결되는 수주는  분기에만 사우디아라비아 얀부 Yanbu  해수담수화 플랜트 등  조 억원으로 전년 동기 대비   증가했다   분기 말 수주잔고는  조 억원으로 지난해 말보다   증가하며  년치 일감을 확보했다 두산중공업은 올해 수주 목표치로  조 억원을 제시했다  이는 지난해보다   이상 늘어난 수준이다  이미  분기에  조 억원을 수주한 데다 수주가 확실시되는 프로젝트만 괌 복합화력  네팔 수력발전 등  조 억원가량이고 매년 발생하는 서비스 기자재 사업 수주가  조 억원 등이어서 충분히 달성 가능하다고 두산중공업은 자신했다  이와 관련 올해 자체 관리연결 기준 매출액과 영업이익 전망치는 각각  조 억원   억원으로 제시됐다 두산중공업의 올해 수주 계획  자료 두산중공업 두산그룹 자구안 이행에도  숨통 이번 두산중공업 실적이 큰 폭으로 개선된 데 따라 지난해 어려움에 빠졌던 그룹 상황에도 숨통이 트일 전망이다  채권단은 조만간 두산그룹과 자구안을 리뷰한 후 자구안을 재조정할 전망이다 앞서 두산그룹은 지난해 두산중공업에서 촉발된 유동성 위기로 자산 매각 등  조 억원 규모의 자구안을 마련 이행했으며  조원 안팎을 채권단에 상환한 것으로 보인다  두산중공업도 구조조정과 클럽모우 매각으로 부채를 감축하는 동시에 두산퓨얼셀 지분을 수증 받고 유상증자를 실시하는 등 자본을 확충했다  연내 두산인프라코어 지분 매각까지 마치면 부채가 추가로 줄어들 전망이다  연결 기준 부채비율이  분기 말  로 지난해 말보다  포인트 높아지긴 했지만 순차입금은 지난해 말  조 억원에서  분기 말  조 억원으로 줄었다 자구안으로 위기를 넘긴 두산중공업은 해상풍력과 가스터빈  수소  차세대 원전 등 친환경 에너지를 신성장동력으로 점찍고 사업 포트폴리오를 재편했다   년까지  대 성장사업의 수주 비중을 전체   이상으로 확대해 청정 에너지를 중심으로 성장세를 가속화하겠다는 방침이다 경계영  kyung edaily co kr   시간 빠른  미리보는 뉴스  eNews  네이버에서  이데일리 뉴스 를 만나보세요  빡침해소  청춘뉘우스  스냅타임 종합 경제정보 미디어 이데일리   무단전재   재배포 금지 ,2021-04-28,2.15,0.0
306,306,두산중공업   월  일 임시주주총회 개최,2021.04.28 17:11,[이데일리 김호준 기자] 두산중공업 은 오는  월  일 오전  시 경기도 성남시 분당구 분당두산타워에서 임시주주총회를 개최한다고  일 공시했다  부의 안건은 두산인프라코어 분할합병 승인 건이다 김호준  kazzyy edaily co kr   시간 빠른  미리보는 뉴스  eNews  네이버에서  이데일리 뉴스 를 만나보세요  빡침해소  청춘뉘우스  스냅타임 종합 경제정보 미디어 이데일리   무단전재   재배포 금지 ,2021-04-29,-0.7,0.0
307,307,두산중공업   월  일 임시주주총회 개최,2021.04.28 17:11,[이데일리 김호준 기자] 두산중공업 은 오는  월  일 오전  시 경기도 성남시 분당구 분당두산타워에서 임시주주총회를 개최한다고  일 공시했다  부의 안건은 두산인프라코어 분할합병 승인 건이다 김호준  kazzyy edaily co kr   시간 빠른  미리보는 뉴스  eNews  네이버에서  이데일리 뉴스 를 만나보세요  빡침해소  청춘뉘우스  스냅타임 종합 경제정보 미디어 이데일리   무단전재   재배포 금지 ,2021-04-29,-0.7,0.0
308,308,두산중공업   두산밥캣 주가 상승 에 베팅했더니 억,2021.04.29 11:21,[워치전망대 어닝인사이드] 두산중공업   분기 만에 순익 흑자전환 두산밥캣 주가 연동 파생상품 평가이익두산그룹이 고강도 재무구조 개선계획 자구안 을 추진하면서도 끝까지 지킨 두산밥캣이 그룹을 위기에서 건져내고 있다  지난  분기 두산밥캣이  년 만에 최대 실적을 내며 그룹 실적을 견인한 것이다  여기에  년 옵션계약을 걸고 매각한 두산밥캣 일부 지분에 대해  억원대 평가이익 등이 반영되면서 두산중공업은  개 분기 만에 흑자전환에 성공했다 그래픽 김용민 기자 kym  두산중공업  두산밥캣 주가 상승에 베팅 지난  분기 두산중공업 자체 실적 해외 자회사 포함 을 보면  당기순이익은  억원으로 전년동기대비 흑자전환했다  이는  개 분기 만에 흑자전환이다  흑자전환의 비결은 두산중공업 경영이 정상화한 덕분이다  지난  분기 두산중공업은  조 억원의 수주를 따냈고  영업이익은   억원으로 흑자전환했다  신규 수주에 따른 선수금이 이익에 반영된 것이다 여기에 두산밥캣의 파생상품계약 Price return swap  PRS  평가이익  억원이 영업외손익으로 반영되면서 당기순이익도 급증했다   PRS는  년 두산중공업이 보유 중인 두산밥캣 지분  를 금융사에 매각할 때 맺은 계약이다  당시 두산중공업은 주당  만 원  총  억원에 두산밥캣 주식을 팔았는데  만 원을 기준가로 PRS를 체결했다  향후 기준가보다 두산밥캣 주가가 오르면 상승분을 금융사가 두산중공업에 주기로 했다  반대의 경우 주가가 내린 만큼을 두산중공업이 금융사에 지급하는 조건이다  두산중공업은 두산밥캣 주가가 오르는 것에  금융사는 두산밥캣 주가가 내리는 것에 베팅한 셈이다 지난  일 두산밥캣은  만 원에 거래를 마감했다  PRS 기준가보다   비싸게 거래되고 있는 것이다  이 기준으로 PRS 계약이 마감되면 두산중공업은 금융사로부터  억원을 받을 수 있을 것으로 계산된다  이 같은 방식으로 두산중공업은 두산밥캣 주가를 산정해 지난  분기 두산밥캣 PRS 평가이익  억원을 영업외손익으로 반영했다   PRS 평가손익은 오르락내리락하고 있다  두산중공업은  년엔 PRS 평가손실  억원을   년엔 평가이익  억원을 각각 반영했다  두산중공업과 PRS 계약을 맺은 금융사는 NH투자증권 한국투자증권 신영증권 KB증권으로 알려졌다  PRS의 만기정산일은 지난  년  월 일로  매년 계약이  년 단위로 연장되고 있는 것으로 전해진다   밥캣의 대표적인 소형건설기계 모델 스키드 로더  Skid Steer Loader    사진   회사 홈페이지  두산밥캣 자체도 깜짝 실적 두산밥캣의 자체 실적도 기대치를 뛰어넘었다  지난  분기 영업이익은  억원으로 전년동기 대비   증가했다  영업이익률은  에 달했다  이 기간 당기순이익은  억원으로   급증했다  최근 미국 시장에서 건설 장비 수요가 급증한 덕분이다   두산밥캣은 두산그룹의 뼈를 깎는 구조조정 과정에서도 살아남는 몇 안 되는 계열사로  그룹 입장에선 두산밥캣의 호실적이 반가울 수밖에 없다 지난해 두산은 채권단으로부터  조원을 지원받는 대가로 자구안을 추진하면서 두산타워  네오플럭스  모트롤  두산솔루스 등을 팔았다  현재 두산중공업은 두산인프라코어를 현대중공업지주 컨소시엄에 매각하는 작업을 진행중인데  두산인프라코어가 보유한 두산밥캣 지분  는 그룹 내에 남겨두기로 했다  끝까지 남은 두산밥캣이 스스로 존재 가치를 입증한 셈이다 향후 두산인프라코어 매각이 완료되면 지배구조는  두산 두산중공업 두산밥캣 두산퓨엘셀 로 정리될 것으로 보인다  이번 자구안이 두산중공업을 살리기 위한 조치인 점을 감안하면 두산그룹에 마지막까지 남은 계열사는 두산밥캣과 두산퓨엘셀 정도인 셈이다  지난달  두산은 지게차 사업부 산업차량BG 를 두산밥캣에  억원에 매각하기도 했다  그룹 내 건설기계사업을 두산밥캣에 몰아 준 것이다 안준형  why bizwatch co kr 워치플레이  재테크 꿀팁 편  동학개미 지식창고  줍줍 네이버에서  비즈워치  구독 비즈니스워치의 소중한 저작물입니다  무단전재와 재배포를 금합니다 ,2021-04-29,-0.7,0.0
309,309,두산중공업   두산밥캣 주가 상승 에 베팅했더니 억,2021.04.29 11:21,[워치전망대 어닝인사이드] 두산중공업   분기 만에 순익 흑자전환 두산밥캣 주가 연동 파생상품 평가이익두산그룹이 고강도 재무구조 개선계획 자구안 을 추진하면서도 끝까지 지킨 두산밥캣이 그룹을 위기에서 건져내고 있다  지난  분기 두산밥캣이  년 만에 최대 실적을 내며 그룹 실적을 견인한 것이다  여기에  년 옵션계약을 걸고 매각한 두산밥캣 일부 지분에 대해  억원대 평가이익 등이 반영되면서 두산중공업은  개 분기 만에 흑자전환에 성공했다 그래픽 김용민 기자 kym  두산중공업  두산밥캣 주가 상승에 베팅 지난  분기 두산중공업 자체 실적 해외 자회사 포함 을 보면  당기순이익은  억원으로 전년동기대비 흑자전환했다  이는  개 분기 만에 흑자전환이다  흑자전환의 비결은 두산중공업 경영이 정상화한 덕분이다  지난  분기 두산중공업은  조 억원의 수주를 따냈고  영업이익은   억원으로 흑자전환했다  신규 수주에 따른 선수금이 이익에 반영된 것이다 여기에 두산밥캣의 파생상품계약 Price return swap  PRS  평가이익  억원이 영업외손익으로 반영되면서 당기순이익도 급증했다   PRS는  년 두산중공업이 보유 중인 두산밥캣 지분  를 금융사에 매각할 때 맺은 계약이다  당시 두산중공업은 주당  만 원  총  억원에 두산밥캣 주식을 팔았는데  만 원을 기준가로 PRS를 체결했다  향후 기준가보다 두산밥캣 주가가 오르면 상승분을 금융사가 두산중공업에 주기로 했다  반대의 경우 주가가 내린 만큼을 두산중공업이 금융사에 지급하는 조건이다  두산중공업은 두산밥캣 주가가 오르는 것에  금융사는 두산밥캣 주가가 내리는 것에 베팅한 셈이다 지난  일 두산밥캣은  만 원에 거래를 마감했다  PRS 기준가보다   비싸게 거래되고 있는 것이다  이 기준으로 PRS 계약이 마감되면 두산중공업은 금융사로부터  억원을 받을 수 있을 것으로 계산된다  이 같은 방식으로 두산중공업은 두산밥캣 주가를 산정해 지난  분기 두산밥캣 PRS 평가이익  억원을 영업외손익으로 반영했다   PRS 평가손익은 오르락내리락하고 있다  두산중공업은  년엔 PRS 평가손실  억원을   년엔 평가이익  억원을 각각 반영했다  두산중공업과 PRS 계약을 맺은 금융사는 NH투자증권 한국투자증권 신영증권 KB증권으로 알려졌다  PRS의 만기정산일은 지난  년  월 일로  매년 계약이  년 단위로 연장되고 있는 것으로 전해진다   밥캣의 대표적인 소형건설기계 모델 스키드 로더  Skid Steer Loader    사진   회사 홈페이지  두산밥캣 자체도 깜짝 실적 두산밥캣의 자체 실적도 기대치를 뛰어넘었다  지난  분기 영업이익은  억원으로 전년동기 대비   증가했다  영업이익률은  에 달했다  이 기간 당기순이익은  억원으로   급증했다  최근 미국 시장에서 건설 장비 수요가 급증한 덕분이다   두산밥캣은 두산그룹의 뼈를 깎는 구조조정 과정에서도 살아남는 몇 안 되는 계열사로  그룹 입장에선 두산밥캣의 호실적이 반가울 수밖에 없다 지난해 두산은 채권단으로부터  조원을 지원받는 대가로 자구안을 추진하면서 두산타워  네오플럭스  모트롤  두산솔루스 등을 팔았다  현재 두산중공업은 두산인프라코어를 현대중공업지주 컨소시엄에 매각하는 작업을 진행중인데  두산인프라코어가 보유한 두산밥캣 지분  는 그룹 내에 남겨두기로 했다  끝까지 남은 두산밥캣이 스스로 존재 가치를 입증한 셈이다 향후 두산인프라코어 매각이 완료되면 지배구조는  두산 두산중공업 두산밥캣 두산퓨엘셀 로 정리될 것으로 보인다  이번 자구안이 두산중공업을 살리기 위한 조치인 점을 감안하면 두산그룹에 마지막까지 남은 계열사는 두산밥캣과 두산퓨엘셀 정도인 셈이다  지난달  두산은 지게차 사업부 산업차량BG 를 두산밥캣에  억원에 매각하기도 했다  그룹 내 건설기계사업을 두산밥캣에 몰아 준 것이다 안준형  why bizwatch co kr 워치플레이  재테크 꿀팁 편  동학개미 지식창고  줍줍 네이버에서  비즈워치  구독 비즈니스워치의 소중한 저작물입니다  무단전재와 재배포를 금합니다 ,2021-04-29,-0.7,0.0
310,310,두산중공업  수소사업 포트폴리오 다각화 속도 높인다,2021.05.03 08:59,[파이낸셜뉴스] 두산중공업은 블루수소  그린수소 등  청정수소 생산 에 속도를 내고 있다 년 완공을 목표로 창원 공장에 건설중인 수소액화플랜트에서는 블루수소를 생산  활용할 예정이라고  일 밝혔다  블루수소는 수소 추출 때 발생하는 탄소를 포집 저장함으로써 탄소 배출을 최대한 줄인 공정을 통해 생산된 수소를 말한다  두산중공업은 고효율 이산화탄소 포집 활용 저장 CCUS  기술을 적용해 블루수소를 생산할 예정이다 풍력 발전을 이용한 그린수소 생산도 제주도에서 차질없이 진행중이다  이와 함께 차세대 원전인 SMR  Small Modular Reactor 을 활용한 청정수소 생산도 검토중이다  풍력  태양광 등 재생에너지와 원자력 발전은 전력 생산 시 탄소 배출이 없어 청정수소 생산을 위한 전력 공급원으로 국내외에서 주목받고 있다 세계  번째로 발전용 대형 가스터빈 개발에 성공한 두산중공업은 수소가스터빈 개발 쪽으로도 사업 영역을 확장하고 있다  수소가스터빈은 수소만 사용하거나  수소와 천연가스 혼합 연료를 사용한다  이를 위해 작년  월부터 독자기술로  MW급 수소가스터빈용 수소 전소 연소기 개발을 진행중이며 이와 병행해 한국기계연구원과는  MW급 수소가스터빈용 수소 혼소 연소기를 개발하고 있다 두산중공업은 자회사인 두산메카텍을 통해서도 수소 기자재 사업을 확장하고 있다  두산메카텍은 지난  년  매립지  발전소  석유화학 플랜트 등에서 발생되는 온실가스를 활용한 수소 생산 기술을 보유한 미국 리카본 ReCarbon 사에 지분을 투자해 기술 확보에 나섰다  두산메카텍은 사업 속도를 높이기 위해 올해초 탄소자원화 및 수소사업을 전담하는 HPE Hydrogen Process Equipment  사업을 신설했다  또한  과학기술정보통신부가 주관하는 당진화력발전소 탄소자원화 국책과제에 참여해 가스분리공급기 제작을 완료하고 공급을 앞두고 있다 또한 두산중공업은 수소의 저변 확대를 앞두고 수소 충전용 저장용기 개발을 마치고 본격적인 사업화를 준비하고 있다 정부는 수소경제로드맵을 통해  년  GW 규모의 수소발전 설비 용량을 확보하겠다는 목표를 밝히면서  년 약  만톤   년 약  만톤으로 수소 수요가 증가할 것으로 전망했다  이 가운데 그레이 수소로 분류되는 추출수소는  년    년  로 줄어드는데 반해 청정수소 수요는  년 약  만톤   년에는 약  만톤으로 지속적으로 증가할 것으로 예상된다  두산중공업 관계자는  수소 수요 확대에 발맞춰 기존 사업 역량과 접목되는 다양한 방식의 수소 생산  기자재 제작 공급을 통해 국내 수소 시장을 선점할 것 이라고 말했다 pja fnnews com 박지애 기자  헉  소리나는 스 토리 뉴스 [헉스]     너 그거 아니  [두유노우]  날로먹고 구워먹는 금융이슈 [파인애플]     모 아 모아 [모아시스]  저작권자   파이낸셜뉴스  무단 전재 재배포 금지,2021-05-03,-8.24,-1.0
311,311,두산중공업  수소사업 포트폴리오 다각화 속도 높인다,2021.05.03 08:59,[파이낸셜뉴스] 두산중공업은 블루수소  그린수소 등  청정수소 생산 에 속도를 내고 있다 년 완공을 목표로 창원 공장에 건설중인 수소액화플랜트에서는 블루수소를 생산  활용할 예정이라고  일 밝혔다  블루수소는 수소 추출 때 발생하는 탄소를 포집 저장함으로써 탄소 배출을 최대한 줄인 공정을 통해 생산된 수소를 말한다  두산중공업은 고효율 이산화탄소 포집 활용 저장 CCUS  기술을 적용해 블루수소를 생산할 예정이다 풍력 발전을 이용한 그린수소 생산도 제주도에서 차질없이 진행중이다  이와 함께 차세대 원전인 SMR  Small Modular Reactor 을 활용한 청정수소 생산도 검토중이다  풍력  태양광 등 재생에너지와 원자력 발전은 전력 생산 시 탄소 배출이 없어 청정수소 생산을 위한 전력 공급원으로 국내외에서 주목받고 있다 세계  번째로 발전용 대형 가스터빈 개발에 성공한 두산중공업은 수소가스터빈 개발 쪽으로도 사업 영역을 확장하고 있다  수소가스터빈은 수소만 사용하거나  수소와 천연가스 혼합 연료를 사용한다  이를 위해 작년  월부터 독자기술로  MW급 수소가스터빈용 수소 전소 연소기 개발을 진행중이며 이와 병행해 한국기계연구원과는  MW급 수소가스터빈용 수소 혼소 연소기를 개발하고 있다 두산중공업은 자회사인 두산메카텍을 통해서도 수소 기자재 사업을 확장하고 있다  두산메카텍은 지난  년  매립지  발전소  석유화학 플랜트 등에서 발생되는 온실가스를 활용한 수소 생산 기술을 보유한 미국 리카본 ReCarbon 사에 지분을 투자해 기술 확보에 나섰다  두산메카텍은 사업 속도를 높이기 위해 올해초 탄소자원화 및 수소사업을 전담하는 HPE Hydrogen Process Equipment  사업을 신설했다  또한  과학기술정보통신부가 주관하는 당진화력발전소 탄소자원화 국책과제에 참여해 가스분리공급기 제작을 완료하고 공급을 앞두고 있다 또한 두산중공업은 수소의 저변 확대를 앞두고 수소 충전용 저장용기 개발을 마치고 본격적인 사업화를 준비하고 있다 정부는 수소경제로드맵을 통해  년  GW 규모의 수소발전 설비 용량을 확보하겠다는 목표를 밝히면서  년 약  만톤   년 약  만톤으로 수소 수요가 증가할 것으로 전망했다  이 가운데 그레이 수소로 분류되는 추출수소는  년    년  로 줄어드는데 반해 청정수소 수요는  년 약  만톤   년에는 약  만톤으로 지속적으로 증가할 것으로 예상된다  두산중공업 관계자는  수소 수요 확대에 발맞춰 기존 사업 역량과 접목되는 다양한 방식의 수소 생산  기자재 제작 공급을 통해 국내 수소 시장을 선점할 것 이라고 말했다 pja fnnews com 박지애 기자  헉  소리나는 스 토리 뉴스 [헉스]     너 그거 아니  [두유노우]  날로먹고 구워먹는 금융이슈 [파인애플]     모 아 모아 [모아시스]  저작권자   파이낸셜뉴스  무단 전재 재배포 금지,2021-05-03,-8.24,-1.0
312,312,두산중공업  수소사업 포트폴리오 다각화 박차,2021.05.03 10:56,창원 수소액화플랜트서 블루수소 생산 제주 풍력발전 이용 그린수소 생산 수소 관련 기자재 사업 강화 국내 최초 해상풍력단지인 제주 탐라해상풍력[제공 두산중공업] [헤럴드경제 김성미 기자] 두산중공업이 블루수소  그린수소 등 청정수소 생산을 위한 기술력  실적 확대에 나서는 등 수소사업 다각화에 박차를 가하고 있다 두산중공업은 경남 창원에 건설하고 있는 수소액화플랜트에서 블루수소를 생산해 활용할 예정이라고  일 밝혔다  수소액화플랜트는 내년 완공 목표다 블루수소는 수소를 추출할 때 발생하는 탄소를 포집 저장함으로써 탄소 배출을 최대한 줄인 공정을 통해 생산된 수소를 말한다  두산중공업은 고효율 이산화탄소 포집 활용 저장 CCUS  기술을 적용해 블루수소를 생산할 예정이다 제주에선 풍력발전을 이용한 그린수소 생산이 진행되고 있다  그린수소는 재생에너지에서 나온 전기로 물을 전기분해해 생산하는 수전해수소로  수소와 산소만 생산되기 때문에 오염물질이 전혀 배출되지 않는다 아울러 두산중공업은 수소 관련 기자재 사업을 강화하고 있다 특히 수소가스터빈 개발로 사업영역을 확장 중이다  두산중공업은 세계에서  번째로 가스터빈 개발에 성공한 바 있다  수소가스터빈은 수소만 사용하거나  수소와 천연가스 혼합 연료를 사용한다 이를 위해 지난해  월부터 독자기술로  MW급 수소가스터빈용 수소 전소 연소기 개발을 진행 중이며 이와 병행해 한국기계연구원과는  MW급 수소가스터빈용 수소 혼소 연소기를 개발하고 있다 자회사인 두산메카텍은  년  매립지  발전소  석유화학 플랜트 등에서 발생되는 온실가스를 활용한 수소 생산 기술을 보유한 미국 리카본 ReCarbon 사에 지분을 투자해 기술 확보에 나섰다 두산메카텍은 사업 속도를 높이기 위해 올해 초 탄소자원화 및 수소사업을 전담하는 HPE Hydrogen Process Equipment  사업을 신설했다  또 과학기술정보통신부가 주관하는 당진화력발전소 탄소자원화 국책과제에 참여해 가스분리공급기 제작을 완료하고 공급을 앞두고 있다 두산중공업은 수소의 저변 확대를 대비해 수소 충전용 저장용기 개발을 마치고 사업을 본격화하고 있다 한편 정부가 수소경제로드맵을 통해  년  GW 규모의 수소발전 설비 용량을 확보하겠다는 목표를 밝히면서  년  만t   년  만t으로 수소 수요가 증가할 것으로 전망된다 이중 그레이 수소로 분류되는 추출수소는  년    년  로 줄어드는 반면 청정수소 수요는  년 약  만t   년 약  만t으로 지속적으로 증가할 것으로 예상된다 miii heraldcorp com 환경적 대화기구  헤럴드에코 밀리터리 전문 콘텐츠  헤밀 헤럴드경제 네이버 채널 구독  Copyrights   헤럴드경제   heraldbiz com  무단 전재 및 재배포 금지  ,2021-05-03,-8.24,-1.0
313,313,두산중공업  수소사업 포트폴리오 다각화 박차,2021.05.03 10:56,창원 수소액화플랜트서 블루수소 생산 제주 풍력발전 이용 그린수소 생산 수소 관련 기자재 사업 강화 국내 최초 해상풍력단지인 제주 탐라해상풍력[제공 두산중공업] [헤럴드경제 김성미 기자] 두산중공업이 블루수소  그린수소 등 청정수소 생산을 위한 기술력  실적 확대에 나서는 등 수소사업 다각화에 박차를 가하고 있다 두산중공업은 경남 창원에 건설하고 있는 수소액화플랜트에서 블루수소를 생산해 활용할 예정이라고  일 밝혔다  수소액화플랜트는 내년 완공 목표다 블루수소는 수소를 추출할 때 발생하는 탄소를 포집 저장함으로써 탄소 배출을 최대한 줄인 공정을 통해 생산된 수소를 말한다  두산중공업은 고효율 이산화탄소 포집 활용 저장 CCUS  기술을 적용해 블루수소를 생산할 예정이다 제주에선 풍력발전을 이용한 그린수소 생산이 진행되고 있다  그린수소는 재생에너지에서 나온 전기로 물을 전기분해해 생산하는 수전해수소로  수소와 산소만 생산되기 때문에 오염물질이 전혀 배출되지 않는다 아울러 두산중공업은 수소 관련 기자재 사업을 강화하고 있다 특히 수소가스터빈 개발로 사업영역을 확장 중이다  두산중공업은 세계에서  번째로 가스터빈 개발에 성공한 바 있다  수소가스터빈은 수소만 사용하거나  수소와 천연가스 혼합 연료를 사용한다 이를 위해 지난해  월부터 독자기술로  MW급 수소가스터빈용 수소 전소 연소기 개발을 진행 중이며 이와 병행해 한국기계연구원과는  MW급 수소가스터빈용 수소 혼소 연소기를 개발하고 있다 자회사인 두산메카텍은  년  매립지  발전소  석유화학 플랜트 등에서 발생되는 온실가스를 활용한 수소 생산 기술을 보유한 미국 리카본 ReCarbon 사에 지분을 투자해 기술 확보에 나섰다 두산메카텍은 사업 속도를 높이기 위해 올해 초 탄소자원화 및 수소사업을 전담하는 HPE Hydrogen Process Equipment  사업을 신설했다  또 과학기술정보통신부가 주관하는 당진화력발전소 탄소자원화 국책과제에 참여해 가스분리공급기 제작을 완료하고 공급을 앞두고 있다 두산중공업은 수소의 저변 확대를 대비해 수소 충전용 저장용기 개발을 마치고 사업을 본격화하고 있다 한편 정부가 수소경제로드맵을 통해  년  GW 규모의 수소발전 설비 용량을 확보하겠다는 목표를 밝히면서  년  만t   년  만t으로 수소 수요가 증가할 것으로 전망된다 이중 그레이 수소로 분류되는 추출수소는  년    년  로 줄어드는 반면 청정수소 수요는  년 약  만t   년 약  만t으로 지속적으로 증가할 것으로 예상된다 miii heraldcorp com 환경적 대화기구  헤럴드에코 밀리터리 전문 콘텐츠  헤밀 헤럴드경제 네이버 채널 구독  Copyrights   헤럴드경제   heraldbiz com  무단 전재 및 재배포 금지  ,2021-05-03,-8.24,-1.0
314,314,두산중공업  구조조정 마무리 청정수소 대량생산 나선다,2021.05.03 17:35,창원 제주에 생산단지 건설 수소 기자재 사업에도 진출두산중공업이 재무구조 개선 작업을 일단락짓고 수소 사업에 적극 나서고 있다  특히  청정수소  생산과 수소 기자재 사업에 잇달아 진출해 기존 주력사업인 석탄발전 원전을 뛰어넘는 미래 먹거리로 키우겠다는 구상이다 일 업계에 따르면 두산중공업은 탄소 배출 없이 수소를 생산하는 프로젝트를 동시다발적으로 진행 중이다  우선 내년 완공을 목표로 경남 창원에 수소 액화플랜트를 건설하고 있다  이 플랜트에는 이산화탄소를 포집 활용 저장하는 기술 CCUS 이 적용된다  두산중공업은 고효율의 자체 CCUS를 보유하고 있어  블루수소  생산에 유리할 것으로 판단했다 물을 전기분해한 뒤 수소만 추출하는  그린수소  생산도 추진되고 있다  제주에서 진행 중인 그린수소 프로젝트는 두산중공업의 풍력발전을 전략망으로 활용한다  여기에 차세대 원전  SMR small modular reactor 을 활용한 청정수소 생산도 검토하고 있다  풍력  태양광 등 재생에너지뿐 아니라 원자력발전을 활용해 탄소 배출이 없는 청정수소를 대량으로 생산한다는 계획이다 두산중공업은 또 수소 관련 기자재 사업을 확장하고 있다  작년  월부터 독자 기술로  급 수소가스터빈용 수소 전소 연소기를 개발 중이다  한국기계연구원과는  급 수소가스터빈용 수소 혼소 연소기를 개발하고 있다  수소뿐 아니라 천연가스도 함께 연료로 쓸 수 있어 상업성이 높다는 평가다 두산중공업 자회사 두산메카텍은 올초 탄소 자원화 및 수소 사업을 전담하는 HPE사업부를 신설하고 본격적인 사업 확장을 시작했다  이 회사는 매립지  발전소  석유화학공장 등에서 발생하는 온실가스를 활용해 수소를 추출하는 기술을 보유한 미국 리카본의 지분에 투자하면서 수소 사업에 뛰어들었다  특히 과학기술정보통신부가 주관하는 당진화력발전소 탄소 자원화 국책과제에 참여해 가스분리공급기를 제작하기도 했다 두산중공업의 수소 사업 확장은 재무구조 개선이 마무리되면서 더욱 속도를 내고 있다  두산중공업은 작년  월  조원 규모의 자구안을 채권단에 제출했다  이후 혹독한 구조조정을 거쳤다  골프장 클럽모우를 팔았고  조 억원 규모의 유상증자도 단행했다  오너 일가는 두산퓨얼셀 지분  를 무상으로 두산중공업에 넘겼다  여기에 최근  억원 규모의 두산인프라 매각까지 끝내면서 자구안은 대부분 이행됐다  그 결과 두산중공업은 올  분기  억원의 영업이익을 거두며  분기 만에 흑자로 돌아서는 성과를 거뒀다 안재광 기자  경제지 네이버 구독 첫  만  한국경제 받아보세요  한경 고품격 뉴스레터  원클릭으로 구독하세요  한국경제신문과 WSJ  모바일한경으로 보세요  한국경제   hankyung com  무단전재 및 재배포 금지,2021-05-04,-1.17,0.0
315,315,두산중공업  구조조정 마무리 청정수소 대량생산 나선다,2021.05.03 17:35,창원 제주에 생산단지 건설 수소 기자재 사업에도 진출두산중공업이 재무구조 개선 작업을 일단락짓고 수소 사업에 적극 나서고 있다  특히  청정수소  생산과 수소 기자재 사업에 잇달아 진출해 기존 주력사업인 석탄발전 원전을 뛰어넘는 미래 먹거리로 키우겠다는 구상이다 일 업계에 따르면 두산중공업은 탄소 배출 없이 수소를 생산하는 프로젝트를 동시다발적으로 진행 중이다  우선 내년 완공을 목표로 경남 창원에 수소 액화플랜트를 건설하고 있다  이 플랜트에는 이산화탄소를 포집 활용 저장하는 기술 CCUS 이 적용된다  두산중공업은 고효율의 자체 CCUS를 보유하고 있어  블루수소  생산에 유리할 것으로 판단했다 물을 전기분해한 뒤 수소만 추출하는  그린수소  생산도 추진되고 있다  제주에서 진행 중인 그린수소 프로젝트는 두산중공업의 풍력발전을 전략망으로 활용한다  여기에 차세대 원전  SMR small modular reactor 을 활용한 청정수소 생산도 검토하고 있다  풍력  태양광 등 재생에너지뿐 아니라 원자력발전을 활용해 탄소 배출이 없는 청정수소를 대량으로 생산한다는 계획이다 두산중공업은 또 수소 관련 기자재 사업을 확장하고 있다  작년  월부터 독자 기술로  급 수소가스터빈용 수소 전소 연소기를 개발 중이다  한국기계연구원과는  급 수소가스터빈용 수소 혼소 연소기를 개발하고 있다  수소뿐 아니라 천연가스도 함께 연료로 쓸 수 있어 상업성이 높다는 평가다 두산중공업 자회사 두산메카텍은 올초 탄소 자원화 및 수소 사업을 전담하는 HPE사업부를 신설하고 본격적인 사업 확장을 시작했다  이 회사는 매립지  발전소  석유화학공장 등에서 발생하는 온실가스를 활용해 수소를 추출하는 기술을 보유한 미국 리카본의 지분에 투자하면서 수소 사업에 뛰어들었다  특히 과학기술정보통신부가 주관하는 당진화력발전소 탄소 자원화 국책과제에 참여해 가스분리공급기를 제작하기도 했다 두산중공업의 수소 사업 확장은 재무구조 개선이 마무리되면서 더욱 속도를 내고 있다  두산중공업은 작년  월  조원 규모의 자구안을 채권단에 제출했다  이후 혹독한 구조조정을 거쳤다  골프장 클럽모우를 팔았고  조 억원 규모의 유상증자도 단행했다  오너 일가는 두산퓨얼셀 지분  를 무상으로 두산중공업에 넘겼다  여기에 최근  억원 규모의 두산인프라 매각까지 끝내면서 자구안은 대부분 이행됐다  그 결과 두산중공업은 올  분기  억원의 영업이익을 거두며  분기 만에 흑자로 돌아서는 성과를 거뒀다 안재광 기자  경제지 네이버 구독 첫  만  한국경제 받아보세요  한경 고품격 뉴스레터  원클릭으로 구독하세요  한국경제신문과 WSJ  모바일한경으로 보세요  한국경제   hankyung com  무단전재 및 재배포 금지,2021-05-04,-1.17,0.0
316,316,두산중공업  구조조정 마무리 청정수소 대량생산 나선다,2021.05.03 17:35,창원 제주에 생산단지 건설 수소 기자재 사업에도 진출두산중공업이 재무구조 개선 작업을 일단락짓고 수소 사업에 적극 나서고 있다  특히  청정수소  생산과 수소 기자재 사업에 잇달아 진출해 기존 주력사업인 석탄발전 원전을 뛰어넘는 미래 먹거리로 키우겠다는 구상이다 일 업계에 따르면 두산중공업은 탄소 배출 없이 수소를 생산하는 프로젝트를 동시다발적으로 진행 중이다  우선 내년 완공을 목표로 경남 창원에 수소 액화플랜트를 건설하고 있다  이 플랜트에는 이산화탄소를 포집 활용 저장하는 기술 CCUS 이 적용된다  두산중공업은 고효율의 자체 CCUS를 보유하고 있어  블루수소  생산에 유리할 것으로 판단했다 물을 전기분해한 뒤 수소만 추출하는  그린수소  생산도 추진되고 있다  제주에서 진행 중인 그린수소 프로젝트는 두산중공업의 풍력발전을 전략망으로 활용한다  여기에 차세대 원전  SMR small modular reactor 을 활용한 청정수소 생산도 검토하고 있다  풍력  태양광 등 재생에너지뿐 아니라 원자력발전을 활용해 탄소 배출이 없는 청정수소를 대량으로 생산한다는 계획이다 두산중공업은 또 수소 관련 기자재 사업을 확장하고 있다  작년  월부터 독자 기술로  급 수소가스터빈용 수소 전소 연소기를 개발 중이다  한국기계연구원과는  급 수소가스터빈용 수소 혼소 연소기를 개발하고 있다  수소뿐 아니라 천연가스도 함께 연료로 쓸 수 있어 상업성이 높다는 평가다 두산중공업 자회사 두산메카텍은 올초 탄소 자원화 및 수소 사업을 전담하는 HPE사업부를 신설하고 본격적인 사업 확장을 시작했다  이 회사는 매립지  발전소  석유화학공장 등에서 발생하는 온실가스를 활용해 수소를 추출하는 기술을 보유한 미국 리카본의 지분에 투자하면서 수소 사업에 뛰어들었다  특히 과학기술정보통신부가 주관하는 당진화력발전소 탄소 자원화 국책과제에 참여해 가스분리공급기를 제작하기도 했다 두산중공업의 수소 사업 확장은 재무구조 개선이 마무리되면서 더욱 속도를 내고 있다  두산중공업은 작년  월  조원 규모의 자구안을 채권단에 제출했다  이후 혹독한 구조조정을 거쳤다  골프장 클럽모우를 팔았고  조 억원 규모의 유상증자도 단행했다  오너 일가는 두산퓨얼셀 지분  를 무상으로 두산중공업에 넘겼다  여기에 최근  억원 규모의 두산인프라 매각까지 끝내면서 자구안은 대부분 이행됐다  그 결과 두산중공업은 올  분기  억원의 영업이익을 거두며  분기 만에 흑자로 돌아서는 성과를 거뒀다 안재광 기자  경제지 네이버 구독 첫  만  한국경제 받아보세요  한경 고품격 뉴스레터  원클릭으로 구독하세요  한국경제신문과 WSJ  모바일한경으로 보세요  한국경제   hankyung com  무단전재 및 재배포 금지,2021-05-04,-1.17,0.0
317,317,두산중공업 등 기계업계  하청업체와 상생할 것 ,2021.05.04 17:51,[머니투데이 세종 유선일 기자] 조성욱 공정거래위원장 오른쪽 이 손동연 한국기계산업진흥회 회장과 상생협약 선언문을 들고 기념촬영을 했다 사진 공정거래위원회 두산중공업 효성중공업 등 기계업계가 하청업체의 기술을 지원 보호하는 등 자발적 상생에 나선다 공정거래위원회는  일 한국기계산업진흥회 및 기계업계 주요 원 수급사업자 대표들과 함께  기계업계 상생협약 선언식 및 간담회 를 개최했다 이날 두산중공업  현대위아  현대로템  LS엠트론  효성중공업 등  개 업체는 하청업체들과 선언문을 교환하고 상생협약 내용 준수를 약속했다  두산중공업 등은 이번 상생협약을 통해  기술 지원 보호 방안 확대  금융지원 확대  금형 거래가이드라인 준수 등을 실천하기로 했다  하청업체들은  하위 업체 상생지원  불가항력의 사유로 인한 대금 조정 시 필요정보 제공  임금 자재대금 지급 준수를 실천한다 이날 조성욱 공정위원장은  공정거래협약 우수업체에 대해 범부처 차원의 다양한 혜택을 제공할 것 이라며  보다 적극적인 기술 지원 보호를 유도하기 위해 협약평가 기준상 해당 부문 점수를 높이겠다 고 말했다 이어  대금 분쟁조정 과정에서 감정평가를 실시할 수 있도록 하고  기술유용에 대한 손해배상 범위를 확대하는 등 피해기업이 실질적인 보상을 받을 수 있도록 제도를 개선해나갈 것 이라고 덧붙였다 세종 유선일 기자 jjsy mt co kr 부동산 투자는 [부릿지] 주식 투자는 [부꾸미TALK] 부자되는 뉴스  머니투데이 구독하기 저작권자    돈이 보이는 리얼타임 뉴스  머니투데이  무단전재 및 재배포 금지 ,2021-05-06,-1.19,0.0
318,318,두산중공업 등 기계업계  하청업체와 상생할 것 ,2021.05.04 17:51,[머니투데이 세종 유선일 기자] 조성욱 공정거래위원장 오른쪽 이 손동연 한국기계산업진흥회 회장과 상생협약 선언문을 들고 기념촬영을 했다 사진 공정거래위원회 두산중공업 효성중공업 등 기계업계가 하청업체의 기술을 지원 보호하는 등 자발적 상생에 나선다 공정거래위원회는  일 한국기계산업진흥회 및 기계업계 주요 원 수급사업자 대표들과 함께  기계업계 상생협약 선언식 및 간담회 를 개최했다 이날 두산중공업  현대위아  현대로템  LS엠트론  효성중공업 등  개 업체는 하청업체들과 선언문을 교환하고 상생협약 내용 준수를 약속했다  두산중공업 등은 이번 상생협약을 통해  기술 지원 보호 방안 확대  금융지원 확대  금형 거래가이드라인 준수 등을 실천하기로 했다  하청업체들은  하위 업체 상생지원  불가항력의 사유로 인한 대금 조정 시 필요정보 제공  임금 자재대금 지급 준수를 실천한다 이날 조성욱 공정위원장은  공정거래협약 우수업체에 대해 범부처 차원의 다양한 혜택을 제공할 것 이라며  보다 적극적인 기술 지원 보호를 유도하기 위해 협약평가 기준상 해당 부문 점수를 높이겠다 고 말했다 이어  대금 분쟁조정 과정에서 감정평가를 실시할 수 있도록 하고  기술유용에 대한 손해배상 범위를 확대하는 등 피해기업이 실질적인 보상을 받을 수 있도록 제도를 개선해나갈 것 이라고 덧붙였다 세종 유선일 기자 jjsy mt co kr 부동산 투자는 [부릿지] 주식 투자는 [부꾸미TALK] 부자되는 뉴스  머니투데이 구독하기 저작권자    돈이 보이는 리얼타임 뉴스  머니투데이  무단전재 및 재배포 금지 ,2021-05-06,-1.19,0.0
319,319,두산중공업  폐플라스틱 폐비닐로  수소  만든다,2021.05.06 08:51,폐플라스틱 수소화 공정도 [아시아경제 김혜원 기자] 두산중공업이 폐플라스틱 폐비닐 이하 폐플라스틱 을 활용한 수소생산 기술 개발에 나선다  이를 위해 두산중공업은 폐플라스틱 연속식 열분해 전문 기업인 리보테크와 양해각서 MOU 를 체결했다고  일 밝혔다 리보테크는 폐플라스틱을 연속식으로 열분해해서 가스를 생산하고  두산중공업은 열분해 가스를 수소로 개질하는 핵심 설비와 공정을 개발할 예정이다  이번에 적용하는 연속식 열분해 기술은 원료를 지속 투입해 연속적으로 생산을 할 수 있어 처리 규모를 쉽게 확대할 수 있고 경제성도 확보할 수 있다고 한다 두산중공업은 올해까지 하루  t가량의 수소를 생산할 수 있는 수소 개질기를 개발해 경상북도 문경시에 위치한 리보테크에 설치  운전할 예정이다  이후 실증과제를 통해 폐플라스틱으로부터 하루  t 이상의 수소를 생산할 수 있도록 기술을 상용화할 계획이다 분당두산타워에서 열린  폐플라스틱 수소화 기술 개발을 위한 업무 협약식 에서 두산중공업 송용진 부사장 왼쪽 과 리보테크 황병직 대표이사가 서명을 마친 후 기념촬영을 하고 있다 송용진 두산중공업 부사장은  매년 국내에  만t 이상의 폐플라스틱이 배출되는데 매립  소각 및 고형폐기물 SRF  원료가 되는 약  만t의 폐플라스틱에 이 기술을 적용할 수 있다 며  폐플라스틱 수소화로 자원순환과 탄소중립 실현에 기여하는 것은 물론 생산된 수소는 추후 연료전지  수소가스터빈 등에 활용 할 수 있다 고 말했다 친환경 에너지 사업을 강화하는 두산중공업은 다방면으로 수소 사업을 확대하고 있다   년 완공을 목표로 창원 본사 공장 내 국내 첫 수소액화플랜트를 건설하고 있으며  제주도에서는 풍력발전을 연계한 수전해 그린수소 생산을 진행 중이다 김혜원 기자 kimhye asiae co kr  속 시원한 풀이   년 정통사주 운세 토정비결  내가 몰랐던 당신들의 이야기 [나돌] 네이버TV  투자 성공의 핵심은 기업분석   CORE  바로가기 경제를 보는 눈  세계를 보는 창 아시아경제 무단전재 배포금지 ,2021-05-06,-1.19,0.0
320,320,두산중공업  폐플라스틱 폐비닐로  수소  만든다,2021.05.06 08:51,폐플라스틱 수소화 공정도 [아시아경제 김혜원 기자] 두산중공업이 폐플라스틱 폐비닐 이하 폐플라스틱 을 활용한 수소생산 기술 개발에 나선다  이를 위해 두산중공업은 폐플라스틱 연속식 열분해 전문 기업인 리보테크와 양해각서 MOU 를 체결했다고  일 밝혔다 리보테크는 폐플라스틱을 연속식으로 열분해해서 가스를 생산하고  두산중공업은 열분해 가스를 수소로 개질하는 핵심 설비와 공정을 개발할 예정이다  이번에 적용하는 연속식 열분해 기술은 원료를 지속 투입해 연속적으로 생산을 할 수 있어 처리 규모를 쉽게 확대할 수 있고 경제성도 확보할 수 있다고 한다 두산중공업은 올해까지 하루  t가량의 수소를 생산할 수 있는 수소 개질기를 개발해 경상북도 문경시에 위치한 리보테크에 설치  운전할 예정이다  이후 실증과제를 통해 폐플라스틱으로부터 하루  t 이상의 수소를 생산할 수 있도록 기술을 상용화할 계획이다 분당두산타워에서 열린  폐플라스틱 수소화 기술 개발을 위한 업무 협약식 에서 두산중공업 송용진 부사장 왼쪽 과 리보테크 황병직 대표이사가 서명을 마친 후 기념촬영을 하고 있다 송용진 두산중공업 부사장은  매년 국내에  만t 이상의 폐플라스틱이 배출되는데 매립  소각 및 고형폐기물 SRF  원료가 되는 약  만t의 폐플라스틱에 이 기술을 적용할 수 있다 며  폐플라스틱 수소화로 자원순환과 탄소중립 실현에 기여하는 것은 물론 생산된 수소는 추후 연료전지  수소가스터빈 등에 활용 할 수 있다 고 말했다 친환경 에너지 사업을 강화하는 두산중공업은 다방면으로 수소 사업을 확대하고 있다   년 완공을 목표로 창원 본사 공장 내 국내 첫 수소액화플랜트를 건설하고 있으며  제주도에서는 풍력발전을 연계한 수전해 그린수소 생산을 진행 중이다 김혜원 기자 kimhye asiae co kr  속 시원한 풀이   년 정통사주 운세 토정비결  내가 몰랐던 당신들의 이야기 [나돌] 네이버TV  투자 성공의 핵심은 기업분석   CORE  바로가기 경제를 보는 눈  세계를 보는 창 아시아경제 무단전재 배포금지 ,2021-05-06,-1.19,0.0
321,321,두산중공업  폐플라스틱 폐비닐에서 수소 뽑아낸다,2021.05.06 09:15,열분해 전문기업 리보테크와 MOU 교환 분당두산타워에서 열린  폐플라스틱 수소화 기술개발을 위한 업무협약식 에서 송용진 왼쪽  두산중공업 송용진 부사장과 황병직 리보테크 대표이사가 서명을 마친 후 기념촬영을 하고 있다 사진 제공 두산중공업 [서울경제] 두산중공업 이 폐플라스틱과 폐비닐에서 수소를 개질하는 기술 개발에 나선다  다방면으로 확대하는 수소사업에 힘이 실릴 전망이다 두산중공업은 폐플라스틱 연속식 열분해 전문기업인 리보테크와 업무협약 양해각서 MOU 를 교환했다고  일 밝혔다 리보테크는 폐플라스틱을 연속식으로 열분해해 가스를 생산하고  두산중공업은 열분해 가스를 수소로 개질하는 핵심설비와 공정 개발을 담당한다  열분해 기술은 열 작용에 의해 화합물이 두 가지 이상 물질로 분해되는 반응이다  폐플라스틱 열분해는 폐플라스틱에 열을 가해 고분자 화합물을 저분자화해 가스나 액체를 얻는다  이번에 적용하는 연속식 열분해 기술은 원료 지속 투입으로 연속 생산을 할 수 있어 처리 규모를 쉽게 확대할 수 있다 폐플라스틱 수소화 공정도 사진 제공 두산중공업 두산중공업은 올해까지 하루  톤 가량 수소를 생산하는 수소 개질기를 개발해 경상북도 문경시에 위치한 리보테크에 설치  운전한다  이후 실증과제를 통해 폐플라스틱으로부터 하루  톤 이상 수소를 생산하도록 기술을 상용화한다 송용진 두산중공업 부사장은  매년 국내에  만 톤 이상 폐플라스틱이 배출되는데 이 중 매립 소각 고형페기물 SRF  원료가 되는 약  만 톤 폐플라스틱에 이 기술을 적용할 수 있다 며  폐플라스틱 수소화로 자원순환과 탄소중립 실현에 기여하는 것은 물론 생산된 수소는 추후 연료전지  수소가스터빈 등에 활용하겠다 고 말했다 서종갑 기자 gap sedaily com  [지구용 레터] 스팸 뚜껑 사라진거 아니었어  서울경제 더 폴리틱스 뉴스를 만나보세요  네이버 채널에서  서울경제  구독해주세요 저작권자   서울경제  무단 전재 및 재배포 금지,2021-05-06,-1.19,0.0
322,322,두산중공업  폐플라스틱 폐비닐에서 수소 뽑아낸다,2021.05.06 09:15,열분해 전문기업 리보테크와 MOU 교환 분당두산타워에서 열린  폐플라스틱 수소화 기술개발을 위한 업무협약식 에서 송용진 왼쪽  두산중공업 송용진 부사장과 황병직 리보테크 대표이사가 서명을 마친 후 기념촬영을 하고 있다 사진 제공 두산중공업 [서울경제] 두산중공업 이 폐플라스틱과 폐비닐에서 수소를 개질하는 기술 개발에 나선다  다방면으로 확대하는 수소사업에 힘이 실릴 전망이다 두산중공업은 폐플라스틱 연속식 열분해 전문기업인 리보테크와 업무협약 양해각서 MOU 를 교환했다고  일 밝혔다 리보테크는 폐플라스틱을 연속식으로 열분해해 가스를 생산하고  두산중공업은 열분해 가스를 수소로 개질하는 핵심설비와 공정 개발을 담당한다  열분해 기술은 열 작용에 의해 화합물이 두 가지 이상 물질로 분해되는 반응이다  폐플라스틱 열분해는 폐플라스틱에 열을 가해 고분자 화합물을 저분자화해 가스나 액체를 얻는다  이번에 적용하는 연속식 열분해 기술은 원료 지속 투입으로 연속 생산을 할 수 있어 처리 규모를 쉽게 확대할 수 있다 폐플라스틱 수소화 공정도 사진 제공 두산중공업 두산중공업은 올해까지 하루  톤 가량 수소를 생산하는 수소 개질기를 개발해 경상북도 문경시에 위치한 리보테크에 설치  운전한다  이후 실증과제를 통해 폐플라스틱으로부터 하루  톤 이상 수소를 생산하도록 기술을 상용화한다 송용진 두산중공업 부사장은  매년 국내에  만 톤 이상 폐플라스틱이 배출되는데 이 중 매립 소각 고형페기물 SRF  원료가 되는 약  만 톤 폐플라스틱에 이 기술을 적용할 수 있다 며  폐플라스틱 수소화로 자원순환과 탄소중립 실현에 기여하는 것은 물론 생산된 수소는 추후 연료전지  수소가스터빈 등에 활용하겠다 고 말했다 서종갑 기자 gap sedaily com  [지구용 레터] 스팸 뚜껑 사라진거 아니었어  서울경제 더 폴리틱스 뉴스를 만나보세요  네이버 채널에서  서울경제  구독해주세요 저작권자   서울경제  무단 전재 및 재배포 금지,2021-05-06,-1.19,0.0
323,323,두산중공업   폐플라스틱 폐비닐 로 수소 만든다,2021.05.06 09:26,폐플라스틱 수소화 공정도 [파이낸셜뉴스] 두산중공업이 폐플라스틱 폐비닐을 활용한 수소생산 기술 개발에 나선다  이를 위해 폐플라스틱 연속식 열분해 전문기업인 리보테크와 MOU를 체결했다고  일 밝혔다 리보테크는 폐플라스틱을 연속식으로 열분해 해서 가스를 생산하고  두산중공업은 열분해 가스를 수소로 개질하는 핵심설비와 공정을 개발할 예정이다  이번에 적용하는 연속식 열분해 기술은 원료의 지속 투입으로 연속 생산을 할 수 있어 처리규모를 쉽게 확대할 수 있고 경제성도 확보할 수 있다 두산중공업은  년까지 하루  톤 가량의 수소를 생산할 수 있는 수소 개질기를 개발해 경상북도 문경시에 위치한 리보테크에 설치  운전할 예정이다  이후 실증과제를 통해 폐플라스틱으로부터 하루  톤 이상의 수소를 생산할 수 있도록 기술을 상용화할 예정이다 두산중공업 송용진 부사장은  매년 국내에  백만톤 이상의 폐플라스틱이 배출되는데  이 중 매립  소각 및 SRF 고형폐기물  원료가 되는 약  백만톤의 폐플라스틱에 이 기술을 적용할 수 있다 며  폐플라스틱 수소화로 자원순환과 탄소중립 실현에 기여하는 것은 물론 생산된 수소는 추후 연료전지  수소가스터빈 등에 활용 할 수 있다 고 말했다 친환경 에너지 사업을 강화하는 두산중공업은 다방면으로 수소 사업을 확대하고 있다   년 완공을 목표로 창원 본사 공장 내 국내 첫 수소액화플랜트를 건설하고 있으며  제주도에서는 풍력발전을 연계한 수전해 그린수소 생산을 차질없이 진행 중이다 pja fnnews com 박지애 기자  헉  소리나는 스 토리 뉴스 [헉스]     너 그거 아니  [두유노우]  날로먹고 구워먹는 금융이슈 [파인애플]     모 아 모아 [모아시스]  저작권자   파이낸셜뉴스  무단 전재 재배포 금지,2021-05-06,-1.19,0.0
324,324,두산중공업   폐플라스틱 폐비닐 로 수소 만든다,2021.05.06 09:26,폐플라스틱 수소화 공정도 [파이낸셜뉴스] 두산중공업이 폐플라스틱 폐비닐을 활용한 수소생산 기술 개발에 나선다  이를 위해 폐플라스틱 연속식 열분해 전문기업인 리보테크와 MOU를 체결했다고  일 밝혔다 리보테크는 폐플라스틱을 연속식으로 열분해 해서 가스를 생산하고  두산중공업은 열분해 가스를 수소로 개질하는 핵심설비와 공정을 개발할 예정이다  이번에 적용하는 연속식 열분해 기술은 원료의 지속 투입으로 연속 생산을 할 수 있어 처리규모를 쉽게 확대할 수 있고 경제성도 확보할 수 있다 두산중공업은  년까지 하루  톤 가량의 수소를 생산할 수 있는 수소 개질기를 개발해 경상북도 문경시에 위치한 리보테크에 설치  운전할 예정이다  이후 실증과제를 통해 폐플라스틱으로부터 하루  톤 이상의 수소를 생산할 수 있도록 기술을 상용화할 예정이다 두산중공업 송용진 부사장은  매년 국내에  백만톤 이상의 폐플라스틱이 배출되는데  이 중 매립  소각 및 SRF 고형폐기물  원료가 되는 약  백만톤의 폐플라스틱에 이 기술을 적용할 수 있다 며  폐플라스틱 수소화로 자원순환과 탄소중립 실현에 기여하는 것은 물론 생산된 수소는 추후 연료전지  수소가스터빈 등에 활용 할 수 있다 고 말했다 친환경 에너지 사업을 강화하는 두산중공업은 다방면으로 수소 사업을 확대하고 있다   년 완공을 목표로 창원 본사 공장 내 국내 첫 수소액화플랜트를 건설하고 있으며  제주도에서는 풍력발전을 연계한 수전해 그린수소 생산을 차질없이 진행 중이다 pja fnnews com 박지애 기자  헉  소리나는 스 토리 뉴스 [헉스]     너 그거 아니  [두유노우]  날로먹고 구워먹는 금융이슈 [파인애플]     모 아 모아 [모아시스]  저작권자   파이낸셜뉴스  무단 전재 재배포 금지,2021-05-06,-1.19,0.0
325,325,두산중공업  폐플라스틱 폐비닐로  수소  만든다,2021.05.06 09:29,리보테크와 MOU 하루  t 이상 수소 생산 기술 상용화 추진 분당두산타워에서 열린  폐플라스틱 수소화 기술 개발을 위한 업무 협약식 에서 두산중공업 송용진 부사장 왼쪽 과 리보테크 황병직 대표이사가 서명을 마친 후 기념촬영을 하고 있다  [두산중공업 제공] [헤럴드경제   이정환 기자] 두산중공업이 폐플라스틱 폐비닐 이하 폐플라스틱 을 활용한 수소생산 기술 개발에 나선다 두산중공업은 폐플라스틱 연속식 열분해 전문 기업인 리보테크와 양해각서 MOU 를 체결했다고  일 밝혔다 리보테크는 폐플라스틱을 연속식으로 열분해해서 가스를 생산하고  두산중공업은 열분해 가스를 수소로 개질하는 핵심 설비와 공정을 개발할 예정이다  이번에 적용하는 연속식 열분해 기술은 원료를 지속 투입해 연속적으로 생산을 할 수 있어 처리 규모를 쉽게 확대할 수 있고 경제성도 확보할 수 있다고 한다 두산중공업은 올해까지 하루  t가량의 수소를 생산할 수 있는 수소 개질기를 개발해 경상북도 문경시에 위치한 리보테크에 설치  운전할 예정이다  이후 실증과제를 통해 폐플라스틱으로부터 하루  t 이상의 수소를 생산할 수 있도록 기술을 상용화할 계획이다 송용진 두산중공업 부사장은  매년 국내에  만t 이상의 폐플라스틱이 배출되는데 매립  소각 및 고형폐기물 SRF  원료가 되는 약  만t의 폐플라스틱에 이 기술을 적용할 수 있다 며  폐플라스틱 수소화로 자원순환과 탄소중립 실현에 기여하는 것은 물론 생산된 수소는 추후 연료전지  수소가스터빈 등에 활용 할 수 있다 고 말했다 한편  친환경 에너지 사업을 강화하는 두산중공업은 다방면으로 수소 사업을 확대하고 있다   년 완공을 목표로 창원 본사 공장 내 국내 첫 수소액화플랜트를 건설하고 있으며  제주도에서는 풍력발전을 연계한 수전해 그린수소 생산을 진행 중이다 attom heraldcorp com 환경적 대화기구  헤럴드에코 밀리터리 전문 콘텐츠  헤밀 헤럴드경제 네이버 채널 구독  Copyrights   헤럴드경제   heraldbiz com  무단 전재 및 재배포 금지  ,2021-05-06,-1.19,0.0
326,326,두산중공업  폐플라스틱 폐비닐로  수소  만든다,2021.05.06 09:29,리보테크와 MOU 하루  t 이상 수소 생산 기술 상용화 추진 분당두산타워에서 열린  폐플라스틱 수소화 기술 개발을 위한 업무 협약식 에서 두산중공업 송용진 부사장 왼쪽 과 리보테크 황병직 대표이사가 서명을 마친 후 기념촬영을 하고 있다  [두산중공업 제공] [헤럴드경제   이정환 기자] 두산중공업이 폐플라스틱 폐비닐 이하 폐플라스틱 을 활용한 수소생산 기술 개발에 나선다 두산중공업은 폐플라스틱 연속식 열분해 전문 기업인 리보테크와 양해각서 MOU 를 체결했다고  일 밝혔다 리보테크는 폐플라스틱을 연속식으로 열분해해서 가스를 생산하고  두산중공업은 열분해 가스를 수소로 개질하는 핵심 설비와 공정을 개발할 예정이다  이번에 적용하는 연속식 열분해 기술은 원료를 지속 투입해 연속적으로 생산을 할 수 있어 처리 규모를 쉽게 확대할 수 있고 경제성도 확보할 수 있다고 한다 두산중공업은 올해까지 하루  t가량의 수소를 생산할 수 있는 수소 개질기를 개발해 경상북도 문경시에 위치한 리보테크에 설치  운전할 예정이다  이후 실증과제를 통해 폐플라스틱으로부터 하루  t 이상의 수소를 생산할 수 있도록 기술을 상용화할 계획이다 송용진 두산중공업 부사장은  매년 국내에  만t 이상의 폐플라스틱이 배출되는데 매립  소각 및 고형폐기물 SRF  원료가 되는 약  만t의 폐플라스틱에 이 기술을 적용할 수 있다 며  폐플라스틱 수소화로 자원순환과 탄소중립 실현에 기여하는 것은 물론 생산된 수소는 추후 연료전지  수소가스터빈 등에 활용 할 수 있다 고 말했다 한편  친환경 에너지 사업을 강화하는 두산중공업은 다방면으로 수소 사업을 확대하고 있다   년 완공을 목표로 창원 본사 공장 내 국내 첫 수소액화플랜트를 건설하고 있으며  제주도에서는 풍력발전을 연계한 수전해 그린수소 생산을 진행 중이다 attom heraldcorp com 환경적 대화기구  헤럴드에코 밀리터리 전문 콘텐츠  헤밀 헤럴드경제 네이버 채널 구독  Copyrights   헤럴드경제   heraldbiz com  무단 전재 및 재배포 금지  ,2021-05-06,-1.19,0.0
327,327,두산중공업  폐플라스틱으로 매일 수소  t 만든다,2021.05.06 09:31,두산중공업이 폐플라스틱 폐비닐을 활용한 수소생산 기술 개발에 나선다  수소사업 등 친환경 에너지 사업을 강화하기 위한 ESG 환경 사회 지배구조  경영활동의 일환이다 두산중공업은 폐플라스틱 연속식 열분해 전문기업인 리보테크와 양해각서 MOU 를 체결했다고  일 발표했다  리보테크는 폐플라스틱을 연속식 열분해 과정을 통해 가스를 생산하고  두산중공업은 열분해 가스를 수소로 바꾸는 핵심설비와 공정을 개발할 예정이다 송용진 두산중공업 부사장 왼쪽 과 황병직 리보테크 대표이사가 폐플라스틱 수소화 기술개발을 위한 업무협약을 체결했다  두산중공업 제공 열분해는 열작용에 따라 화합물이 두 가지 이상의 물질로 분해되는 반응을 뜻한다  폐플라스틱 열분해는 폐플라스틱에 열을 가해 고분자의 화합물을 저분자화해 가스나 액체를 얻는 기술이다  이번에 적용하는 연속식 열분해 기술은 원료의 지속 투입으로 연속 생산을 할 수 있어 처리규모를 쉽게 확대할 수 있고  경제성도 확보할 수 있다 두산중공업은 내년까지 하루  t 가량의 수소를 생산할 수 있는 수소 개질기를 개발해 경북 문경시에 있는 리보테크 공장에 설치 운전할 예정이다  이후 실증과제를 통해 폐플라스틱으로부터 하루  t 이상의 수소를 생산할 수 있도록 기술을 상용화할 예정이다 두산중공업에 따르면 국내에선 매년  만t 이상의 폐플라스틱이 배출된다  이 중 매립  소각 및 SRF 고형폐기물  원료가 되는 약  만t의 폐플라스틱에 연속식 열분해 기술을 적용할 수 있다는 것이 회사측의 설명이다 송용진 두산중공업 부사장은  폐플라스틱 수소화로 자원순환과 탄소중립 실현에 기여할뿐 아니라 생산된 수소를 활용해 추후 연료전지  수소가스터빈 등에 활용할 계획 이라고 말했다 강경민 기자  경제지 네이버 구독 첫  만  한국경제 받아보세요  한경 고품격 뉴스레터  원클릭으로 구독하세요  한국경제신문과 WSJ  모바일한경으로 보세요  한국경제   hankyung com  무단전재 및 재배포 금지,2021-05-06,-1.19,0.0
328,328,두산중공업  폐플라스틱으로 매일 수소  t 만든다,2021.05.06 09:31,두산중공업이 폐플라스틱 폐비닐을 활용한 수소생산 기술 개발에 나선다  수소사업 등 친환경 에너지 사업을 강화하기 위한 ESG 환경 사회 지배구조  경영활동의 일환이다 두산중공업은 폐플라스틱 연속식 열분해 전문기업인 리보테크와 양해각서 MOU 를 체결했다고  일 발표했다  리보테크는 폐플라스틱을 연속식 열분해 과정을 통해 가스를 생산하고  두산중공업은 열분해 가스를 수소로 바꾸는 핵심설비와 공정을 개발할 예정이다 송용진 두산중공업 부사장 왼쪽 과 황병직 리보테크 대표이사가 폐플라스틱 수소화 기술개발을 위한 업무협약을 체결했다  두산중공업 제공 열분해는 열작용에 따라 화합물이 두 가지 이상의 물질로 분해되는 반응을 뜻한다  폐플라스틱 열분해는 폐플라스틱에 열을 가해 고분자의 화합물을 저분자화해 가스나 액체를 얻는 기술이다  이번에 적용하는 연속식 열분해 기술은 원료의 지속 투입으로 연속 생산을 할 수 있어 처리규모를 쉽게 확대할 수 있고  경제성도 확보할 수 있다 두산중공업은 내년까지 하루  t 가량의 수소를 생산할 수 있는 수소 개질기를 개발해 경북 문경시에 있는 리보테크 공장에 설치 운전할 예정이다  이후 실증과제를 통해 폐플라스틱으로부터 하루  t 이상의 수소를 생산할 수 있도록 기술을 상용화할 예정이다 두산중공업에 따르면 국내에선 매년  만t 이상의 폐플라스틱이 배출된다  이 중 매립  소각 및 SRF 고형폐기물  원료가 되는 약  만t의 폐플라스틱에 연속식 열분해 기술을 적용할 수 있다는 것이 회사측의 설명이다 송용진 두산중공업 부사장은  폐플라스틱 수소화로 자원순환과 탄소중립 실현에 기여할뿐 아니라 생산된 수소를 활용해 추후 연료전지  수소가스터빈 등에 활용할 계획 이라고 말했다 강경민 기자  경제지 네이버 구독 첫  만  한국경제 받아보세요  한경 고품격 뉴스레터  원클릭으로 구독하세요  한국경제신문과 WSJ  모바일한경으로 보세요  한국경제   hankyung com  무단전재 및 재배포 금지,2021-05-06,-1.19,0.0
329,329,두산중공업  폐플라스틱 폐비닐로 수소 만든다,2021.05.06 10:23,두산중공업 이 폐플라스틱 폐비닐을 활용한 수소생산 기술 개발에 나선다 두산중공업은 폐플라스틱 연속식 열분해 전문기업인 리보테크와 업무협약 MOU 을 체결했다고  일 밝혔다 두산중공업  리보테크와 폐플라스틱 수소화 기술 MOU 서울 연합뉴스  두산중공업이 리보테크와 폐플라스틱 폐비닐을 활용한 수소생산 기술 개발 관련 업무 협약 MOU 을 체결했다고  일 밝혔다  사진은 업무 협약 마친 송용진 두산중공업 부사장 왼쪽 과 황병직 리보테크 대표이사   [두산중공업 제공  재판매 및 DB 금지] photo yna co kr   저작권자      연합뉴스  무단 전재 재배포 금지 리보테크는 폐플라스틱을 연속식으로 열분해해서 가스를 생산하고  두산중공업은 열분해 가스를 수소로 개질하는 핵심설비와 공정을 개발할 예정이다  이번에 적용하는 연속식 열분해 기술은 원료의 지속 투입으로 연속 생산을 할 수 있어 처리규모를 쉽게 확대할 수 있고 경제성도 확보할 수 있다 두산중공업은 오는  년까지 하루  톤 t  가량의 수소를 생산할 수 있는 수소 개질기를 개발해 경북 문경시에 위치한 리보테크에 설치  운전할 계획이다  이후 실증과제를 통해 폐플라스틱으로부터 하루  톤 이상의 수소를 생산할 수 있도록 기술을 상용화할 예정이다 송용진 두산중공업 부사장은  매년 국내에  만t 이상의 폐플라스틱이 배출되는데  이 중 매립 소각 및 SRF 고형폐기물  원료가 되는 약  만t의 폐플라스틱에 이 기술을 적용할 수 있다 며  폐플라스틱 수소화로 자원순환과 탄소중립 실현에 기여하는 것은 물론 생산된 수소는 추후 연료전지  수소가스터빈 등에 활용 할 수 있다 고 말했다 [정민하 기자 min chosunbiz com] 네이버에서  명품 경제뉴스  조선비즈를 구독하세요 터키서 쓴맛 본 CGV  실적 정상화 언제쯤 사라진  맥주 축제  코로나에 올해도 취소 저작권자   조선비즈  무단 전재 및 재배포 금지,2021-05-06,-1.19,0.0
330,330,두산중공업  폐플라스틱 폐비닐로 수소 만든다,2021.05.06 10:23,두산중공업 이 폐플라스틱 폐비닐을 활용한 수소생산 기술 개발에 나선다 두산중공업은 폐플라스틱 연속식 열분해 전문기업인 리보테크와 업무협약 MOU 을 체결했다고  일 밝혔다 두산중공업  리보테크와 폐플라스틱 수소화 기술 MOU 서울 연합뉴스  두산중공업이 리보테크와 폐플라스틱 폐비닐을 활용한 수소생산 기술 개발 관련 업무 협약 MOU 을 체결했다고  일 밝혔다  사진은 업무 협약 마친 송용진 두산중공업 부사장 왼쪽 과 황병직 리보테크 대표이사   [두산중공업 제공  재판매 및 DB 금지] photo yna co kr   저작권자      연합뉴스  무단 전재 재배포 금지 리보테크는 폐플라스틱을 연속식으로 열분해해서 가스를 생산하고  두산중공업은 열분해 가스를 수소로 개질하는 핵심설비와 공정을 개발할 예정이다  이번에 적용하는 연속식 열분해 기술은 원료의 지속 투입으로 연속 생산을 할 수 있어 처리규모를 쉽게 확대할 수 있고 경제성도 확보할 수 있다 두산중공업은 오는  년까지 하루  톤 t  가량의 수소를 생산할 수 있는 수소 개질기를 개발해 경북 문경시에 위치한 리보테크에 설치  운전할 계획이다  이후 실증과제를 통해 폐플라스틱으로부터 하루  톤 이상의 수소를 생산할 수 있도록 기술을 상용화할 예정이다 송용진 두산중공업 부사장은  매년 국내에  만t 이상의 폐플라스틱이 배출되는데  이 중 매립 소각 및 SRF 고형폐기물  원료가 되는 약  만t의 폐플라스틱에 이 기술을 적용할 수 있다 며  폐플라스틱 수소화로 자원순환과 탄소중립 실현에 기여하는 것은 물론 생산된 수소는 추후 연료전지  수소가스터빈 등에 활용 할 수 있다 고 말했다 [정민하 기자 min chosunbiz com] 네이버에서  명품 경제뉴스  조선비즈를 구독하세요 터키서 쓴맛 본 CGV  실적 정상화 언제쯤 사라진  맥주 축제  코로나에 올해도 취소 저작권자   조선비즈  무단 전재 및 재배포 금지,2021-05-06,-1.19,0.0
331,331,두산중공업  폐플라스틱 활용한 수소생산 기술 개발 나선다,2021.05.06 10:33, 일 분당두산타워에서 열린  폐플라스틱 수소화 기술개발을 위한 업무협약식 에서 두산중공업 송용진 부사장 사진 왼쪽 과 리보테크 황병직 대표이사가 서명을 마친 후 기념촬영을 하고 있다  [사진제공   두산중공업] 두산중공업이 폐플라스틱   폐비닐 이하 폐플라스틱 을 활용한 수소생산 기술 개발에 나선다  두산중공업은 이를 위해 폐플라스틱 연속식 열분해 전문기업인 리보테크와 MOU를 체결했다고  일 밝혔다 리보테크는 폐플라스틱을 연속식으로 열분해해 가스를 생산하고  두산중공업은 열분해 가스를 수소로 개질하는 핵심설비와 공정을 개발할 예정이다  이번에 적용하는 연속식 열분해 기술은 원료의 지속 투입으로 연속 생산을 할 수 있어 처리규모를 쉽게 확대할 수 있고 경제성도 확보할 수 있다 두산중공업은 올해 안에 하루  t 가량의 수소를 생산할 수 있는 수소 개질기를 개발해 경상북도 문경시에 위치한 리보테크에 설치  운전할 예정이다  이후 실증 과제를 통해 폐플라스틱으로부터 하루  톤 이상의 수소를 생산할 수 있도록 기술을 상용화한다는 계획이다 두산중공업 송용진 부사장은  매년 국내에  만t 이상의 폐플라스틱이 배출되는데  이 중 매립  소각 및 SRF 고형폐기물  원료가 되는 약  만t의 폐플라스틱에 이 기술을 적용할 수 있다 며  폐플라스틱 수소화로 자원순환과 탄소중립 실현에 기여하는 것은 물론 생산된 수소는 추후 연료전지  수소가스터빈 등에 활용 할 수 있다 고 말했다 [이상규 매경닷컴 기자 boyondal mk co kr]   경제  위  매일경제  네이버에서 구독하세요  이 제품은  이렇게 만들죠  영상으로 만나요  부동산의 모든것  매부리TV 가 펼칩니다 [  매일경제   mk co kr  무단전재 및 재배포 금지],2021-05-06,-1.19,0.0
332,332,두산중공업  폐플라스틱 활용한 수소생산 기술 개발 나선다,2021.05.06 10:33, 일 분당두산타워에서 열린  폐플라스틱 수소화 기술개발을 위한 업무협약식 에서 두산중공업 송용진 부사장 사진 왼쪽 과 리보테크 황병직 대표이사가 서명을 마친 후 기념촬영을 하고 있다  [사진제공   두산중공업] 두산중공업이 폐플라스틱   폐비닐 이하 폐플라스틱 을 활용한 수소생산 기술 개발에 나선다  두산중공업은 이를 위해 폐플라스틱 연속식 열분해 전문기업인 리보테크와 MOU를 체결했다고  일 밝혔다 리보테크는 폐플라스틱을 연속식으로 열분해해 가스를 생산하고  두산중공업은 열분해 가스를 수소로 개질하는 핵심설비와 공정을 개발할 예정이다  이번에 적용하는 연속식 열분해 기술은 원료의 지속 투입으로 연속 생산을 할 수 있어 처리규모를 쉽게 확대할 수 있고 경제성도 확보할 수 있다 두산중공업은 올해 안에 하루  t 가량의 수소를 생산할 수 있는 수소 개질기를 개발해 경상북도 문경시에 위치한 리보테크에 설치  운전할 예정이다  이후 실증 과제를 통해 폐플라스틱으로부터 하루  톤 이상의 수소를 생산할 수 있도록 기술을 상용화한다는 계획이다 두산중공업 송용진 부사장은  매년 국내에  만t 이상의 폐플라스틱이 배출되는데  이 중 매립  소각 및 SRF 고형폐기물  원료가 되는 약  만t의 폐플라스틱에 이 기술을 적용할 수 있다 며  폐플라스틱 수소화로 자원순환과 탄소중립 실현에 기여하는 것은 물론 생산된 수소는 추후 연료전지  수소가스터빈 등에 활용 할 수 있다 고 말했다 [이상규 매경닷컴 기자 boyondal mk co kr]   경제  위  매일경제  네이버에서 구독하세요  이 제품은  이렇게 만들죠  영상으로 만나요  부동산의 모든것  매부리TV 가 펼칩니다 [  매일경제   mk co kr  무단전재 및 재배포 금지],2021-05-06,-1.19,0.0
333,333,두산중공업  고혈 내준 국민 바람과 달리 석탄 움켜쥐다,2021.05.06 16:41,[혈세  조  수혈 기업]  두산중공업 재무구조 개선했어도 흑자 까먹는 사업체질 개선은 까마득 석탄화력  손실 부메랑  평가에도 산업은행은 눈감고 지원 전문가  풍력 등 재생에너지로 사업 전환 속도 내야  조언 경남 창원시 성산구 두산중공업 내 설치된 대형 크레인  [연합뉴스] 정부는 부실기업의 재기 회생을 위해 다양한 방식으로 자금을 지원한다   공적자금 을 비롯해 산업은행 수출입은행의 대출 등 이른바  정책금융 이다  정책금융의 주체는 은행이고  이 은행의 최대 주주는 대한민국 정부다  사실상 국민의 혈세로 지원하는 것이다   조원 이상 지원을 받았던 국내 기업의 현 상황은 어떤지 [이코노미스트]가 대표 기업  곳을 분석했다  [편집자] 두산중공업이 정책금융의 새로운  블랙홀 로 올라섰다  지난해 수출입은행 등 국책은행으로부터 수혈 받은 혈세  조 억원으로 당장의 재무위기는 매웠지만  매출 하락을 막을 체질 개선은 좀처럼 이뤄지지 않고 있어서다  특히 두산중공업이 실적을 개선하기 위해 꺼내든 가스터빈 사업의 성장 가능성이 갈수록 낮아지고 있다  일각에선  재무위기 개선의 뒤에도 산업은행 등이 쏟은 정책금융이 자리했다 며  자금 투입은 계속 늘어날 것 이라고 지적하고 있다 지난해 산업은행과 수출입은행 등이 두산중공업으로 지원한 혈세  조 억원은 두산중공업의 재무위기 개선에만 쓰였다  두산중공업은 지난해 당장 갚아야 하는 돈을 지원받은 혈세로 메우고   조 억원 규모의 재무구조 개선안 이행에 열을 올렸다  특히 두산중공업은 산업은행 수출입은행으로부터  조원 규모 신용공여를 받은 지  여일 만에 골프장 클럽모우CC  빚을 메우는 데  억원을 사용했다  이후 두산중공업은 골프장을 매각해 매각대금으로 부채를 메웠다 월  일 두산중공업이 내놓은 투자자 설명자료 IR  보고서에 따르면 두산중공업은 지난  분기 기준  억원 당기순이익을 기록   년  분기 억원  이후  분기 만에 흑자전환했다  두산중공업은 지난해 클럽모우CC를 시작으로 동대문 두산타워 억원  두산솔루스 억원   두산 모트롤BG 억원  네오플럭스 억원  등을 매각  자구안 이행  부 능선을 넘었다  두산인프라코어를 현대중공업그룹에  억원에 넘기면 일단의 자구안 이행이 완료된다 두산중공업 정책금융 지원 현황 [중앙포토] 재무위기 부른 화력발전  그래도 손 못 놓는 두산중공업 그러나 매출은 주는데 이익만 늘어난 이른바 불황형 흑자였다  불황형 흑자란 전에 비해 수익과 지출 모두 줄었는데 지출이 더 많이 줄다 보니 울며 겨자 먹기식으로 흑자가 되는 현상을 말한다  혈세 투입에도 사업체질 개선은 좀처럼 이뤄지지 않고 있어서다 국내 유일의 발전설비 업체인 두산중공업은 발전설비 시장이 석탄화력발전에서 재생가능에너지로 변화하기 시작한  년 이후 꾸준한 매출 하락을 겪고 있다  전체 매출의  를 석탄화력발전에서만 창출했기 때문이다  두산중공업은 지난해 혈세 투입에도 올해  분기 연결 기준 매출  조 억원을 기록  전년 대비   넘는 매출 하락을 기록했다 두산중공업이 발전설비 시장의 변화에 대응하지 못하고 있다는 지적을 받는 이유도 그 때문이다  두산중공업은 최근  년간 수주 실적의   이상도 해외 석탄발전 사업으로 채웠다  화석연료 기반의 발전산업에 대한 글로벌 투자가 급격히 줄고 있는 것과 대조된다  국제에너지기구 IEA 에 따르면 전 세계 석탄화력발전 확정투자결정 규모는  년  GW에서  년  GW로 급감했다   GW는 두산중공업이 건설 중인 삼척화력발전소  호기 GW   개를 건설할 수 있는 규모에 불과한 것으로 나타났다 문제는 두산중공업의 석탄화력발전 집중이 재차 산업은행이나 수출입은행의 정책금융 지원으로 이어진다는 점이다  두산중공업은 지난해  월 인도네시아 자바 섬에 석탄화력발전소인 자와  호기 설립하는 해외 사업을 수주했다  이는 지난해 두산중공업 전체 신규 수주의  를 차지한 데 이어  산업은행과 수출입은행이  조원 가까운 금융지원을 하고 있는 것으로 나타났다  윤세종 기후솔루션 변호사는  국책은행의 금융지원이 없으면 수주 자체가 안 되는 만큼 지난해 두산중공업이 받은 정책금융 지원금 규모는 자와  호기를 포함  조원을 훌쩍 넘는다 고 말했다 지난해 두산중공업이 진행한 자구안 이행 뒤에도 대부분 정책금융이 자리했다  예컨대 두산솔루스를 인수 억원 한 사모투자펀드 PEF  운용사 스카이레이크에쿼티파트너스의 뒤에 정책금융이 있었다  스카이레이크에쿼티파트너스 신규 펀드 제 호 블라인드펀드 에 위탁운영을 맡긴 투자 출자자는 교직원공제회 억원 군인공제회 억원 산업은행 및 한국성장금융 억원 사학연금 억원 국민연금 억원  같은 공적 연기금인 것으로 확인됐다  네오플럭스 인수자도 준공공적 성격을 갖는 신한금융지주고  모트롤사업부를 인수한 소시어스 웰투시 컨소시엄은 산업은행 인수합병 M A 실 출신이 대표를 맡고 있다  시장에서  산업은행이 매각 자산 인수에도 폭넓게 개입하는 모습 이라는 말이 흘러나오는 이유다 두산중공업 매출 및 신규수주 추이  [중앙포토] 이런 가운데 두산중공업의 정책금융 의존도는 더욱 커지고 있다  두산중공업은 전년보다   이상 증가한 약  조 억원을 올해 수주 목표치로 제시했다  하지만 올해 수주 목표의  도 이미 수출입은행의  억원 금융지원으로 결정된 해외석탄화력발전 베트남 붕앙  호기  투자로 채운 것으로 나타났다 이밖에도 두산중공업은 삼척석탄화력발전소를 건설하는 과정에서 산업은행으로부터  조원 규모 금융을 지원받는 등 정책금융을 끌어안고 있는 것으로 나타났다  산업은행은 삼척석탄화력발전소 건설 과정에서 불거진 두산중공업 출자자 약정 위반을 무마하는 등 우회지원을 계속하고 있다  앞서 두산중공업은 삼척석탄화력발전소 설계 조달 시공 EPC  계약 출자자 가점을 위해  억원으로  억원 상당 삼척블루파워 지분  를 인수  차액  억원을  년  월 납입키로 했다  대신 납입 전 기업 신용도가 하락할 경우 출자이행보증서를 제출하기로 대주단인 산업은행 약정했다  하지만 두산중공업 신용등급은  투기  바로 위인 BBB 로 하락했고  잇따른 재무악화까지 더해졌다  결국 출자이행보증서 마련이 어려워진 두산중공업은 삼척석탄화력발전소 공정 진행에 따른 공사대금을 적립하겠다는 대안을 제시  산업은행이 이를 받아줬다 전문가들은 사업 체질 개선을 담보하지 않는 정책금융 지원이  밑 빠진 독에 물을 붓는 꼴 이라고 지적한다  두산중공업의 석탄화력발전 사업 지속이 회생은커녕 손실 규모만 늘릴 수 있기 때문이다  두산중공업이 매출 확대 수단으로 내세운 인도네시아 자와  호기는 한국개발연구원 KDI  예비타당성 조사에서  실제 공사비는 계약 금액을 초과해 두산중공업 손실로 돌아올 것 이라고 평가했다  홍종호 서울대 교수 환경대학원 는  혈세 투입이 기업 경쟁력 강화와는 반대로 쓰이고 있다 고 지적했다 년 말 성능 시험을 거친 두산중공업  발전용 대형 가스터빈  [사진 두산중공업] 전문가들  가스터빈 경쟁력 낮아  새 시장으로 눈 돌려야 더 큰 문제는 두산중공업이 정책자금 지원을 받으며 내건  가스터빈 개발을 통한 사업체질 개선 목표 마저 경쟁력이 떨어지고 있다는 점이다  두산중공업은 지난해 세계에서 다섯 번째로 개발한 액화천연가스 LNG 발전용 대형 가스터빈을 석탄화력발전의 대안으로 꼽고 있다  산업은행 등 국책은행 역시 두산중공업의 가스터빈 시장 진출에 주목했다  산업은행은  년  월 가스터빈 연구개발 시설자금으로  억원을 지원하기도 했다  두산중공업 관계자는  가스터빈 사업을 강화해  년까지 가스터빈 사업부문에서 연  조원 매출을 올릴 계획 이라고 밝혔다 그러나 미국의 제너럴일렉트릭 GE 과 독일의 지멘스 Siemens  등이 독점하고 있는 시장에 두산중공업이 신규 진입하는 것이 쉽지 않을 것이라는 전망이다  두산중공업 가스터빈은  MW 규모인데 더해 이제야 사내 성능 테스트에 돌입했기 때문이다   년 이미 발전시장 변화에 대응했던 제너럴일렉트릭이나 지멘스 등은  MW 규모 가스터빈을 상용화한 지 오래다  비용 대비 효율성이 높다는 의미다  이런 가운데 LNG발전 시장으로의 투자마저 줄고 있다  IEA는 지난해  월 발전시장 전망 보고서에서  가스발전 확정투자결정이 최근  년 연속 감소하고 있다 며  년에만  년과 비교해   가까이 하락했다 고 분석했다 전문가들은 두산중공업이 신재생에너지 전문 발전 기업으로 도약하는 것만이 정책금융 회수 가능성을 키울 수 있는 유일한 방법이라고 보고 있다  김승완 충남대 교수 전기공학과 는  석탄을 포함한 화력발전의 성장 가능성은 낮아지고 있다 며  재원 활용 방향을 완전히 바꿔야 한다 고 말했다  현재 두산중공업은 국내 유일 해상풍력발전 실적을 보유한 기업임에도 국제 경쟁력에선 밀리고 있다  지멘스는  MW급 풍력터빈 기술을 갖춘 반면  두산중공업은  MW급 풍력터빈 기술만을 갖췄다  일각에선 두산중공업이 원전 해체 시장으로 사업 부문을 확대할 필요가 있다는 분석을 내놓고 있다  현재 전세계  국에  호기가 가동 중이고  호기가 해체 전 영구정지 상태에 놓여 있는 만큼 해체 시장의 성장 가능성이 크기 때문이다 배동주 기자 bae dongju joongang co kr 이코노미스트 https economist co kr   내일을 위한 경제뉴스 이코노미스트  무단 전재 및 재배포 금지,2021-05-07,1.2,0.0
334,334,두산중공업  고혈 내준 국민 바람과 달리 석탄 움켜쥐다,2021.05.06 16:41,[혈세  조  수혈 기업]  두산중공업 재무구조 개선했어도 흑자 까먹는 사업체질 개선은 까마득 석탄화력  손실 부메랑  평가에도 산업은행은 눈감고 지원 전문가  풍력 등 재생에너지로 사업 전환 속도 내야  조언 경남 창원시 성산구 두산중공업 내 설치된 대형 크레인  [연합뉴스] 정부는 부실기업의 재기 회생을 위해 다양한 방식으로 자금을 지원한다   공적자금 을 비롯해 산업은행 수출입은행의 대출 등 이른바  정책금융 이다  정책금융의 주체는 은행이고  이 은행의 최대 주주는 대한민국 정부다  사실상 국민의 혈세로 지원하는 것이다   조원 이상 지원을 받았던 국내 기업의 현 상황은 어떤지 [이코노미스트]가 대표 기업  곳을 분석했다  [편집자] 두산중공업이 정책금융의 새로운  블랙홀 로 올라섰다  지난해 수출입은행 등 국책은행으로부터 수혈 받은 혈세  조 억원으로 당장의 재무위기는 매웠지만  매출 하락을 막을 체질 개선은 좀처럼 이뤄지지 않고 있어서다  특히 두산중공업이 실적을 개선하기 위해 꺼내든 가스터빈 사업의 성장 가능성이 갈수록 낮아지고 있다  일각에선  재무위기 개선의 뒤에도 산업은행 등이 쏟은 정책금융이 자리했다 며  자금 투입은 계속 늘어날 것 이라고 지적하고 있다 지난해 산업은행과 수출입은행 등이 두산중공업으로 지원한 혈세  조 억원은 두산중공업의 재무위기 개선에만 쓰였다  두산중공업은 지난해 당장 갚아야 하는 돈을 지원받은 혈세로 메우고   조 억원 규모의 재무구조 개선안 이행에 열을 올렸다  특히 두산중공업은 산업은행 수출입은행으로부터  조원 규모 신용공여를 받은 지  여일 만에 골프장 클럽모우CC  빚을 메우는 데  억원을 사용했다  이후 두산중공업은 골프장을 매각해 매각대금으로 부채를 메웠다 월  일 두산중공업이 내놓은 투자자 설명자료 IR  보고서에 따르면 두산중공업은 지난  분기 기준  억원 당기순이익을 기록   년  분기 억원  이후  분기 만에 흑자전환했다  두산중공업은 지난해 클럽모우CC를 시작으로 동대문 두산타워 억원  두산솔루스 억원   두산 모트롤BG 억원  네오플럭스 억원  등을 매각  자구안 이행  부 능선을 넘었다  두산인프라코어를 현대중공업그룹에  억원에 넘기면 일단의 자구안 이행이 완료된다 두산중공업 정책금융 지원 현황 [중앙포토] 재무위기 부른 화력발전  그래도 손 못 놓는 두산중공업 그러나 매출은 주는데 이익만 늘어난 이른바 불황형 흑자였다  불황형 흑자란 전에 비해 수익과 지출 모두 줄었는데 지출이 더 많이 줄다 보니 울며 겨자 먹기식으로 흑자가 되는 현상을 말한다  혈세 투입에도 사업체질 개선은 좀처럼 이뤄지지 않고 있어서다 국내 유일의 발전설비 업체인 두산중공업은 발전설비 시장이 석탄화력발전에서 재생가능에너지로 변화하기 시작한  년 이후 꾸준한 매출 하락을 겪고 있다  전체 매출의  를 석탄화력발전에서만 창출했기 때문이다  두산중공업은 지난해 혈세 투입에도 올해  분기 연결 기준 매출  조 억원을 기록  전년 대비   넘는 매출 하락을 기록했다 두산중공업이 발전설비 시장의 변화에 대응하지 못하고 있다는 지적을 받는 이유도 그 때문이다  두산중공업은 최근  년간 수주 실적의   이상도 해외 석탄발전 사업으로 채웠다  화석연료 기반의 발전산업에 대한 글로벌 투자가 급격히 줄고 있는 것과 대조된다  국제에너지기구 IEA 에 따르면 전 세계 석탄화력발전 확정투자결정 규모는  년  GW에서  년  GW로 급감했다   GW는 두산중공업이 건설 중인 삼척화력발전소  호기 GW   개를 건설할 수 있는 규모에 불과한 것으로 나타났다 문제는 두산중공업의 석탄화력발전 집중이 재차 산업은행이나 수출입은행의 정책금융 지원으로 이어진다는 점이다  두산중공업은 지난해  월 인도네시아 자바 섬에 석탄화력발전소인 자와  호기 설립하는 해외 사업을 수주했다  이는 지난해 두산중공업 전체 신규 수주의  를 차지한 데 이어  산업은행과 수출입은행이  조원 가까운 금융지원을 하고 있는 것으로 나타났다  윤세종 기후솔루션 변호사는  국책은행의 금융지원이 없으면 수주 자체가 안 되는 만큼 지난해 두산중공업이 받은 정책금융 지원금 규모는 자와  호기를 포함  조원을 훌쩍 넘는다 고 말했다 지난해 두산중공업이 진행한 자구안 이행 뒤에도 대부분 정책금융이 자리했다  예컨대 두산솔루스를 인수 억원 한 사모투자펀드 PEF  운용사 스카이레이크에쿼티파트너스의 뒤에 정책금융이 있었다  스카이레이크에쿼티파트너스 신규 펀드 제 호 블라인드펀드 에 위탁운영을 맡긴 투자 출자자는 교직원공제회 억원 군인공제회 억원 산업은행 및 한국성장금융 억원 사학연금 억원 국민연금 억원  같은 공적 연기금인 것으로 확인됐다  네오플럭스 인수자도 준공공적 성격을 갖는 신한금융지주고  모트롤사업부를 인수한 소시어스 웰투시 컨소시엄은 산업은행 인수합병 M A 실 출신이 대표를 맡고 있다  시장에서  산업은행이 매각 자산 인수에도 폭넓게 개입하는 모습 이라는 말이 흘러나오는 이유다 두산중공업 매출 및 신규수주 추이  [중앙포토] 이런 가운데 두산중공업의 정책금융 의존도는 더욱 커지고 있다  두산중공업은 전년보다   이상 증가한 약  조 억원을 올해 수주 목표치로 제시했다  하지만 올해 수주 목표의  도 이미 수출입은행의  억원 금융지원으로 결정된 해외석탄화력발전 베트남 붕앙  호기  투자로 채운 것으로 나타났다 이밖에도 두산중공업은 삼척석탄화력발전소를 건설하는 과정에서 산업은행으로부터  조원 규모 금융을 지원받는 등 정책금융을 끌어안고 있는 것으로 나타났다  산업은행은 삼척석탄화력발전소 건설 과정에서 불거진 두산중공업 출자자 약정 위반을 무마하는 등 우회지원을 계속하고 있다  앞서 두산중공업은 삼척석탄화력발전소 설계 조달 시공 EPC  계약 출자자 가점을 위해  억원으로  억원 상당 삼척블루파워 지분  를 인수  차액  억원을  년  월 납입키로 했다  대신 납입 전 기업 신용도가 하락할 경우 출자이행보증서를 제출하기로 대주단인 산업은행 약정했다  하지만 두산중공업 신용등급은  투기  바로 위인 BBB 로 하락했고  잇따른 재무악화까지 더해졌다  결국 출자이행보증서 마련이 어려워진 두산중공업은 삼척석탄화력발전소 공정 진행에 따른 공사대금을 적립하겠다는 대안을 제시  산업은행이 이를 받아줬다 전문가들은 사업 체질 개선을 담보하지 않는 정책금융 지원이  밑 빠진 독에 물을 붓는 꼴 이라고 지적한다  두산중공업의 석탄화력발전 사업 지속이 회생은커녕 손실 규모만 늘릴 수 있기 때문이다  두산중공업이 매출 확대 수단으로 내세운 인도네시아 자와  호기는 한국개발연구원 KDI  예비타당성 조사에서  실제 공사비는 계약 금액을 초과해 두산중공업 손실로 돌아올 것 이라고 평가했다  홍종호 서울대 교수 환경대학원 는  혈세 투입이 기업 경쟁력 강화와는 반대로 쓰이고 있다 고 지적했다 년 말 성능 시험을 거친 두산중공업  발전용 대형 가스터빈  [사진 두산중공업] 전문가들  가스터빈 경쟁력 낮아  새 시장으로 눈 돌려야 더 큰 문제는 두산중공업이 정책자금 지원을 받으며 내건  가스터빈 개발을 통한 사업체질 개선 목표 마저 경쟁력이 떨어지고 있다는 점이다  두산중공업은 지난해 세계에서 다섯 번째로 개발한 액화천연가스 LNG 발전용 대형 가스터빈을 석탄화력발전의 대안으로 꼽고 있다  산업은행 등 국책은행 역시 두산중공업의 가스터빈 시장 진출에 주목했다  산업은행은  년  월 가스터빈 연구개발 시설자금으로  억원을 지원하기도 했다  두산중공업 관계자는  가스터빈 사업을 강화해  년까지 가스터빈 사업부문에서 연  조원 매출을 올릴 계획 이라고 밝혔다 그러나 미국의 제너럴일렉트릭 GE 과 독일의 지멘스 Siemens  등이 독점하고 있는 시장에 두산중공업이 신규 진입하는 것이 쉽지 않을 것이라는 전망이다  두산중공업 가스터빈은  MW 규모인데 더해 이제야 사내 성능 테스트에 돌입했기 때문이다   년 이미 발전시장 변화에 대응했던 제너럴일렉트릭이나 지멘스 등은  MW 규모 가스터빈을 상용화한 지 오래다  비용 대비 효율성이 높다는 의미다  이런 가운데 LNG발전 시장으로의 투자마저 줄고 있다  IEA는 지난해  월 발전시장 전망 보고서에서  가스발전 확정투자결정이 최근  년 연속 감소하고 있다 며  년에만  년과 비교해   가까이 하락했다 고 분석했다 전문가들은 두산중공업이 신재생에너지 전문 발전 기업으로 도약하는 것만이 정책금융 회수 가능성을 키울 수 있는 유일한 방법이라고 보고 있다  김승완 충남대 교수 전기공학과 는  석탄을 포함한 화력발전의 성장 가능성은 낮아지고 있다 며  재원 활용 방향을 완전히 바꿔야 한다 고 말했다  현재 두산중공업은 국내 유일 해상풍력발전 실적을 보유한 기업임에도 국제 경쟁력에선 밀리고 있다  지멘스는  MW급 풍력터빈 기술을 갖춘 반면  두산중공업은  MW급 풍력터빈 기술만을 갖췄다  일각에선 두산중공업이 원전 해체 시장으로 사업 부문을 확대할 필요가 있다는 분석을 내놓고 있다  현재 전세계  국에  호기가 가동 중이고  호기가 해체 전 영구정지 상태에 놓여 있는 만큼 해체 시장의 성장 가능성이 크기 때문이다 배동주 기자 bae dongju joongang co kr 이코노미스트 https economist co kr   내일을 위한 경제뉴스 이코노미스트  무단 전재 및 재배포 금지,2021-05-07,1.2,0.0
335,335,[클릭 e종목]  고비 넘긴 두산중공업  가능성은 보여줬다 ,2021.05.10 08:09, Q 영업익  억 전년   전통 발전부터 수소 풍력 등 차세대까지 잠재력 여전 정부가 자금난을 겪고 있는 두산중공업에 산업은행과 수출입은행을 통해  조 원을 수혈하기로한  일 서울 동대문구 두산타워 건물이 보이고 있다 강진형 기자aymsdream [아시아경제 이민우 기자] 올해  분기 두산중공업이 지난해보다 성장한 실적을 보이며 고비는 넘겼다는 평가다  국내 발전 기자재  대장주 인 만큼 성장 잠재력은 남아있다는 분석이다 일 대신증권은 두산중공업의 올해  분기 실적을 이 같이 평가했다  두산중공업은 올해  분기 연결 기준 매출  조 억원  영업이익  억원을 기록했다  전년 동기 대비 각각     증가한 규모다  중공업 부문의 별도 실적과 해외 자회사의 합산  분기 실적은 매출  조 억원  영업이익  억원이었다  전년 동기 대비 매출은   줄었고 영업손실은 흑자로 전환했다  매출 감소에도 고정비 감축 효과를 본 것이다 영업 외로는 두산밥캣 주가수익스와프 PRS  평가이익  억원이 반영됐다  당기순이익은  억원으로  년  분기 이후  분기만에 흑자로 전환됐다  신규수주는  조 억원  수주잔고는  조 억원으로 지난해  분기보다 각각     늘었다 대신증권은 두산중공업이 고비는 넘겼다고 평가했다  두산중공업은 올해 경영계획으로 중공업 부문 매출  조 억원  영업이익  억원을 제시했다  전년 동기 대비 매출은   늘리고 영업손실은 흑자로 전환하겠다는 목표다  지난해 명예퇴직비용  억원이 반영된 바 있으며 매출 증가와 원가율 개선으로 흑자 전환이 예상된다  특히 매출액 목표 중  약 조 억원 가 기존 수주잔고에서 발생하면서 고정비 감축으로 연간  조원 수준의 매출에서도 흑자 기조를 유지할 수 있을 것이라는 분석이다  이동헌 대신증권 연구원은  구조조정  클럽모우 매각  두산퓨얼셀 지분 수증  유상증자  두산인프라코어 매각 등으로 순조로운 재무구조 개선 흐름이 예상된다 고 설명했다 국내 발전 기자재 관련  대장주 로 꼽히는 만큼 잠재력은 여전히 남아있다고 봤다  원자력 발전  석탄화력  액화천연가스 LNG 복합화력의 전통 발전부터 풍력  수소  차세대 가스터빈  소형 원전 등 발전 신사업까지 아우르고 있기 때문이다  이 연구원은  원전은 대형  소형  해체 사업 등 모든 라인업을 보유했으며 가스터빈 개발 완료 및 실증 마무리 단계인 점  한국형 풍력터빈  수소연료전지 등 신사업이 꾸준히 펼쳐질 것 이라며  연내 산업은행 대출 자금  조 억원 가량 중  조 억원 이상 상환할 수 있을 것 이라고 내다봤다 한편 대신증권은 두산중공업에 대해 투자의견과 목표주가 모두 제시하지 않았다  전거래일 종가는  만 원이었다 이민우 기자 letzwin asiae co kr  속 시원한 풀이   년 정통사주 운세 토정비결  내가 몰랐던 당신들의 이야기 [나돌] 네이버TV  투자 성공의 핵심은 기업분석   CORE  바로가기 경제를 보는 눈  세계를 보는 창 아시아경제 무단전재 배포금지 ,2021-05-10,3.56,1.0
336,336,[클릭 e종목]  고비 넘긴 두산중공업  가능성은 보여줬다 ,2021.05.10 08:09, Q 영업익  억 전년   전통 발전부터 수소 풍력 등 차세대까지 잠재력 여전 정부가 자금난을 겪고 있는 두산중공업에 산업은행과 수출입은행을 통해  조 원을 수혈하기로한  일 서울 동대문구 두산타워 건물이 보이고 있다 강진형 기자aymsdream [아시아경제 이민우 기자] 올해  분기 두산중공업이 지난해보다 성장한 실적을 보이며 고비는 넘겼다는 평가다  국내 발전 기자재  대장주 인 만큼 성장 잠재력은 남아있다는 분석이다 일 대신증권은 두산중공업의 올해  분기 실적을 이 같이 평가했다  두산중공업은 올해  분기 연결 기준 매출  조 억원  영업이익  억원을 기록했다  전년 동기 대비 각각     증가한 규모다  중공업 부문의 별도 실적과 해외 자회사의 합산  분기 실적은 매출  조 억원  영업이익  억원이었다  전년 동기 대비 매출은   줄었고 영업손실은 흑자로 전환했다  매출 감소에도 고정비 감축 효과를 본 것이다 영업 외로는 두산밥캣 주가수익스와프 PRS  평가이익  억원이 반영됐다  당기순이익은  억원으로  년  분기 이후  분기만에 흑자로 전환됐다  신규수주는  조 억원  수주잔고는  조 억원으로 지난해  분기보다 각각     늘었다 대신증권은 두산중공업이 고비는 넘겼다고 평가했다  두산중공업은 올해 경영계획으로 중공업 부문 매출  조 억원  영업이익  억원을 제시했다  전년 동기 대비 매출은   늘리고 영업손실은 흑자로 전환하겠다는 목표다  지난해 명예퇴직비용  억원이 반영된 바 있으며 매출 증가와 원가율 개선으로 흑자 전환이 예상된다  특히 매출액 목표 중  약 조 억원 가 기존 수주잔고에서 발생하면서 고정비 감축으로 연간  조원 수준의 매출에서도 흑자 기조를 유지할 수 있을 것이라는 분석이다  이동헌 대신증권 연구원은  구조조정  클럽모우 매각  두산퓨얼셀 지분 수증  유상증자  두산인프라코어 매각 등으로 순조로운 재무구조 개선 흐름이 예상된다 고 설명했다 국내 발전 기자재 관련  대장주 로 꼽히는 만큼 잠재력은 여전히 남아있다고 봤다  원자력 발전  석탄화력  액화천연가스 LNG 복합화력의 전통 발전부터 풍력  수소  차세대 가스터빈  소형 원전 등 발전 신사업까지 아우르고 있기 때문이다  이 연구원은  원전은 대형  소형  해체 사업 등 모든 라인업을 보유했으며 가스터빈 개발 완료 및 실증 마무리 단계인 점  한국형 풍력터빈  수소연료전지 등 신사업이 꾸준히 펼쳐질 것 이라며  연내 산업은행 대출 자금  조 억원 가량 중  조 억원 이상 상환할 수 있을 것 이라고 내다봤다 한편 대신증권은 두산중공업에 대해 투자의견과 목표주가 모두 제시하지 않았다  전거래일 종가는  만 원이었다 이민우 기자 letzwin asiae co kr  속 시원한 풀이   년 정통사주 운세 토정비결  내가 몰랐던 당신들의 이야기 [나돌] 네이버TV  투자 성공의 핵심은 기업분석   CORE  바로가기 경제를 보는 눈  세계를 보는 창 아시아경제 무단전재 배포금지 ,2021-05-10,3.56,1.0
337,337,[클릭 e종목]  고비 넘긴 두산중공업  가능성은 보여줬다 ,2021.05.10 08:09, Q 영업익  억 전년   전통 발전부터 수소 풍력 등 차세대까지 잠재력 여전 정부가 자금난을 겪고 있는 두산중공업에 산업은행과 수출입은행을 통해  조 원을 수혈하기로한  일 서울 동대문구 두산타워 건물이 보이고 있다 강진형 기자aymsdream [아시아경제 이민우 기자] 올해  분기 두산중공업이 지난해보다 성장한 실적을 보이며 고비는 넘겼다는 평가다  국내 발전 기자재  대장주 인 만큼 성장 잠재력은 남아있다는 분석이다 일 대신증권은 두산중공업의 올해  분기 실적을 이 같이 평가했다  두산중공업은 올해  분기 연결 기준 매출  조 억원  영업이익  억원을 기록했다  전년 동기 대비 각각     증가한 규모다  중공업 부문의 별도 실적과 해외 자회사의 합산  분기 실적은 매출  조 억원  영업이익  억원이었다  전년 동기 대비 매출은   줄었고 영업손실은 흑자로 전환했다  매출 감소에도 고정비 감축 효과를 본 것이다 영업 외로는 두산밥캣 주가수익스와프 PRS  평가이익  억원이 반영됐다  당기순이익은  억원으로  년  분기 이후  분기만에 흑자로 전환됐다  신규수주는  조 억원  수주잔고는  조 억원으로 지난해  분기보다 각각     늘었다 대신증권은 두산중공업이 고비는 넘겼다고 평가했다  두산중공업은 올해 경영계획으로 중공업 부문 매출  조 억원  영업이익  억원을 제시했다  전년 동기 대비 매출은   늘리고 영업손실은 흑자로 전환하겠다는 목표다  지난해 명예퇴직비용  억원이 반영된 바 있으며 매출 증가와 원가율 개선으로 흑자 전환이 예상된다  특히 매출액 목표 중  약 조 억원 가 기존 수주잔고에서 발생하면서 고정비 감축으로 연간  조원 수준의 매출에서도 흑자 기조를 유지할 수 있을 것이라는 분석이다  이동헌 대신증권 연구원은  구조조정  클럽모우 매각  두산퓨얼셀 지분 수증  유상증자  두산인프라코어 매각 등으로 순조로운 재무구조 개선 흐름이 예상된다 고 설명했다 국내 발전 기자재 관련  대장주 로 꼽히는 만큼 잠재력은 여전히 남아있다고 봤다  원자력 발전  석탄화력  액화천연가스 LNG 복합화력의 전통 발전부터 풍력  수소  차세대 가스터빈  소형 원전 등 발전 신사업까지 아우르고 있기 때문이다  이 연구원은  원전은 대형  소형  해체 사업 등 모든 라인업을 보유했으며 가스터빈 개발 완료 및 실증 마무리 단계인 점  한국형 풍력터빈  수소연료전지 등 신사업이 꾸준히 펼쳐질 것 이라며  연내 산업은행 대출 자금  조 억원 가량 중  조 억원 이상 상환할 수 있을 것 이라고 내다봤다 한편 대신증권은 두산중공업에 대해 투자의견과 목표주가 모두 제시하지 않았다  전거래일 종가는  만 원이었다 이민우 기자 letzwin asiae co kr  속 시원한 풀이   년 정통사주 운세 토정비결  내가 몰랐던 당신들의 이야기 [나돌] 네이버TV  투자 성공의 핵심은 기업분석   CORE  바로가기 경제를 보는 눈  세계를 보는 창 아시아경제 무단전재 배포금지 ,2021-05-10,3.56,1.0
338,338,두산중공업  고비는 넘겼다 발전기자재 대장주  대신,2021.05.10 08:14,[이데일리 김재은 기자] 대신증권은  일 두산중공업 에 대해 고비는 넘어갔고  국내 발전 기자재 대장주로 가능성을 보여줬다고 평가했다  투자의견이나 목표주가는 제시하지 않았다 두산중공업은 지난  분기 연결기준 매출  조 억원  영업이익  억원으로 전년동기대비     각각 증가했다  시장컨센서스는 제시되지 않았다 중공업 부문의  분기 매출은  조 억원  영업이익  억원으로 매출은 전년동기대비   줄었지만  영업이익은 흑자전환에 성공했다  지난해  분기 영업손실은  억원에 달했다 영업외로는 두산밥캣 PRS 평가이익  억원이 반영됐고  당기순이익은  억원으로  년  분기 이후  분기만에 흑자전환했다 신규수주는  조 억원으로 전년동기대비   늘었고  수주잔고는  조 억원으로   증가했다 이동헌 이태환 대신증권 연구원은  올해 중공업부문 매출  조 억원  영업이익  억원으로 경영계획을 발표했다 며  매출액 목표  조 억원중  조 억원은 기수주잔고에서 발생하지만 고정비 감축으로 연간  조원 수준의 매출에서도 흑자기조 유지가 가능해졌다 고 분석했다 올해 수주계획은  조 억원으로 이중  분기 수주는  조 억원이고 서비스 기자재  조 억원 등  조 억원 은 가시성 높은 물량이라는 분석이다 이 연구원은  구조조정  클럽모우 매각  두산퓨얼셀 지분 수증  유상증자  두산퓨얼셀 현물출자  인프라코어 매각 등으로 순조로운 재무구조 개선 흐름을 보이고 있다 며  국내 발전 기자재 대장주로 시간은 걸리겠지만  보여줄 건 많다 고 평가했다 특히  원전  석탄화력  LNG복합화력의 전통발전 및 풍력  수소  차세대 가스터빈  소형 원전 등 발전 신사업 등 명실공히 국내 발전 기자재 대장주 라며  원전은 대형  소형  해체사업 등 모든 라인업을 보유하고 잇고  가스터빈 개발 완료 및 실증도 마무리 단계 라고 설명했다 그는  연내 산업은행 대출자금  조 억원 중  조 억원이상을 상환할 전망이지만  각 사업별로 안정되는데 시간이 걸린다는 게 변수 라며  중장기로는 국내에서의 확보한 입지가 담보돼있다 고 판단했다 김재은  aladin edaily co kr   시간 빠른  미리보는 뉴스  eNews  네이버에서  이데일리 뉴스 를 만나보세요  빡침해소  청춘뉘우스  스냅타임 종합 경제정보 미디어 이데일리   무단전재   재배포 금지 ,2021-05-10,3.56,1.0
339,339,두산중공업  고비는 넘겼다 발전기자재 대장주  대신,2021.05.10 08:14,[이데일리 김재은 기자] 대신증권은  일 두산중공업 에 대해 고비는 넘어갔고  국내 발전 기자재 대장주로 가능성을 보여줬다고 평가했다  투자의견이나 목표주가는 제시하지 않았다 두산중공업은 지난  분기 연결기준 매출  조 억원  영업이익  억원으로 전년동기대비     각각 증가했다  시장컨센서스는 제시되지 않았다 중공업 부문의  분기 매출은  조 억원  영업이익  억원으로 매출은 전년동기대비   줄었지만  영업이익은 흑자전환에 성공했다  지난해  분기 영업손실은  억원에 달했다 영업외로는 두산밥캣 PRS 평가이익  억원이 반영됐고  당기순이익은  억원으로  년  분기 이후  분기만에 흑자전환했다 신규수주는  조 억원으로 전년동기대비   늘었고  수주잔고는  조 억원으로   증가했다 이동헌 이태환 대신증권 연구원은  올해 중공업부문 매출  조 억원  영업이익  억원으로 경영계획을 발표했다 며  매출액 목표  조 억원중  조 억원은 기수주잔고에서 발생하지만 고정비 감축으로 연간  조원 수준의 매출에서도 흑자기조 유지가 가능해졌다 고 분석했다 올해 수주계획은  조 억원으로 이중  분기 수주는  조 억원이고 서비스 기자재  조 억원 등  조 억원 은 가시성 높은 물량이라는 분석이다 이 연구원은  구조조정  클럽모우 매각  두산퓨얼셀 지분 수증  유상증자  두산퓨얼셀 현물출자  인프라코어 매각 등으로 순조로운 재무구조 개선 흐름을 보이고 있다 며  국내 발전 기자재 대장주로 시간은 걸리겠지만  보여줄 건 많다 고 평가했다 특히  원전  석탄화력  LNG복합화력의 전통발전 및 풍력  수소  차세대 가스터빈  소형 원전 등 발전 신사업 등 명실공히 국내 발전 기자재 대장주 라며  원전은 대형  소형  해체사업 등 모든 라인업을 보유하고 잇고  가스터빈 개발 완료 및 실증도 마무리 단계 라고 설명했다 그는  연내 산업은행 대출자금  조 억원 중  조 억원이상을 상환할 전망이지만  각 사업별로 안정되는데 시간이 걸린다는 게 변수 라며  중장기로는 국내에서의 확보한 입지가 담보돼있다 고 판단했다 김재은  aladin edaily co kr   시간 빠른  미리보는 뉴스  eNews  네이버에서  이데일리 뉴스 를 만나보세요  빡침해소  청춘뉘우스  스냅타임 종합 경제정보 미디어 이데일리   무단전재   재배포 금지 ,2021-05-10,3.56,1.0
340,340,두산중공업  대구 청주 열병합발전소 기자재 수주,2021.05.12 08:47,두 곳 발전소에 터빈 발전기 각  기씩 공급 국제 입찰 통해 해외 경쟁사 제치고 수주 성공[이데일리 김영수 기자] 두산중공업 은 대구 청주 열병합발전소 기자재 공급 계약을 발주처인 롯데건설과 체결했다고  일 밝혔다  수주 금액은  억원 규모다 두 곳의 프로젝트는 지역 내 에너지 수요와 주민들의 친환경 에너지 전환 요구에 부응해 LNG를 사용하는 열병합발전소로 건설된다  열병합발전소는 전력과 지역난방을 위한 열을 동시에 공급할 수 있다 이번 공급 계약을 통해 두산중공업은 대구와 청주 열병합발전소에  MW급 증기터빈과 발전기 각  기씩을  년  월 까지 공급할 예정이며 롯데건설은 EPC 공사를 수행한다 박홍욱 두산중공업 파워서비스 BG장은  국제 입찰을 거쳐 해외 경쟁사를 제치고 수주에 성공해 더욱 의미가 있다 며  국내 친환경 프로젝트에 국산 기자재를 공급해 지역 사회에 기여할 수 있도록 하겠다 고 밝혔다 차 전력개발 기본계획에 따르면  년까지 LNG 발전 프로젝트는 약  GW 이며 이중 절반인  GW 규모가 열병합발전소로 건설될 예정이다 두산중공업은 현재 국내에서 김포열병합발전소 MW급 를 건설 중이며 해외에서는 사우디 파드힐리 Fadhili  복합화력발전소 건설  UAE 푸자이라 Fujairah  복합화력 발전설비 등 다양한 LNG 발전 수주 실적을 보유하고 있다 김영수  kys edaily co kr   시간 빠른  미리보는 뉴스  eNews  네이버에서  이데일리 뉴스 를 만나보세요  빡침해소  청춘뉘우스  스냅타임 종합 경제정보 미디어 이데일리   무단전재   재배포 금지 ,2021-05-12,-3.08,-1.0
341,341,두산중공업  대구 청주 열병합발전소 기자재 수주,2021.05.12 08:47,두 곳 발전소에 터빈 발전기 각  기씩 공급 국제 입찰 통해 해외 경쟁사 제치고 수주 성공[이데일리 김영수 기자] 두산중공업 은 대구 청주 열병합발전소 기자재 공급 계약을 발주처인 롯데건설과 체결했다고  일 밝혔다  수주 금액은  억원 규모다 두 곳의 프로젝트는 지역 내 에너지 수요와 주민들의 친환경 에너지 전환 요구에 부응해 LNG를 사용하는 열병합발전소로 건설된다  열병합발전소는 전력과 지역난방을 위한 열을 동시에 공급할 수 있다 이번 공급 계약을 통해 두산중공업은 대구와 청주 열병합발전소에  MW급 증기터빈과 발전기 각  기씩을  년  월 까지 공급할 예정이며 롯데건설은 EPC 공사를 수행한다 박홍욱 두산중공업 파워서비스 BG장은  국제 입찰을 거쳐 해외 경쟁사를 제치고 수주에 성공해 더욱 의미가 있다 며  국내 친환경 프로젝트에 국산 기자재를 공급해 지역 사회에 기여할 수 있도록 하겠다 고 밝혔다 차 전력개발 기본계획에 따르면  년까지 LNG 발전 프로젝트는 약  GW 이며 이중 절반인  GW 규모가 열병합발전소로 건설될 예정이다 두산중공업은 현재 국내에서 김포열병합발전소 MW급 를 건설 중이며 해외에서는 사우디 파드힐리 Fadhili  복합화력발전소 건설  UAE 푸자이라 Fujairah  복합화력 발전설비 등 다양한 LNG 발전 수주 실적을 보유하고 있다 김영수  kys edaily co kr   시간 빠른  미리보는 뉴스  eNews  네이버에서  이데일리 뉴스 를 만나보세요  빡침해소  청춘뉘우스  스냅타임 종합 경제정보 미디어 이데일리   무단전재   재배포 금지 ,2021-05-12,-3.08,-1.0
342,342,두산중공업   억 규모  대구 청주 열병합발전소 기자재 수주,2021.05.12 08:57,두산중공업 은 대구 청주 열병합발전소 기자재 공급 계약을 발주처인 롯데건설과 체결했다고  일 밝혔다  수주 금액은  억원 규모다 서울 중구 두산타워 두산중공업에 따르면  두 곳의 프로젝트는 지역 내 에너지 수요와 주민들의 친환경 에너지 전환 요구에 부응해 액화천연가스 LNG 를 사용하는 열병합발전소로 건설된다  열병합발전소는 전력과 지역난방을 위한 열을 동시에 공급할 수 있다 이번 공급 계약을 통해 두산중공업은 대구와 청주 열병합발전소에  MW급 증기터빈과 발전기 각  기씩을  년  월 까지 공급할 예정이며  롯데건설은 일괄도급방식 EPC  공사를 수행한다 박홍욱 두산중공업 파워서비스 비즈니스그룹 BG 장은  국제 입찰을 거쳐 해외 경쟁사를 제치고 수주에 성공해 더욱 의미가 있다 면서  국내 친환경 프로젝트에 국산 기자재를 공급해 지역 사회에 기여할 수 있도록 하겠다 고 말했다 [정민하 기자 min chosunbiz com] 네이버에서  명품 경제뉴스  조선비즈를 구독하세요 보험사기 최대라는데  도움 안되는 정부대책반 탑텐  누구 손에  지분 늘리는 아들 사위 저작권자   조선비즈  무단 전재 및 재배포 금지,2021-05-12,-3.08,-1.0
343,343,두산중공업   억 규모  대구 청주 열병합발전소 기자재 수주,2021.05.12 08:57,두산중공업 은 대구 청주 열병합발전소 기자재 공급 계약을 발주처인 롯데건설과 체결했다고  일 밝혔다  수주 금액은  억원 규모다 서울 중구 두산타워 두산중공업에 따르면  두 곳의 프로젝트는 지역 내 에너지 수요와 주민들의 친환경 에너지 전환 요구에 부응해 액화천연가스 LNG 를 사용하는 열병합발전소로 건설된다  열병합발전소는 전력과 지역난방을 위한 열을 동시에 공급할 수 있다 이번 공급 계약을 통해 두산중공업은 대구와 청주 열병합발전소에  MW급 증기터빈과 발전기 각  기씩을  년  월 까지 공급할 예정이며  롯데건설은 일괄도급방식 EPC  공사를 수행한다 박홍욱 두산중공업 파워서비스 비즈니스그룹 BG 장은  국제 입찰을 거쳐 해외 경쟁사를 제치고 수주에 성공해 더욱 의미가 있다 면서  국내 친환경 프로젝트에 국산 기자재를 공급해 지역 사회에 기여할 수 있도록 하겠다 고 말했다 [정민하 기자 min chosunbiz com] 네이버에서  명품 경제뉴스  조선비즈를 구독하세요 보험사기 최대라는데  도움 안되는 정부대책반 탑텐  누구 손에  지분 늘리는 아들 사위 저작권자   조선비즈  무단 전재 및 재배포 금지,2021-05-12,-3.08,-1.0
344,344,두산중공업   억원 규모 열병합발전소 발전기 증기터빈 공급 계약,2021.05.12 09:07,[머니투데이 장덕진 기자] 창원 뉴스  박정호 기자   문재인 대통령이  일 오후 스마트그린 산업단지로 도약할 경남 창원 산업단지를 방문  스마트공장 현장인 두산중공업 가스터빈고온부품공장을 시찰하고 있다   뉴스 두산중공업이 롯데건설과 대구 청주 열병합발전소 기자재 공급 계약을 체결했다고  일 밝혔다  두산중공업은 두 곳의 열병합발전소에  MW급 증기터빈과 발전기 각  기씩을  년  월까지 공급할 예정이다  수주 금액은  억원 규모다 해당 발전소는 LNG 액화천연가스 를 사용해 전력과 지역난방을 위한 열을 동시에 공급할 수 있다  롯데건설은 지역 내 에너지 수요와 주민들의 친환경 에너지 전환 요구에 부응해 LNG열병합발전소로 EPC 설계 조달 시공  공사를 수행하며 두산중공업은 기자재를 공급한다 차 전력개발 기본계획에 따르면  년까지 LNG 발전 프로젝트는 약  GW 이며  이중 절반인  GW 규모가 열병합발전소로 건설될 예정이다 두산중공업은 현재 국내에서 김포열병합발전소 MW급 를 건설 중이며  해외에서는 사우디 파드힐리 Fadhili  복합화력발전소 건설  UAE 푸자이라 Fujairah  복합화력 발전설비 등 다양한 LNG 발전 수주 실적을 보유하고 있다 박홍욱 두산중공업 파워서비스 BG장은  국제 입찰을 거쳐 해외 경쟁사를 제치고 수주에 성공해 더욱 의미가 있다 며  국내 친환경 프로젝트에 국산 기자재를 공급해 지역 사회에 기여할 수 있도록 하겠다 고 밝혔다 장덕진 기자 jdj mt co kr 부동산 투자는 [부릿지] 주식 투자는 [부꾸미TALK] 부자되는 뉴스  머니투데이 구독하기 저작권자    돈이 보이는 리얼타임 뉴스  머니투데이  무단전재 및 재배포 금지 ,2021-05-12,-3.08,-1.0
345,345,두산중공업   억원 규모 열병합발전소 발전기 증기터빈 공급 계약,2021.05.12 09:07,[머니투데이 장덕진 기자] 창원 뉴스  박정호 기자   문재인 대통령이  일 오후 스마트그린 산업단지로 도약할 경남 창원 산업단지를 방문  스마트공장 현장인 두산중공업 가스터빈고온부품공장을 시찰하고 있다   뉴스 두산중공업이 롯데건설과 대구 청주 열병합발전소 기자재 공급 계약을 체결했다고  일 밝혔다  두산중공업은 두 곳의 열병합발전소에  MW급 증기터빈과 발전기 각  기씩을  년  월까지 공급할 예정이다  수주 금액은  억원 규모다 해당 발전소는 LNG 액화천연가스 를 사용해 전력과 지역난방을 위한 열을 동시에 공급할 수 있다  롯데건설은 지역 내 에너지 수요와 주민들의 친환경 에너지 전환 요구에 부응해 LNG열병합발전소로 EPC 설계 조달 시공  공사를 수행하며 두산중공업은 기자재를 공급한다 차 전력개발 기본계획에 따르면  년까지 LNG 발전 프로젝트는 약  GW 이며  이중 절반인  GW 규모가 열병합발전소로 건설될 예정이다 두산중공업은 현재 국내에서 김포열병합발전소 MW급 를 건설 중이며  해외에서는 사우디 파드힐리 Fadhili  복합화력발전소 건설  UAE 푸자이라 Fujairah  복합화력 발전설비 등 다양한 LNG 발전 수주 실적을 보유하고 있다 박홍욱 두산중공업 파워서비스 BG장은  국제 입찰을 거쳐 해외 경쟁사를 제치고 수주에 성공해 더욱 의미가 있다 며  국내 친환경 프로젝트에 국산 기자재를 공급해 지역 사회에 기여할 수 있도록 하겠다 고 밝혔다 장덕진 기자 jdj mt co kr 부동산 투자는 [부릿지] 주식 투자는 [부꾸미TALK] 부자되는 뉴스  머니투데이 구독하기 저작권자    돈이 보이는 리얼타임 뉴스  머니투데이  무단전재 및 재배포 금지 ,2021-05-12,-3.08,-1.0
346,346,두산중공업  대구 청주 열병합발전소 기자재 수주 억원 규모,2021.05.12 09:09,[아시아경제 김혜원 기자] 두산중공업은 롯데건설과 대구 청주 열병합발전소 기자재 공급 계약을 체결했다고  일 밝혔다  수주 금액은  억원 규모다 두 곳의 프로젝트는 지역 내 에너지 수요와 주민들의 친환경 에너지 전환 요구에 부응해 액화천연가스 LNG 를 사용하는 열병합발전소로 건설된다  열병합발전소는 전력과 지역난방을 위한 열을 동시에 공급할 수 있다 이번 공급 계약을 통해 두산중공업은 대구와 청주 열병합발전소에  MW급 증기터빈과 발전기 각  기씩을  년  월까지 공급할 예정이며 롯데건설은 EPC 설계 조달 시공  공사를 수행한다 두산중공업 박홍욱 파워서비스 BG장은  국제 입찰을 거쳐 해외 경쟁사를 제치고 수주에 성공해 더욱 의미가 있다 면서  국내 친환경 프로젝트에 국산 기자재를 공급해 지역 사회에 기여할 수 있도록 하겠다 고 말했다 김혜원 기자 kimhye asiae co kr  속 시원한 풀이   년 정통사주 운세 토정비결  내가 몰랐던 당신들의 이야기 [나돌] 네이버TV  투자 성공의 핵심은 기업분석   CORE  바로가기 경제를 보는 눈  세계를 보는 창 아시아경제 무단전재 배포금지 ,2021-05-12,-3.08,-1.0
347,347,두산중공업  대구 청주 열병합발전소 기자재 수주 억원 규모,2021.05.12 09:09,[아시아경제 김혜원 기자] 두산중공업은 롯데건설과 대구 청주 열병합발전소 기자재 공급 계약을 체결했다고  일 밝혔다  수주 금액은  억원 규모다 두 곳의 프로젝트는 지역 내 에너지 수요와 주민들의 친환경 에너지 전환 요구에 부응해 액화천연가스 LNG 를 사용하는 열병합발전소로 건설된다  열병합발전소는 전력과 지역난방을 위한 열을 동시에 공급할 수 있다 이번 공급 계약을 통해 두산중공업은 대구와 청주 열병합발전소에  MW급 증기터빈과 발전기 각  기씩을  년  월까지 공급할 예정이며 롯데건설은 EPC 설계 조달 시공  공사를 수행한다 두산중공업 박홍욱 파워서비스 BG장은  국제 입찰을 거쳐 해외 경쟁사를 제치고 수주에 성공해 더욱 의미가 있다 면서  국내 친환경 프로젝트에 국산 기자재를 공급해 지역 사회에 기여할 수 있도록 하겠다 고 말했다 김혜원 기자 kimhye asiae co kr  속 시원한 풀이   년 정통사주 운세 토정비결  내가 몰랐던 당신들의 이야기 [나돌] 네이버TV  투자 성공의 핵심은 기업분석   CORE  바로가기 경제를 보는 눈  세계를 보는 창 아시아경제 무단전재 배포금지 ,2021-05-12,-3.08,-1.0
348,348,두산중공업   억 규모 대구 청주 열병합발전소 기자재 수주,2021.05.12 09:16,터빈 발전기 각  기씩 공급 [파이낸셜뉴스] 두산중공업은 대구 청주 열병합발전소 기자재 공급 계약을 발주처인 롯데건설과 체결했다고  일 밝혔다  수주 금액은  억원 규모다 두 곳의 프로젝트는 지역 내 에너지 수요와 주민들의 친환경 에너지 전환 요구에 부응해 LNG 액화천연가스 를 사용하는 열병합발전소로 건설된다  열병합발전소는 전력과 지역난방을 위한 열을 동시에 공급할 수 있다 이번 공급 계약을 통해 두산중공업은 대구와 청주 열병합발전소에  MW급 증기터빈과 발전기 각  기씩을  년  월 까지 공급할 예정이며ㅡ 롯데건설은 EPC 설계 조달 시공  공사를 수행한다 두산중공업 박홍욱 파워서비스 BG장은  국제 입찰을 거쳐 해외 경쟁사를 제치고 수주에 성공해 더욱 의미가 있다 면서  국내 친환경 프로젝트에 국산 기자재를 공급해 지역 사회에 기여할 수 있도록 하겠다 고 밝혔다 차 전력개발 기본계획에 따르면  년까지 LNG 발전 프로젝트는 약  GW 이며  이중 절반인  GW 규모가 열병합발전소로 건설될 예정이다 두산중공업은 현재 국내에서 김포열병합발전소 MW급 를 건설 중이며  해외에서는 사우디 파드힐리 Fadhili  복합화력발전소 건설  UAE 푸자이라 Fujairah  복합화력 발전설비 등 다양한 LNG 발전 수주 실적을 보유하고 있다 mjk fnnews com 김미정 기자  날로먹고 구워먹는 금융이슈 [파인애플]  모 아 모아 [모아시스]  헉  소리나는 스 토리 뉴스 [헉스]  저작권자   파이낸셜뉴스  무단 전재 재배포 금지,2021-05-12,-3.08,-1.0
349,349,두산중공업   억 규모 대구 청주 열병합발전소 기자재 수주,2021.05.12 09:16,터빈 발전기 각  기씩 공급 [파이낸셜뉴스] 두산중공업은 대구 청주 열병합발전소 기자재 공급 계약을 발주처인 롯데건설과 체결했다고  일 밝혔다  수주 금액은  억원 규모다 두 곳의 프로젝트는 지역 내 에너지 수요와 주민들의 친환경 에너지 전환 요구에 부응해 LNG 액화천연가스 를 사용하는 열병합발전소로 건설된다  열병합발전소는 전력과 지역난방을 위한 열을 동시에 공급할 수 있다 이번 공급 계약을 통해 두산중공업은 대구와 청주 열병합발전소에  MW급 증기터빈과 발전기 각  기씩을  년  월 까지 공급할 예정이며ㅡ 롯데건설은 EPC 설계 조달 시공  공사를 수행한다 두산중공업 박홍욱 파워서비스 BG장은  국제 입찰을 거쳐 해외 경쟁사를 제치고 수주에 성공해 더욱 의미가 있다 면서  국내 친환경 프로젝트에 국산 기자재를 공급해 지역 사회에 기여할 수 있도록 하겠다 고 밝혔다 차 전력개발 기본계획에 따르면  년까지 LNG 발전 프로젝트는 약  GW 이며  이중 절반인  GW 규모가 열병합발전소로 건설될 예정이다 두산중공업은 현재 국내에서 김포열병합발전소 MW급 를 건설 중이며  해외에서는 사우디 파드힐리 Fadhili  복합화력발전소 건설  UAE 푸자이라 Fujairah  복합화력 발전설비 등 다양한 LNG 발전 수주 실적을 보유하고 있다 mjk fnnews com 김미정 기자  날로먹고 구워먹는 금융이슈 [파인애플]  모 아 모아 [모아시스]  헉  소리나는 스 토리 뉴스 [헉스]  저작권자   파이낸셜뉴스  무단 전재 재배포 금지,2021-05-12,-3.08,-1.0
350,350,두산중공업  대구 청주 열병합발전소 기자재  억 수주,2021.05.12 10:06,[헤럴드경제 김성미 기자] 두산중공업은 대구 청주 열병합발전소 기자재 공급 계약을 발주처인 롯데건설과 체결했다고  일 밝혔다  수주 금액은  억원 규모다 두 발전소는 지역 내 에너지 수요와 주민들의 친환경 에너지 전환 요구에 따라 액화천연가스 LNG 를 사용하는 열병합발전소로 건설된다  열병합발전소는 전력과 지역난방을 위한 열을 동시에 공급할 수 있다 두산중공업은 두 발전소에  메가와트 MW 급 증기터빈과 발전기 각  기씩을  년  월까지 공급할 예정이다  롯데건설은 설계 조달 시공 EPC  공사를 맡는다 박홍욱 두산중공업 파워서비스 BG장은  국제 입찰을 거쳐 해외 경쟁사를 제치고 수주에 성공했다 며  국내 친환경 프로젝트에 국산 기자재를 공급한다는 면에서 의미가 있다 고 밝혔다 차 전력개발 기본계획에 따르면  년까지 LNG 발전 프로젝트는  기가와트 GW  규모로 진행되고  이 중  GW는 열병합발전소로 건설된다 두산중공업은 현재 국내에선  MW급 김포열병합발전소를  해외에선 사우디 파드힐리 복합화력발전소 등을 건설 중이다 miii heraldcorp com 환경적 대화기구  헤럴드에코 밀리터리 전문 콘텐츠  헤밀 헤럴드경제 네이버 채널 구독  Copyrights   헤럴드경제   heraldbiz com  무단 전재 및 재배포 금지  ,2021-05-12,-3.08,-1.0
351,351,두산중공업  대구 청주 열병합발전소 기자재  억 수주,2021.05.12 10:06,[헤럴드경제 김성미 기자] 두산중공업은 대구 청주 열병합발전소 기자재 공급 계약을 발주처인 롯데건설과 체결했다고  일 밝혔다  수주 금액은  억원 규모다 두 발전소는 지역 내 에너지 수요와 주민들의 친환경 에너지 전환 요구에 따라 액화천연가스 LNG 를 사용하는 열병합발전소로 건설된다  열병합발전소는 전력과 지역난방을 위한 열을 동시에 공급할 수 있다 두산중공업은 두 발전소에  메가와트 MW 급 증기터빈과 발전기 각  기씩을  년  월까지 공급할 예정이다  롯데건설은 설계 조달 시공 EPC  공사를 맡는다 박홍욱 두산중공업 파워서비스 BG장은  국제 입찰을 거쳐 해외 경쟁사를 제치고 수주에 성공했다 며  국내 친환경 프로젝트에 국산 기자재를 공급한다는 면에서 의미가 있다 고 밝혔다 차 전력개발 기본계획에 따르면  년까지 LNG 발전 프로젝트는  기가와트 GW  규모로 진행되고  이 중  GW는 열병합발전소로 건설된다 두산중공업은 현재 국내에선  MW급 김포열병합발전소를  해외에선 사우디 파드힐리 복합화력발전소 등을 건설 중이다 miii heraldcorp com 환경적 대화기구  헤럴드에코 밀리터리 전문 콘텐츠  헤밀 헤럴드경제 네이버 채널 구독  Copyrights   헤럴드경제   heraldbiz com  무단 전재 및 재배포 금지  ,2021-05-12,-3.08,-1.0
352,352,두산중공업   한국수력원자력  수소사업에 힘 모은다,2021.05.13 08:45, 청정수소 생산   에너지 융복합사업 협력 강화  업무협약 체결 중소형 원자로 수력 등 청정 에너지원 활용한 수소 생산에 협력[이데일리 김영수 기자] 두산중공업 은 한국수력원자력은  청정수소 생산 및 에너지 융복합사업 협력 강화 를 위한 업무협약을 체결했다고  일 밝혔다 일 분당두산타워에서 열린  청정수소 생산 및 에너지 융복합사업 협력 강화를 위한 협약식 에서 김상돈 한수원 성장사업본부장 왼쪽  번째 과 정연인 두산중공업 사장 왼쪽  번째 이 서명을 마친 후 관계자들과 기념촬영을 하고 있다   사진 두산중공업 이번 협약에 따라 두 회사는  청정 에너지원을 활용한 수소 생산 저장 설비 구축과 운영기술 개발  중소형 원자로를 활용한 국내외 수소 생산 공동 연구개발 협력  해외 청정 에너지원 활용한 수소생산 기술 및 관련 사업 공동 개발 등 수소사업 밸류체인 전 분야에 걸쳐 포괄적 협력을 지속해 나가기로 했다 국내 에너지 전문 기업 간 업무협약 체결로 청정수소 분야에서 기술 경쟁력을 높이고 에너지 사업에서도 시너지를 창출할 수 있을 것으로 기대된다 정연인 두산중공업 사장은  한수원과는 기존 원전 사업에서의 협력관계를 수력 분야로 확대한 바 있다 면서  이번 업무협약으로 중소형 원자로  수력 등 청정 에너지원을 활용한 수소 생산 기술 확보와 수출 연계 등 새로운 협력 사업들을 구축할 수 있을 것으로 기대한다 고 말했다 년부터 수소 사업을 준비해 온 두산중공업은 수소 생산  저장  운반  활용 등 전분야에 걸친 사업을 추진중이다  수소연료전지 발전 분야에서 독보적인 기술력을 보유한 자회사 두산퓨얼셀도 향후 한수원과 수소 활용을 위한 사업 협력도 진행할 예정이다 김영수  kys edaily co kr   시간 빠른  미리보는 뉴스  eNews  네이버에서  이데일리 뉴스 를 만나보세요  빡침해소  청춘뉘우스  스냅타임 종합 경제정보 미디어 이데일리   무단전재   재배포 금지 ,2021-05-13,-1.19,0.0
353,353,두산중공업   한국수력원자력  수소사업에 힘 모은다,2021.05.13 08:45, 청정수소 생산   에너지 융복합사업 협력 강화  업무협약 체결 중소형 원자로 수력 등 청정 에너지원 활용한 수소 생산에 협력[이데일리 김영수 기자] 두산중공업 은 한국수력원자력은  청정수소 생산 및 에너지 융복합사업 협력 강화 를 위한 업무협약을 체결했다고  일 밝혔다 일 분당두산타워에서 열린  청정수소 생산 및 에너지 융복합사업 협력 강화를 위한 협약식 에서 김상돈 한수원 성장사업본부장 왼쪽  번째 과 정연인 두산중공업 사장 왼쪽  번째 이 서명을 마친 후 관계자들과 기념촬영을 하고 있다   사진 두산중공업 이번 협약에 따라 두 회사는  청정 에너지원을 활용한 수소 생산 저장 설비 구축과 운영기술 개발  중소형 원자로를 활용한 국내외 수소 생산 공동 연구개발 협력  해외 청정 에너지원 활용한 수소생산 기술 및 관련 사업 공동 개발 등 수소사업 밸류체인 전 분야에 걸쳐 포괄적 협력을 지속해 나가기로 했다 국내 에너지 전문 기업 간 업무협약 체결로 청정수소 분야에서 기술 경쟁력을 높이고 에너지 사업에서도 시너지를 창출할 수 있을 것으로 기대된다 정연인 두산중공업 사장은  한수원과는 기존 원전 사업에서의 협력관계를 수력 분야로 확대한 바 있다 면서  이번 업무협약으로 중소형 원자로  수력 등 청정 에너지원을 활용한 수소 생산 기술 확보와 수출 연계 등 새로운 협력 사업들을 구축할 수 있을 것으로 기대한다 고 말했다 년부터 수소 사업을 준비해 온 두산중공업은 수소 생산  저장  운반  활용 등 전분야에 걸친 사업을 추진중이다  수소연료전지 발전 분야에서 독보적인 기술력을 보유한 자회사 두산퓨얼셀도 향후 한수원과 수소 활용을 위한 사업 협력도 진행할 예정이다 김영수  kys edaily co kr   시간 빠른  미리보는 뉴스  eNews  네이버에서  이데일리 뉴스 를 만나보세요  빡침해소  청춘뉘우스  스냅타임 종합 경제정보 미디어 이데일리   무단전재   재배포 금지 ,2021-05-13,-1.19,0.0
354,354,두산중공업 한수원  수소사업  맞손 청정 에너지원 활용 수소 생산,2021.05.13 09:23,  청정수소 생산   에너지 융복합사업 협력 강화  업무협약 체결 일 분당두산타워에서 열린  청정수소 생산 및 에너지 융복합사업 협력 강화를 위한 협약식 에서 한수원 김상돈 성장사업본부장 왼쪽  번째 과 두산중공업 정연인 사장 왼쪽  번째 이 서명을 마친 후 관계자들과 기념촬영을 하고 있다 두산중공업 제공 [파이낸셜뉴스] 두산중공업이 한국수력원자력과 손잡고 청정 에너지원을 활용한 수소 생산에 본격 나선다 일 두산중공업은 한수원과  청정수소 생산 및 에너지 융복합사업 협력 강화 를 위한 업무협약을 체결했다고 밝혔다  지난  일 분당두산타워에서 열린 온 오프라인 동시 협약식에는 한수원 정재훈 사장  김상돈 성장사업본부장  두산중공업 정연인 사장을 비롯한 양사 관계자들이 참석했다 이번 협약에 따라 양사는  청정 에너지원을 활용한 수소 생산 저장 설비 구축과 운영기술 개발  중소형 원자로를 활용한 국내외 수소 생산 공동 연구개발 협력  해외 청정 에너지원 활용한 수소생산 기술 및 관련 사업 공동 개발 등 수소사업 밸류체인 전 분야에 걸쳐 포괄적 협력을 지속해 나가기로 했다 국내 에너지 전문 기업 간 업무협약 체결로 청정수소 분야에서 기술 경쟁력을 높이고 에너지 사업에서도 시너지를 창출할 수 있을 것으로 기대된다 아울러 수소연료전지 발전 분야에서 독보적인 기술력을 보유한 자회사 두산퓨얼셀도 향후 한수원과 수소 활용을 위한 사업 협력을 진행할 예정이다 정연인 사장은  한수원과는 기존 원전 사업에서의 협력관계를 수력 분야로 확대한 바 있다 면서  이번 업무협약으로 중소형 원자로  수력 등 청정 에너지원을 활용한 수소 생산 기술 확보와 수출 연계 등 새로운 협력 사업들을 구축할 수 있을 것으로 기대한다 고 말했다 지난  년부터 수소 사업을 준비해 온 두산중공업은 수소 생산  저장  운반  활용 등 전분야에 걸친 사업을 추진중이다 mjk fnnews com 김미정 기자  날로먹고 구워먹는 금융이슈 [파인애플]  모 아 모아 [모아시스]  헉  소리나는 스 토리 뉴스 [헉스]  저작권자   파이낸셜뉴스  무단 전재 재배포 금지,2021-05-13,-1.19,0.0
355,355,두산중공업 한수원  수소사업  맞손 청정 에너지원 활용 수소 생산,2021.05.13 09:23,  청정수소 생산   에너지 융복합사업 협력 강화  업무협약 체결 일 분당두산타워에서 열린  청정수소 생산 및 에너지 융복합사업 협력 강화를 위한 협약식 에서 한수원 김상돈 성장사업본부장 왼쪽  번째 과 두산중공업 정연인 사장 왼쪽  번째 이 서명을 마친 후 관계자들과 기념촬영을 하고 있다 두산중공업 제공 [파이낸셜뉴스] 두산중공업이 한국수력원자력과 손잡고 청정 에너지원을 활용한 수소 생산에 본격 나선다 일 두산중공업은 한수원과  청정수소 생산 및 에너지 융복합사업 협력 강화 를 위한 업무협약을 체결했다고 밝혔다  지난  일 분당두산타워에서 열린 온 오프라인 동시 협약식에는 한수원 정재훈 사장  김상돈 성장사업본부장  두산중공업 정연인 사장을 비롯한 양사 관계자들이 참석했다 이번 협약에 따라 양사는  청정 에너지원을 활용한 수소 생산 저장 설비 구축과 운영기술 개발  중소형 원자로를 활용한 국내외 수소 생산 공동 연구개발 협력  해외 청정 에너지원 활용한 수소생산 기술 및 관련 사업 공동 개발 등 수소사업 밸류체인 전 분야에 걸쳐 포괄적 협력을 지속해 나가기로 했다 국내 에너지 전문 기업 간 업무협약 체결로 청정수소 분야에서 기술 경쟁력을 높이고 에너지 사업에서도 시너지를 창출할 수 있을 것으로 기대된다 아울러 수소연료전지 발전 분야에서 독보적인 기술력을 보유한 자회사 두산퓨얼셀도 향후 한수원과 수소 활용을 위한 사업 협력을 진행할 예정이다 정연인 사장은  한수원과는 기존 원전 사업에서의 협력관계를 수력 분야로 확대한 바 있다 면서  이번 업무협약으로 중소형 원자로  수력 등 청정 에너지원을 활용한 수소 생산 기술 확보와 수출 연계 등 새로운 협력 사업들을 구축할 수 있을 것으로 기대한다 고 말했다 지난  년부터 수소 사업을 준비해 온 두산중공업은 수소 생산  저장  운반  활용 등 전분야에 걸친 사업을 추진중이다 mjk fnnews com 김미정 기자  날로먹고 구워먹는 금융이슈 [파인애플]  모 아 모아 [모아시스]  헉  소리나는 스 토리 뉴스 [헉스]  저작권자   파이낸셜뉴스  무단 전재 재배포 금지,2021-05-13,-1.19,0.0
356,356,두산중공업 한수원  수소사업  맞손 청정 에너지원 활용 수소 생산,2021.05.13 09:23,  청정수소 생산   에너지 융복합사업 협력 강화  업무협약 체결 일 분당두산타워에서 열린  청정수소 생산 및 에너지 융복합사업 협력 강화를 위한 협약식 에서 한수원 김상돈 성장사업본부장 왼쪽  번째 과 두산중공업 정연인 사장 왼쪽  번째 이 서명을 마친 후 관계자들과 기념촬영을 하고 있다 두산중공업 제공 [파이낸셜뉴스] 두산중공업이 한국수력원자력과 손잡고 청정 에너지원을 활용한 수소 생산에 본격 나선다 일 두산중공업은 한수원과  청정수소 생산 및 에너지 융복합사업 협력 강화 를 위한 업무협약을 체결했다고 밝혔다  지난  일 분당두산타워에서 열린 온 오프라인 동시 협약식에는 한수원 정재훈 사장  김상돈 성장사업본부장  두산중공업 정연인 사장을 비롯한 양사 관계자들이 참석했다 이번 협약에 따라 양사는  청정 에너지원을 활용한 수소 생산 저장 설비 구축과 운영기술 개발  중소형 원자로를 활용한 국내외 수소 생산 공동 연구개발 협력  해외 청정 에너지원 활용한 수소생산 기술 및 관련 사업 공동 개발 등 수소사업 밸류체인 전 분야에 걸쳐 포괄적 협력을 지속해 나가기로 했다 국내 에너지 전문 기업 간 업무협약 체결로 청정수소 분야에서 기술 경쟁력을 높이고 에너지 사업에서도 시너지를 창출할 수 있을 것으로 기대된다 아울러 수소연료전지 발전 분야에서 독보적인 기술력을 보유한 자회사 두산퓨얼셀도 향후 한수원과 수소 활용을 위한 사업 협력을 진행할 예정이다 정연인 사장은  한수원과는 기존 원전 사업에서의 협력관계를 수력 분야로 확대한 바 있다 면서  이번 업무협약으로 중소형 원자로  수력 등 청정 에너지원을 활용한 수소 생산 기술 확보와 수출 연계 등 새로운 협력 사업들을 구축할 수 있을 것으로 기대한다 고 말했다 지난  년부터 수소 사업을 준비해 온 두산중공업은 수소 생산  저장  운반  활용 등 전분야에 걸친 사업을 추진중이다 mjk fnnews com 김미정 기자  날로먹고 구워먹는 금융이슈 [파인애플]  모 아 모아 [모아시스]  헉  소리나는 스 토리 뉴스 [헉스]  저작권자   파이낸셜뉴스  무단 전재 재배포 금지,2021-05-13,-1.19,0.0
357,357,두산중공업  한수원과 수소사업 협력 강화,2021.05.13 09:40,두산중공업 은 한국수력원자력 한수원 과  청정수소 생산 및 에너지 융복합사업 협력 강화 를 위한 업무협약 MOU 을 체결했다고  일 밝혔다 지난  일 분당두산타워에서 열린 온 오프라인 동시 협약식에는 정재훈 한수원 사장  김상돈 성장사업본부장   정연인 두산중공업 사장을 비롯한 양사 관계자들이 참석했다 분당두산타워에서 열린 협약식에서 기념 촬영하는 김상돈 한수원 성장사업본부장 왼쪽 네번째 과 정연인 두산중공업 사장 왼쪽 다섯번째   두산중공업 제공 이번 협약에 따라 두 회사는  청정 에너지원을 활용한 수소 생산 저장 설비 구축과 운영기술 개발  중소형 원자로를 활용한 국내외 수소 생산 공동 연구개발 협력  해외 청정 에너지원 활용한 수소생산 기술 및 관련 사업 공동 개발 등 수소사업 밸류체인 전 분야에 걸쳐 포괄적 협력을 지속해 나가기로 했다 국내 에너지 전문 기업 간 업무협약 체결로 청정수소 분야에서 기술 경쟁력을 높이고 에너지 사업에서도 시너지를 창출할 수 있을 것으로 기대된다 정연인 사장은  한수원과는 기존 원전 사업에서의 협력관계를 수력 분야로 확대한 바 있다 면서  이번 업무협약으로 중소형 원자로  수력 등 청정 에너지원을 활용한 수소 생산 기술 확보와 수출 연계 등 새로운 협력 사업들을 구축할 수 있을 것으로 기대한다 고 말했다 년부터 수소 사업을 준비해 온 두산중공업은 수소 생산  저장  운반  활용 등 전분야에 걸친 사업을 추진중이다  또  수소연료전지 발전 분야에서 기술력을 보유한 자회사 두산퓨얼셀 도 향후 한수원과 수소 활용을 위한 사업 협력을 진행할 예정이다 [정민하 기자 min chosunbiz com] 네이버에서  명품 경제뉴스  조선비즈를 구독하세요 관광객  배 늘어난 이곳    렌트  하늘의 별따기 광안리서 상어 낚시를   이 고글 만 쓰면 된다 저작권자   조선비즈  무단 전재 및 재배포 금지,2021-05-13,-1.19,0.0
358,358,두산중공업  한수원과 수소사업 협력 강화,2021.05.13 09:40,두산중공업 은 한국수력원자력 한수원 과  청정수소 생산 및 에너지 융복합사업 협력 강화 를 위한 업무협약 MOU 을 체결했다고  일 밝혔다 지난  일 분당두산타워에서 열린 온 오프라인 동시 협약식에는 정재훈 한수원 사장  김상돈 성장사업본부장   정연인 두산중공업 사장을 비롯한 양사 관계자들이 참석했다 분당두산타워에서 열린 협약식에서 기념 촬영하는 김상돈 한수원 성장사업본부장 왼쪽 네번째 과 정연인 두산중공업 사장 왼쪽 다섯번째   두산중공업 제공 이번 협약에 따라 두 회사는  청정 에너지원을 활용한 수소 생산 저장 설비 구축과 운영기술 개발  중소형 원자로를 활용한 국내외 수소 생산 공동 연구개발 협력  해외 청정 에너지원 활용한 수소생산 기술 및 관련 사업 공동 개발 등 수소사업 밸류체인 전 분야에 걸쳐 포괄적 협력을 지속해 나가기로 했다 국내 에너지 전문 기업 간 업무협약 체결로 청정수소 분야에서 기술 경쟁력을 높이고 에너지 사업에서도 시너지를 창출할 수 있을 것으로 기대된다 정연인 사장은  한수원과는 기존 원전 사업에서의 협력관계를 수력 분야로 확대한 바 있다 면서  이번 업무협약으로 중소형 원자로  수력 등 청정 에너지원을 활용한 수소 생산 기술 확보와 수출 연계 등 새로운 협력 사업들을 구축할 수 있을 것으로 기대한다 고 말했다 년부터 수소 사업을 준비해 온 두산중공업은 수소 생산  저장  운반  활용 등 전분야에 걸친 사업을 추진중이다  또  수소연료전지 발전 분야에서 기술력을 보유한 자회사 두산퓨얼셀 도 향후 한수원과 수소 활용을 위한 사업 협력을 진행할 예정이다 [정민하 기자 min chosunbiz com] 네이버에서  명품 경제뉴스  조선비즈를 구독하세요 관광객  배 늘어난 이곳    렌트  하늘의 별따기 광안리서 상어 낚시를   이 고글 만 쓰면 된다 저작권자   조선비즈  무단 전재 및 재배포 금지,2021-05-13,-1.19,0.0
359,359,두산중공업  한수원과 수소사업 협력 강화,2021.05.13 09:40,두산중공업 은 한국수력원자력 한수원 과  청정수소 생산 및 에너지 융복합사업 협력 강화 를 위한 업무협약 MOU 을 체결했다고  일 밝혔다 지난  일 분당두산타워에서 열린 온 오프라인 동시 협약식에는 정재훈 한수원 사장  김상돈 성장사업본부장   정연인 두산중공업 사장을 비롯한 양사 관계자들이 참석했다 분당두산타워에서 열린 협약식에서 기념 촬영하는 김상돈 한수원 성장사업본부장 왼쪽 네번째 과 정연인 두산중공업 사장 왼쪽 다섯번째   두산중공업 제공 이번 협약에 따라 두 회사는  청정 에너지원을 활용한 수소 생산 저장 설비 구축과 운영기술 개발  중소형 원자로를 활용한 국내외 수소 생산 공동 연구개발 협력  해외 청정 에너지원 활용한 수소생산 기술 및 관련 사업 공동 개발 등 수소사업 밸류체인 전 분야에 걸쳐 포괄적 협력을 지속해 나가기로 했다 국내 에너지 전문 기업 간 업무협약 체결로 청정수소 분야에서 기술 경쟁력을 높이고 에너지 사업에서도 시너지를 창출할 수 있을 것으로 기대된다 정연인 사장은  한수원과는 기존 원전 사업에서의 협력관계를 수력 분야로 확대한 바 있다 면서  이번 업무협약으로 중소형 원자로  수력 등 청정 에너지원을 활용한 수소 생산 기술 확보와 수출 연계 등 새로운 협력 사업들을 구축할 수 있을 것으로 기대한다 고 말했다 년부터 수소 사업을 준비해 온 두산중공업은 수소 생산  저장  운반  활용 등 전분야에 걸친 사업을 추진중이다  또  수소연료전지 발전 분야에서 기술력을 보유한 자회사 두산퓨얼셀 도 향후 한수원과 수소 활용을 위한 사업 협력을 진행할 예정이다 [정민하 기자 min chosunbiz com] 네이버에서  명품 경제뉴스  조선비즈를 구독하세요 관광객  배 늘어난 이곳    렌트  하늘의 별따기 광안리서 상어 낚시를   이 고글 만 쓰면 된다 저작권자   조선비즈  무단 전재 및 재배포 금지,2021-05-13,-1.19,0.0
360,360,두산중공업 한수원  수소 생산부터 에너지 활용까지 머리 맞댄다,2021.05.13 13:51, 청정수소 생산 에너지 융복합사업 협력 강화  업무협약 체결 중소형 원자로 수력 등 청정 에너지원 활용 수소 생산에 협력 정재훈 한수원 사장이 협약식에 온라인으로 참석해 인사말을 하고 있다 사진 제공 두산중공업 일 분당두산타워에서 열린  청정수소 생산 및 에너지 융복합사업 협력 강화를 위한 협약식 에서 김상돈 왼쪽 네번째  한수원 성장사업본부장과 정연인 왼쪽 다섯번째  두산중공업 사장이 서명을 마친 후 관계자들과 기념촬영을 하고 있다 사진 제공 두산중공업 [서울경제] 두산중공업 은 한국수력원자력 한수원 과  청정수소 생산 및 에너지 융복합사업 협력 강화 를 위한 업무협약을 지난  일 체결했다고  일 밝혔다 양사는  청정 에너지원을 활용한 수소 생산 저장 설비 구축과 운영기술 개발  중소형 원자로를 활용한 국내외 수소 생산 공동 연구개발 협력  해외 청정 에너지원 활용한 수소생산 기술 및 관련 사업 공동 개발 등 수소사업 밸류체인 전 분야에 걸쳐 포괄적 협력을 지속해 나가기로 했다  양사는 청정수소 분야 기술 경쟁력 향상 및 에너지 사업을 통한 시너지 창출이 가능할 것으로 내다봤다 정연인 한수원 사장은  한수원과는 기존 원전 사업에서의 협력관계를 수력 분야로 확대한 바 있다 면서  이번 업무협약으로 중소형 원자로  수력 등 청정 에너지원을 활용한 수소 생산 기술 확보와 수출 연계 등 새로운 협력 사업들을 구축할 수 있을 것으로 기대한다 고 말했다 년부터 수소 사업을 준비해 온 두산중공업은 수소 생산  저장  운반  활용 등 전분야에 걸친 사업을 추진중이다  또  수소연료전지 발전 분야에서 독보적인 기술력을 보유한 자회사 두산퓨얼셀도 향후 한수원과 수소 활용을 위한 사업 협력을 진행할 예정이다 서종갑 기자 gap sedaily com  [지구용] 투명해진 맥주병  그런데 말입니다  서울경제 더 폴리틱스 뉴스를 만나보세요  미슐랭 가이드처럼 알찬 부동산 뉴스  집슐랭 저작권자   서울경제  무단 전재 및 재배포 금지,2021-05-13,-1.19,0.0
361,361,두산중공업 한수원  수소 생산부터 에너지 활용까지 머리 맞댄다,2021.05.13 13:51, 청정수소 생산 에너지 융복합사업 협력 강화  업무협약 체결 중소형 원자로 수력 등 청정 에너지원 활용 수소 생산에 협력 정재훈 한수원 사장이 협약식에 온라인으로 참석해 인사말을 하고 있다 사진 제공 두산중공업 일 분당두산타워에서 열린  청정수소 생산 및 에너지 융복합사업 협력 강화를 위한 협약식 에서 김상돈 왼쪽 네번째  한수원 성장사업본부장과 정연인 왼쪽 다섯번째  두산중공업 사장이 서명을 마친 후 관계자들과 기념촬영을 하고 있다 사진 제공 두산중공업 [서울경제] 두산중공업 은 한국수력원자력 한수원 과  청정수소 생산 및 에너지 융복합사업 협력 강화 를 위한 업무협약을 지난  일 체결했다고  일 밝혔다 양사는  청정 에너지원을 활용한 수소 생산 저장 설비 구축과 운영기술 개발  중소형 원자로를 활용한 국내외 수소 생산 공동 연구개발 협력  해외 청정 에너지원 활용한 수소생산 기술 및 관련 사업 공동 개발 등 수소사업 밸류체인 전 분야에 걸쳐 포괄적 협력을 지속해 나가기로 했다  양사는 청정수소 분야 기술 경쟁력 향상 및 에너지 사업을 통한 시너지 창출이 가능할 것으로 내다봤다 정연인 한수원 사장은  한수원과는 기존 원전 사업에서의 협력관계를 수력 분야로 확대한 바 있다 면서  이번 업무협약으로 중소형 원자로  수력 등 청정 에너지원을 활용한 수소 생산 기술 확보와 수출 연계 등 새로운 협력 사업들을 구축할 수 있을 것으로 기대한다 고 말했다 년부터 수소 사업을 준비해 온 두산중공업은 수소 생산  저장  운반  활용 등 전분야에 걸친 사업을 추진중이다  또  수소연료전지 발전 분야에서 독보적인 기술력을 보유한 자회사 두산퓨얼셀도 향후 한수원과 수소 활용을 위한 사업 협력을 진행할 예정이다 서종갑 기자 gap sedaily com  [지구용] 투명해진 맥주병  그런데 말입니다  서울경제 더 폴리틱스 뉴스를 만나보세요  미슐랭 가이드처럼 알찬 부동산 뉴스  집슐랭 저작권자   서울경제  무단 전재 및 재배포 금지,2021-05-13,-1.19,0.0
362,362,두산중공업  두산인프라코어 분할합병 의결,2021.05.13 14:28,[이데일리 왕해나 기자] 두산중공업 은 임시주주총회를 열고 두산인프라코어  분할합병 승인의 건을 원안대로 의결했다고  일 공시했다  합병기일은 오는  월 일이다 왕해나  haena edaily co kr   시간 빠른  미리보는 뉴스  eNews  네이버에서  이데일리 뉴스 를 만나보세요  빡침해소  청춘뉘우스  스냅타임 종합 경제정보 미디어 이데일리   무단전재   재배포 금지 ,2021-05-13,-1.19,0.0
363,363,두산중공업  두산인프라코어 분할합병 의결,2021.05.13 14:28,[이데일리 왕해나 기자] 두산중공업 은 임시주주총회를 열고 두산인프라코어  분할합병 승인의 건을 원안대로 의결했다고  일 공시했다  합병기일은 오는  월 일이다 왕해나  haena edaily co kr   시간 빠른  미리보는 뉴스  eNews  네이버에서  이데일리 뉴스 를 만나보세요  빡침해소  청춘뉘우스  스냅타임 종합 경제정보 미디어 이데일리   무단전재   재배포 금지 ,2021-05-13,-1.19,0.0
364,364,두산중공업  두산인프라코어 분할합병 의결,2021.05.13 14:58,[아시아경제 이선애 기자] 두산중공업은 임시주주총회를 열고 두산인프라코어 분할합병 승인의 건을 원안대로 의결했다고  일 공시했다  합병기일은 오는  월 일이다 이선애 기자 lsa asiae co kr  속 시원한 풀이   년 정통사주 운세 토정비결  직장인을 위한  빅데이터 분석  국비 특화과정 모집  투자 성공의 핵심은 기업분석   CORE  바로가기 경제를 보는 눈  세계를 보는 창 아시아경제 무단전재 배포금지 ,2021-05-13,-1.19,0.0
365,365,두산중공업  두산인프라코어 분할합병 의결,2021.05.13 14:58,[아시아경제 이선애 기자] 두산중공업은 임시주주총회를 열고 두산인프라코어 분할합병 승인의 건을 원안대로 의결했다고  일 공시했다  합병기일은 오는  월 일이다 이선애 기자 lsa asiae co kr  속 시원한 풀이   년 정통사주 운세 토정비결  직장인을 위한  빅데이터 분석  국비 특화과정 모집  투자 성공의 핵심은 기업분석   CORE  바로가기 경제를 보는 눈  세계를 보는 창 아시아경제 무단전재 배포금지 ,2021-05-13,-1.19,0.0
366,366,두산중공업  한수원과 손잡고  청정 수소  생산,2021.05.13 17:25,두산중공업과 한국수력원자력이 중소형 원자로와 수력발전 등 청정 에너지원을 활용한 수소 생산에 나선다 정연인 두산중공업 사장과 정재훈 한수원 사장은 지난  일 경기 성남 분당두산타워에서  청정수소 생산 및 에너지 융복합사업 협력 강화 를 위한 업무협약을 맺었다  이번 협약 체결에 따라 두 회사는  수소 생산 저장 설비 구축  중소형 원자로를 활용한 국내외 수소 생산 연구개발 등에 협력하기로 했다  정연인 사장은  한수원과 기존 원전 사업에서의 협력 관계를 수력 분야로 확대했다 며  중소형 원자로와 수력 등 청정 에너지원을 활용한 수소 생산 기술 확보에 힘을 합치기로 했다 고 말했다 강경민 기자 kkm hankyung com  경제지 네이버 구독 첫  만  한국경제 받아보세요  한경 고품격 뉴스레터  원클릭으로 구독하세요  한국경제신문과 WSJ  모바일한경으로 보세요  한국경제   hankyung com  무단전재 및 재배포 금지,2021-05-14,-1.2,0.0
367,367,두산중공업  한수원과 손잡고  청정 수소  생산,2021.05.13 17:25,두산중공업과 한국수력원자력이 중소형 원자로와 수력발전 등 청정 에너지원을 활용한 수소 생산에 나선다 정연인 두산중공업 사장과 정재훈 한수원 사장은 지난  일 경기 성남 분당두산타워에서  청정수소 생산 및 에너지 융복합사업 협력 강화 를 위한 업무협약을 맺었다  이번 협약 체결에 따라 두 회사는  수소 생산 저장 설비 구축  중소형 원자로를 활용한 국내외 수소 생산 연구개발 등에 협력하기로 했다  정연인 사장은  한수원과 기존 원전 사업에서의 협력 관계를 수력 분야로 확대했다 며  중소형 원자로와 수력 등 청정 에너지원을 활용한 수소 생산 기술 확보에 힘을 합치기로 했다 고 말했다 강경민 기자 kkm hankyung com  경제지 네이버 구독 첫  만  한국경제 받아보세요  한경 고품격 뉴스레터  원클릭으로 구독하세요  한국경제신문과 WSJ  모바일한경으로 보세요  한국경제   hankyung com  무단전재 및 재배포 금지,2021-05-14,-1.2,0.0
368,368, 환경규제 리스크  두산중공업엔 새로운 기회입니다 ,2021.05.17 04:00,[머니투데이 우경희 기자] [이민수 두산중공업 ESG팀장] 이민수 두산중공업 ESG팀장 사진 두산중공업 발전시장 고효율 친환경 전환에 일찌감치 대비해 온 두산중공업이 웃는다  ESG 환경 사회 지배구조  경영이 트렌드로 자리잡은 가운데 기후변화 대응의 중요성이 부각되면서 풍력 등 친환경 발전 사업 포트폴리오가 각광받고 있기 때문이다 이민수 두산중공업 ESG팀장은 머니투데이와 서면인터뷰에서  기후변화 대응 기조로 급격하게 분위기가 달라지고 있는데  이는  년대 초반부터 포트폴리오 전환을 준비해 온 두산중공업엔 오히려 새로운 기회 라고 말했다 두산중공업은  년부터 ESG 전담팀을 가동했다  대표이사를 위원장으로 하는 ESG위원회도 별도로 운영했다  국내 기업에 ESG의 개념조차 생소하던 시절이다  이 팀장은  전담팀 조기 운영은 ESG리스크를 줄이고 성과를 고도화하는데 큰 역할을 했다 고 설명했다 ESG위원회 산하에 환경  사회  지배구조 분과가 각각 운영됐다  현업부서 뿐 아니라 담당임원이 챔피언 대리인 으로 임명돼 매년 ESG리스크를 저감하고 성과를 낼 수 있는 과제를 설정  위원장 승인을 받고 실행했다  이 팀장은  ESG위원회는 기후변화 대응 뿐 아니라 친환경이나 안전  근로환경  인권  반부패까지 말 그대로 ESG 전체를 아우르는 활동을 하고 있다 고 말했다 그는  이런 ESG위원회 운영은 회사의 장기적인 성장전략 수립이나 비즈니스 가치 사슬을 만드는데도 영향을 주더라 며  친환경 에너지 사업을 늘리거나 제품의 친환경성을 높이는 일  혁신적인 기후 솔루션 사업에 뛰어드는 일 등이 모두 ESG위원회의 활동에 영향을 받았다 고 강조했다 미리 준비해온 두산중공업이지만 변화의 압박은 필연적이다  발전시장이 전환되면 기존 주력제품은 매출이 줄어들 수밖에 없다  사회적 측면의 리스크도 커진다  이른바  착한기업 으로 인정받지 못하면 소비자의 선택을 받지 못하는 시대다 이 팀장은  유럽 등에서 기업 인권경영 실천이나 점검 의무가 법제화되고 있다 며  고객사에 프로젝트 수주 등록을 할 때 회사의 인권경영 현황 정보를 요구하는건 이제는 일반적인 경우이며  금융권에서도 투자를 결정하기에 앞서 인권경영 여부를 점검한다 고 말했다 그는  두산중공업은 전사적으로 인권경영 실천과 점검 프로세스를 수립했고  임직원 뿐 아니라 파트너사들에게까지 같은 수준의 인권경영을 권고하고 있다 며  협력사에 부담이 되지 않도록 동반성장 체계를 갖춰 협력사 인권교육  품질개선 지원 등 ESG 고도화를 지원하는 중 이라고 덧붙였다 ESG 경영이 강화되면서 국민연금의 스튜어드십 코드 도입 등 금융권 기업 관여가 늘어난다는 점도 리스크 요인이다  이 팀장은  전세계 연기금과 자산운용사들이 ESG경영 관련 규제를 마련하고 내부 체계를 정비하고 있다 며  감사위원 분리선출과 다중대표소송제 도입 등 국내 법안도 이를 따라가는 추세로 이미 전환하는 중 이라고 말했다 이 팀장은  두산중공업도 지배구조 투명성 강화  ESG경영 강화를 통해 이런 리스크에 대비하고 있으며  오히려 이걸 반전의 기회로 삼아 금융권의 투자 기회를 늘릴 수 있도록 노력하고 있다 고 설명했다 우경희 기자 cheerup mt co kr 부동산 투자는 [부릿지] 주식 투자는 [부꾸미TALK] 부자되는 뉴스  머니투데이 구독하기 저작권자    돈이 보이는 리얼타임 뉴스  머니투데이  무단전재 및 재배포 금지 ,2021-05-17,1.63,0.0
369,369, 환경규제 리스크  두산중공업엔 새로운 기회입니다 ,2021.05.17 04:00,[머니투데이 우경희 기자] [이민수 두산중공업 ESG팀장] 이민수 두산중공업 ESG팀장 사진 두산중공업 발전시장 고효율 친환경 전환에 일찌감치 대비해 온 두산중공업이 웃는다  ESG 환경 사회 지배구조  경영이 트렌드로 자리잡은 가운데 기후변화 대응의 중요성이 부각되면서 풍력 등 친환경 발전 사업 포트폴리오가 각광받고 있기 때문이다 이민수 두산중공업 ESG팀장은 머니투데이와 서면인터뷰에서  기후변화 대응 기조로 급격하게 분위기가 달라지고 있는데  이는  년대 초반부터 포트폴리오 전환을 준비해 온 두산중공업엔 오히려 새로운 기회 라고 말했다 두산중공업은  년부터 ESG 전담팀을 가동했다  대표이사를 위원장으로 하는 ESG위원회도 별도로 운영했다  국내 기업에 ESG의 개념조차 생소하던 시절이다  이 팀장은  전담팀 조기 운영은 ESG리스크를 줄이고 성과를 고도화하는데 큰 역할을 했다 고 설명했다 ESG위원회 산하에 환경  사회  지배구조 분과가 각각 운영됐다  현업부서 뿐 아니라 담당임원이 챔피언 대리인 으로 임명돼 매년 ESG리스크를 저감하고 성과를 낼 수 있는 과제를 설정  위원장 승인을 받고 실행했다  이 팀장은  ESG위원회는 기후변화 대응 뿐 아니라 친환경이나 안전  근로환경  인권  반부패까지 말 그대로 ESG 전체를 아우르는 활동을 하고 있다 고 말했다 그는  이런 ESG위원회 운영은 회사의 장기적인 성장전략 수립이나 비즈니스 가치 사슬을 만드는데도 영향을 주더라 며  친환경 에너지 사업을 늘리거나 제품의 친환경성을 높이는 일  혁신적인 기후 솔루션 사업에 뛰어드는 일 등이 모두 ESG위원회의 활동에 영향을 받았다 고 강조했다 미리 준비해온 두산중공업이지만 변화의 압박은 필연적이다  발전시장이 전환되면 기존 주력제품은 매출이 줄어들 수밖에 없다  사회적 측면의 리스크도 커진다  이른바  착한기업 으로 인정받지 못하면 소비자의 선택을 받지 못하는 시대다 이 팀장은  유럽 등에서 기업 인권경영 실천이나 점검 의무가 법제화되고 있다 며  고객사에 프로젝트 수주 등록을 할 때 회사의 인권경영 현황 정보를 요구하는건 이제는 일반적인 경우이며  금융권에서도 투자를 결정하기에 앞서 인권경영 여부를 점검한다 고 말했다 그는  두산중공업은 전사적으로 인권경영 실천과 점검 프로세스를 수립했고  임직원 뿐 아니라 파트너사들에게까지 같은 수준의 인권경영을 권고하고 있다 며  협력사에 부담이 되지 않도록 동반성장 체계를 갖춰 협력사 인권교육  품질개선 지원 등 ESG 고도화를 지원하는 중 이라고 덧붙였다 ESG 경영이 강화되면서 국민연금의 스튜어드십 코드 도입 등 금융권 기업 관여가 늘어난다는 점도 리스크 요인이다  이 팀장은  전세계 연기금과 자산운용사들이 ESG경영 관련 규제를 마련하고 내부 체계를 정비하고 있다 며  감사위원 분리선출과 다중대표소송제 도입 등 국내 법안도 이를 따라가는 추세로 이미 전환하는 중 이라고 말했다 이 팀장은  두산중공업도 지배구조 투명성 강화  ESG경영 강화를 통해 이런 리스크에 대비하고 있으며  오히려 이걸 반전의 기회로 삼아 금융권의 투자 기회를 늘릴 수 있도록 노력하고 있다 고 설명했다 우경희 기자 cheerup mt co kr 부동산 투자는 [부릿지] 주식 투자는 [부꾸미TALK] 부자되는 뉴스  머니투데이 구독하기 저작권자    돈이 보이는 리얼타임 뉴스  머니투데이  무단전재 및 재배포 금지 ,2021-05-17,1.63,0.0
370,370,두산중공업  유럽 폐자원 에너지화 플랜트 세번째 수주,2021.05.17 08:41,[아시아경제 우수연 기자]두산중공업이 유럽에서 폐자원 에너지화 Waste to Energy 이하 WtE  플랜트를 연이어 수주하면서 기술력을 인정받고 있다 두산중공업의 독일 자회사인 두산렌체스는 최근 EPC사인 포스코건설과 폴란드 바르샤바 WtE 플랜트 기자재 공급 계약을 체결했다고  일 밝혔다  수주 금액은 약  억원이다  이번 공급 계약은 지난해  월  억원 규모 폴란드 올슈틴 WtE 플랜트   월  억원 규모 독일 딘스라켄 WtE 플랜트에 이어 유럽 WtE 시장에서 세 번째 수주 성과다 바르샤바 시립 폐자원 관리 기업인 MPO가 발주한 이 플랜트는 이 지역 시민 약  만명이 하루에 배출하는  t 규모의 도시 생활 폐기물을 처리해  MW 규모의 전력과 열을 공급하며  완공되면 폴란드 내 최대 규모 WtE 플랜트가 된다  두산렌체스는 보일러  기와 질소처리기 등 주기기를  년까지 공급할 예정이다 폴란드 바르샤바 폐자원 에너지화 플랜트 조감도 사진제공 두산중공업 WtE 플랜트는 산업현장이나 가정에서 발생하는 각종 가연성 폐자원을 가스화  소각  열분해 등의 과정으로 에너지화 하는 시설이다  이를 통해 전력과 열을 공급할 뿐만 아니라 쓰레기 매립지를 최소화함으로써 환경 오염을 줄일 수 있어 최근 각광 받고 있다  특히 유럽 WtE 시장은 노후 플랜트 교체 수요 증가와 폐기물 매립지 제한 정책으로 인해 신규 발주가 증가하는 추세다 박홍욱 두산중공업 파워서비스BG장은  폐자원 환경 기준 강화로  년까지 약  기의 신규 수주가 예상되는 유럽 WtE 시장을 적극 공략해 나가겠다 라고 강조했다 우수연 기자 yesim asiae co kr  속 시원한 풀이   년 정통사주 운세 토정비결  직장인을 위한  빅데이터 분석  국비 특화과정 모집  투자 성공의 핵심은 기업분석   CORE  바로가기 경제를 보는 눈  세계를 보는 창 아시아경제 무단전재 배포금지 ,2021-05-17,1.63,0.0
371,371,두산중공업  유럽 폐자원 에너지화 플랜트 세번째 수주,2021.05.17 08:41,[아시아경제 우수연 기자]두산중공업이 유럽에서 폐자원 에너지화 Waste to Energy 이하 WtE  플랜트를 연이어 수주하면서 기술력을 인정받고 있다 두산중공업의 독일 자회사인 두산렌체스는 최근 EPC사인 포스코건설과 폴란드 바르샤바 WtE 플랜트 기자재 공급 계약을 체결했다고  일 밝혔다  수주 금액은 약  억원이다  이번 공급 계약은 지난해  월  억원 규모 폴란드 올슈틴 WtE 플랜트   월  억원 규모 독일 딘스라켄 WtE 플랜트에 이어 유럽 WtE 시장에서 세 번째 수주 성과다 바르샤바 시립 폐자원 관리 기업인 MPO가 발주한 이 플랜트는 이 지역 시민 약  만명이 하루에 배출하는  t 규모의 도시 생활 폐기물을 처리해  MW 규모의 전력과 열을 공급하며  완공되면 폴란드 내 최대 규모 WtE 플랜트가 된다  두산렌체스는 보일러  기와 질소처리기 등 주기기를  년까지 공급할 예정이다 폴란드 바르샤바 폐자원 에너지화 플랜트 조감도 사진제공 두산중공업 WtE 플랜트는 산업현장이나 가정에서 발생하는 각종 가연성 폐자원을 가스화  소각  열분해 등의 과정으로 에너지화 하는 시설이다  이를 통해 전력과 열을 공급할 뿐만 아니라 쓰레기 매립지를 최소화함으로써 환경 오염을 줄일 수 있어 최근 각광 받고 있다  특히 유럽 WtE 시장은 노후 플랜트 교체 수요 증가와 폐기물 매립지 제한 정책으로 인해 신규 발주가 증가하는 추세다 박홍욱 두산중공업 파워서비스BG장은  폐자원 환경 기준 강화로  년까지 약  기의 신규 수주가 예상되는 유럽 WtE 시장을 적극 공략해 나가겠다 라고 강조했다 우수연 기자 yesim asiae co kr  속 시원한 풀이   년 정통사주 운세 토정비결  직장인을 위한  빅데이터 분석  국비 특화과정 모집  투자 성공의 핵심은 기업분석   CORE  바로가기 경제를 보는 눈  세계를 보는 창 아시아경제 무단전재 배포금지 ,2021-05-17,1.63,0.0
372,372,두산중공업  유럽서  폐자원 에너지화 플랜트  잇단 수주,2021.05.17 08:49,폴란드 최대 규모 바르샤바 WtE 플랜트에 설비 공급 폴란드 바르샤바 폐자원 에너지화 플랜트 조감도 두산중공업 제공 [파이낸셜뉴스]두산중공업이 유럽에서 폐자원 에너지화  Waste to Energy  WtE  플랜트를 연이어 수주하면서 기술력을 인정받고 있다 일 두산중공업은 최근 독일 자회사인 두산렌체스가 EPC 설계 조달 시공 사인 포스코건설과 폴란드 바르샤바 WtE 플랜트 기자재 공급계약을 체결했다고 밝혔다  수주 금액은 약 억원이다  이번 공급 계약은 지난해  월  억원 규모 폴란드 올슈틴 WtE 플랜트   월  억원 규모 독일 딘스라켄 WtE 플랜트에 이어 유럽 WtE 시장에서 세번째 수주 성과다 바르샤바 시립 폐자원 관리 기업인 MPO가 발주한 이 플랜트는 이 지역 시민 약  만명이 하루에 배출하는  톤 규모의 도시 생활 폐기물을 처리해  MW 규모의 전력과 열을 공급하며  완공되면 폴란드 내 최대 규모 WtE 플랜트가 된다  두산렌체스는 보일러  기와 질소처리기 등 주기기를  년까지 공급할 예정이다 WtE 플랜트는 산업현장이나 가정에서 발생하는 각종 가연성 폐자원을 가스화  소각  열분해 등의 과정으로 에너지화 하는 시설이다  이를 통해 전력과 열을 공급할 뿐만 아니라 쓰레기 매립지를 최소화함으로써 환경 오염을 줄일 수 있어 최근 각광받고 있다  특히 유럽 WtE 시장은  노후 플랜트 교체 수요 증가와 폐기물 매립지 제한 정책으로 인해 신규 발주가 증가하는 추세다 두산중공업 박홍욱 파워서비스BG장은  폐자원 환경 기준 강화로  년까지 약  기의 신규 수주가 예상되는 유럽 WtE 시장을 적극 공략해 나가겠다 고 밝혔다 mjk fnnews com 김미정 기자  날로먹고 구워먹는 금융이슈 [파인애플]  모 아 모아 [모아시스]  헉  소리나는 스 토리 뉴스 [헉스]  저작권자   파이낸셜뉴스  무단 전재 재배포 금지,2021-05-17,1.63,0.0
373,373,두산중공업  유럽서  폐자원 에너지화 플랜트  잇단 수주,2021.05.17 08:49,폴란드 최대 규모 바르샤바 WtE 플랜트에 설비 공급 폴란드 바르샤바 폐자원 에너지화 플랜트 조감도 두산중공업 제공 [파이낸셜뉴스]두산중공업이 유럽에서 폐자원 에너지화  Waste to Energy  WtE  플랜트를 연이어 수주하면서 기술력을 인정받고 있다 일 두산중공업은 최근 독일 자회사인 두산렌체스가 EPC 설계 조달 시공 사인 포스코건설과 폴란드 바르샤바 WtE 플랜트 기자재 공급계약을 체결했다고 밝혔다  수주 금액은 약 억원이다  이번 공급 계약은 지난해  월  억원 규모 폴란드 올슈틴 WtE 플랜트   월  억원 규모 독일 딘스라켄 WtE 플랜트에 이어 유럽 WtE 시장에서 세번째 수주 성과다 바르샤바 시립 폐자원 관리 기업인 MPO가 발주한 이 플랜트는 이 지역 시민 약  만명이 하루에 배출하는  톤 규모의 도시 생활 폐기물을 처리해  MW 규모의 전력과 열을 공급하며  완공되면 폴란드 내 최대 규모 WtE 플랜트가 된다  두산렌체스는 보일러  기와 질소처리기 등 주기기를  년까지 공급할 예정이다 WtE 플랜트는 산업현장이나 가정에서 발생하는 각종 가연성 폐자원을 가스화  소각  열분해 등의 과정으로 에너지화 하는 시설이다  이를 통해 전력과 열을 공급할 뿐만 아니라 쓰레기 매립지를 최소화함으로써 환경 오염을 줄일 수 있어 최근 각광받고 있다  특히 유럽 WtE 시장은  노후 플랜트 교체 수요 증가와 폐기물 매립지 제한 정책으로 인해 신규 발주가 증가하는 추세다 두산중공업 박홍욱 파워서비스BG장은  폐자원 환경 기준 강화로  년까지 약  기의 신규 수주가 예상되는 유럽 WtE 시장을 적극 공략해 나가겠다 고 밝혔다 mjk fnnews com 김미정 기자  날로먹고 구워먹는 금융이슈 [파인애플]  모 아 모아 [모아시스]  헉  소리나는 스 토리 뉴스 [헉스]  저작권자   파이낸셜뉴스  무단 전재 재배포 금지,2021-05-17,1.63,0.0
374,374,두산중공업  폴란드 폐자원 에너지화 플랜트 수주   억 규모 ,2021.05.17 09:04,두산중공업 이 유럽에서 폐자원 에너지화 Waste to Energy WtE  플랜트를 연이어 수주했다 폴란드 바르샤바 폐자원 에너지화 플랜트 조감도   두산중공업 제공 두산중공업은 독일 자회사인 두산렌체스가 최근 EPC사인 포스코건설과 폴란드 바르샤바 WtE 플랜트 기자재 공급 계약을 체결했다고  일 밝혔다  WtE 플랜트는 산업현장이나 가정에서 발생하는 각종 가연성 폐자원을 가스화  소각  열분해 등의 과정으로 에너지화 하는 시설이다 이번 수주 금액은 약  억원이다  이번 공급 계약은 지난해  월  억원 규모 폴란드 올슈틴 WtE 플랜트   월  억원 규모 독일 딘스라켄 WtE 플랜트에 이어 유럽 WtE 시장에서 세번째 수주 성과다 바르샤바 시립 폐자원 관리 기업인 MPO가 발주한 이 플랜트는 이 지역 시민 약  만명이 하루에 배출하는  톤 t  규모의 도시 생활 폐기물을 처리해  MW 규모의 전력과 열을 공급한다  완공되면 폴란드 내 최대 규모 WtE 플랜트가 된다  두산렌체스는 보일러  기와 질소처리기 등 주기기를 오는  년까지 공급할 예정이다 박홍욱 두산중공업 파워서비스BG장은  폐자원 환경 기준 강화로  년까지 약  기의 신규 수주가 예상되는 유럽 WtE 시장을 적극 공략해 나가겠다 고 말했다 [정민하 기자 min chosunbiz com] 네이버에서  명품 경제뉴스  조선비즈를 구독하세요 퇴근후 유튜브로 돈 버는 김대리  괜찮나요 새차보다 잘나가는 중고 포터 봉고 전기차 저작권자   조선비즈  무단 전재 및 재배포 금지,2021-05-17,1.63,0.0
375,375,두산중공업  폴란드 폐자원 에너지화 플랜트 수주   억 규모 ,2021.05.17 09:04,두산중공업 이 유럽에서 폐자원 에너지화 Waste to Energy WtE  플랜트를 연이어 수주했다 폴란드 바르샤바 폐자원 에너지화 플랜트 조감도   두산중공업 제공 두산중공업은 독일 자회사인 두산렌체스가 최근 EPC사인 포스코건설과 폴란드 바르샤바 WtE 플랜트 기자재 공급 계약을 체결했다고  일 밝혔다  WtE 플랜트는 산업현장이나 가정에서 발생하는 각종 가연성 폐자원을 가스화  소각  열분해 등의 과정으로 에너지화 하는 시설이다 이번 수주 금액은 약  억원이다  이번 공급 계약은 지난해  월  억원 규모 폴란드 올슈틴 WtE 플랜트   월  억원 규모 독일 딘스라켄 WtE 플랜트에 이어 유럽 WtE 시장에서 세번째 수주 성과다 바르샤바 시립 폐자원 관리 기업인 MPO가 발주한 이 플랜트는 이 지역 시민 약  만명이 하루에 배출하는  톤 t  규모의 도시 생활 폐기물을 처리해  MW 규모의 전력과 열을 공급한다  완공되면 폴란드 내 최대 규모 WtE 플랜트가 된다  두산렌체스는 보일러  기와 질소처리기 등 주기기를 오는  년까지 공급할 예정이다 박홍욱 두산중공업 파워서비스BG장은  폐자원 환경 기준 강화로  년까지 약  기의 신규 수주가 예상되는 유럽 WtE 시장을 적극 공략해 나가겠다 고 말했다 [정민하 기자 min chosunbiz com] 네이버에서  명품 경제뉴스  조선비즈를 구독하세요 퇴근후 유튜브로 돈 버는 김대리  괜찮나요 새차보다 잘나가는 중고 포터 봉고 전기차 저작권자   조선비즈  무단 전재 및 재배포 금지,2021-05-17,1.63,0.0
376,376,두산중공업  소형원전의 TSMC 노린다,2021.05.19 16:42,탄소배출 적고  배 더 안전 발전량 조절해 신에너지 보완 뉴스케일에  만  투자 전략적 협력관계로 시장 선점 두산  수소사업과도 시너지 뉴스케일 소형모듈원자로 SMR  플랜트 가상 조감도  [사진 제공   두산중공업] 스마트원전 으로 불리는 소형모듈원자로 SMR 가 글로벌 에너지 시장의  게임체인저 로 부상하면서 SMR 제조 기술을 확보하고 있는 두산중공업에 이목이 집중되고 있다  SMR가 탄소중립 달성을 위한 대안으로 부상하면서 미국 뉴스케일 등 글로벌 개발사들이 SMR 개발에 나서고 있지만 정작 이를 제조할 기술력을 갖춘 회사는 손가락을 꼽을 정도다  대만 TSMC가 고객 주문을 받아 시스템반도체를 위탁 생산하는 것처럼 두산중공업이  SMR판 TSMC 로 떠오를 가능성이 높아지고 있다는 게 업계 분석이다 일 국제원자력기구에 따르면 SMR 개발에 나선 주요 개발사 러시아 중국 제외 는 미국 뉴스케일  테라파워  X 에너지  웨스팅하우스  GE 히타치를 비롯해 영국 롤스로이스  캐나다 SNC라발린  프랑스 프라마톰  덴마크 시보그 등 수십 곳에 이른다  원전 업계에 따르면 이들이 개발하고 있는 SMR 노형만  여 개에 달한다 개발사는  난립  중이지만 이를 실제로 구현해 원전 기기로 제조할 수 있는 곳은 많지 않다  두산중공업을 비롯해 미국 BWXT  프랑스 프라마톰  스페인 엔사  일본 미쓰비시중공업과 이시카와지마중공업 등이 대표적이다 현재 실제 SMR 시제품 제작에 돌입한 개발사는 뉴스케일 단 한 곳으로  뉴스케일 SMR 제조사는 BWXT와 두산중공업 단 두 곳뿐이다 두산중공업은  년간 원전 기기 제작 시장에서 쌓아 올린 노하우가 있고  SMR 제조에서도 한발 앞서 나가고 있기 때문에 SMR 시장이 개화할 경우 제조 물량을 소화할 수 있다  특히 두산중공업은  년 뉴스케일에  만달러 약  억원  규모 지분 투자에 나서 전략적 협력 관계를 구축하며 SMR 시장 선점에도 나선 바 있다  SMR 후발 주자들이 두산중공업의 SMR 관련 노하우를 탐내는 이유다 SMR가 주목받는 가장 큰 이유는 탄소 배출은 없으면서 기존 원전 대비 안전도가 월등히 높은 데다 차지하는 용지 면적이 작다는 데 있다 일례로 뉴스케일 SMR는 미국 원자력규제기관이 기존 대형 원전 대비 중대 사고 발생 빈도가  분의  에 불과하다고 평가했다  원전 노심 손상 빈도가  억년에 한 번에 불과할 정도로 낮아 기존 원전 대비  배 안전하다  여기에 모듈화가 가능해 모듈  대당   전력 생산이 가능한데  이를  개 묶어 발전용량을  로 조절할 수 있다  신재생에너지 발전용량이 들쭉날쭉하다는 단점을 보완해주는 기저발전원으로서  궁합 이 좋다는 평가다  특히 이 같은 발전용량은 국내 화력발전소가 통상  기당   규모라는 점을 감안할 때 소형화를 통해 좁은 용지만으로도 기존 화력발전소를 대체할 수 있다는 장점을 지닌다 SMR는  궁극의 수소 로 불리는  그린수소  생산을 위한 거의 유일한 대안으로 꼽힌다  그린수소는 수소 생산 과정에서 탄소 배출이 전혀 없는 청정 수소다  수소 사업에도 뛰어든 두산중공업은 중장기적으로 SMR에서 전기를 생산해 그린수소 생산에 나서는 한편 수소발전을 위한 수소가스 터빈 개발에도 나섰다  SMR와 수소 사업이 상호 시너지를 내는 구조다 [한우람 기자]   경제  위  매일경제  네이버에서 구독하세요  이 제품은  이렇게 만들죠  영상으로 만나요  부동산의 모든것  매부리TV 가 펼칩니다 [  매일경제   mk co kr  무단전재 및 재배포 금지],2021-05-20,9.52,1.0
377,377,두산중공업  소형원전의 TSMC 노린다,2021.05.19 16:42,탄소배출 적고  배 더 안전 발전량 조절해 신에너지 보완 뉴스케일에  만  투자 전략적 협력관계로 시장 선점 두산  수소사업과도 시너지 뉴스케일 소형모듈원자로 SMR  플랜트 가상 조감도  [사진 제공   두산중공업] 스마트원전 으로 불리는 소형모듈원자로 SMR 가 글로벌 에너지 시장의  게임체인저 로 부상하면서 SMR 제조 기술을 확보하고 있는 두산중공업에 이목이 집중되고 있다  SMR가 탄소중립 달성을 위한 대안으로 부상하면서 미국 뉴스케일 등 글로벌 개발사들이 SMR 개발에 나서고 있지만 정작 이를 제조할 기술력을 갖춘 회사는 손가락을 꼽을 정도다  대만 TSMC가 고객 주문을 받아 시스템반도체를 위탁 생산하는 것처럼 두산중공업이  SMR판 TSMC 로 떠오를 가능성이 높아지고 있다는 게 업계 분석이다 일 국제원자력기구에 따르면 SMR 개발에 나선 주요 개발사 러시아 중국 제외 는 미국 뉴스케일  테라파워  X 에너지  웨스팅하우스  GE 히타치를 비롯해 영국 롤스로이스  캐나다 SNC라발린  프랑스 프라마톰  덴마크 시보그 등 수십 곳에 이른다  원전 업계에 따르면 이들이 개발하고 있는 SMR 노형만  여 개에 달한다 개발사는  난립  중이지만 이를 실제로 구현해 원전 기기로 제조할 수 있는 곳은 많지 않다  두산중공업을 비롯해 미국 BWXT  프랑스 프라마톰  스페인 엔사  일본 미쓰비시중공업과 이시카와지마중공업 등이 대표적이다 현재 실제 SMR 시제품 제작에 돌입한 개발사는 뉴스케일 단 한 곳으로  뉴스케일 SMR 제조사는 BWXT와 두산중공업 단 두 곳뿐이다 두산중공업은  년간 원전 기기 제작 시장에서 쌓아 올린 노하우가 있고  SMR 제조에서도 한발 앞서 나가고 있기 때문에 SMR 시장이 개화할 경우 제조 물량을 소화할 수 있다  특히 두산중공업은  년 뉴스케일에  만달러 약  억원  규모 지분 투자에 나서 전략적 협력 관계를 구축하며 SMR 시장 선점에도 나선 바 있다  SMR 후발 주자들이 두산중공업의 SMR 관련 노하우를 탐내는 이유다 SMR가 주목받는 가장 큰 이유는 탄소 배출은 없으면서 기존 원전 대비 안전도가 월등히 높은 데다 차지하는 용지 면적이 작다는 데 있다 일례로 뉴스케일 SMR는 미국 원자력규제기관이 기존 대형 원전 대비 중대 사고 발생 빈도가  분의  에 불과하다고 평가했다  원전 노심 손상 빈도가  억년에 한 번에 불과할 정도로 낮아 기존 원전 대비  배 안전하다  여기에 모듈화가 가능해 모듈  대당   전력 생산이 가능한데  이를  개 묶어 발전용량을  로 조절할 수 있다  신재생에너지 발전용량이 들쭉날쭉하다는 단점을 보완해주는 기저발전원으로서  궁합 이 좋다는 평가다  특히 이 같은 발전용량은 국내 화력발전소가 통상  기당   규모라는 점을 감안할 때 소형화를 통해 좁은 용지만으로도 기존 화력발전소를 대체할 수 있다는 장점을 지닌다 SMR는  궁극의 수소 로 불리는  그린수소  생산을 위한 거의 유일한 대안으로 꼽힌다  그린수소는 수소 생산 과정에서 탄소 배출이 전혀 없는 청정 수소다  수소 사업에도 뛰어든 두산중공업은 중장기적으로 SMR에서 전기를 생산해 그린수소 생산에 나서는 한편 수소발전을 위한 수소가스 터빈 개발에도 나섰다  SMR와 수소 사업이 상호 시너지를 내는 구조다 [한우람 기자]   경제  위  매일경제  네이버에서 구독하세요  이 제품은  이렇게 만들죠  영상으로 만나요  부동산의 모든것  매부리TV 가 펼칩니다 [  매일경제   mk co kr  무단전재 및 재배포 금지],2021-05-20,9.52,1.0
378,378,[증시 이슈] 두산 두산중공업  재무구조 개선 기대감에  급등 ,2021.05.20 17:50,한신평  두산중공업  양호한 수익성과 재무안정성 유지할 전망 두산 로고 [중앙포토] 두산 두산중공업이  일 급등했다  한국신용평가가 지난  일 두산그룹 자회사인 두산중공업의 사업 재무위험이 크게 확대됐던 상황에서 구조조정이 이뤄지며 재무위험이 완화됐다는 분석을 내놓은 것이 주가 상승에 영향을 미친 것으로 풀이된다 이날 두산은 전날보다   오른  만 원을 기록하며 장을 마감했다   주 신고가였던  만 원을 뛰어넘으며 새로운 신고가를 쓴 것이다  두산중공업은   상승한  만 원에 장을 마쳤다 한국신용평가는 지난  일 두산의 신용등급 전망을  부정적 에서  안정적 을 바꿨다  신용등급을 상향한 이유에 대해  자체 영업기반 축소에도 양호한 수익성을 냈고  재무안정성을 유지할 것으로 전망 이라고 밝혔다  또 추가적인 대규모 계열지원 가능성이 다소 완화돼 안정적 신용등급을 유지할 것이라고 내다봤다 구체적인 사유는 주력 자회사인 두산중공업에 대한 지원부담이 완화됐다는 점을 꼽았다  당초 두산중공업의 사업 및 재무위험이 크게 확대된 상황 탓에 두산의 신용도에 부담이 됐지만  구조조정 및  조 억원 규모의 유상증자가 완료돼 리스크가 해소됐다는 분석이다 또 두산인프라코어를 포함한 그룹의 주요 자산 매각도 원활히 성사되면서 단기적으로는 두산중공업의 재무위험이 완화되고 있다고 판단했다 김채영 인턴기자 kim chaeyoung joongang co kr 이코노미스트 https economist co kr   내일을 위한 경제뉴스 이코노미스트  무단 전재 및 재배포 금지,2021-05-21,0.72,0.0
379,379,[증시 이슈] 두산 두산중공업  재무구조 개선 기대감에  급등 ,2021.05.20 17:50,한신평  두산중공업  양호한 수익성과 재무안정성 유지할 전망 두산 로고 [중앙포토] 두산 두산중공업이  일 급등했다  한국신용평가가 지난  일 두산그룹 자회사인 두산중공업의 사업 재무위험이 크게 확대됐던 상황에서 구조조정이 이뤄지며 재무위험이 완화됐다는 분석을 내놓은 것이 주가 상승에 영향을 미친 것으로 풀이된다 이날 두산은 전날보다   오른  만 원을 기록하며 장을 마감했다   주 신고가였던  만 원을 뛰어넘으며 새로운 신고가를 쓴 것이다  두산중공업은   상승한  만 원에 장을 마쳤다 한국신용평가는 지난  일 두산의 신용등급 전망을  부정적 에서  안정적 을 바꿨다  신용등급을 상향한 이유에 대해  자체 영업기반 축소에도 양호한 수익성을 냈고  재무안정성을 유지할 것으로 전망 이라고 밝혔다  또 추가적인 대규모 계열지원 가능성이 다소 완화돼 안정적 신용등급을 유지할 것이라고 내다봤다 구체적인 사유는 주력 자회사인 두산중공업에 대한 지원부담이 완화됐다는 점을 꼽았다  당초 두산중공업의 사업 및 재무위험이 크게 확대된 상황 탓에 두산의 신용도에 부담이 됐지만  구조조정 및  조 억원 규모의 유상증자가 완료돼 리스크가 해소됐다는 분석이다 또 두산인프라코어를 포함한 그룹의 주요 자산 매각도 원활히 성사되면서 단기적으로는 두산중공업의 재무위험이 완화되고 있다고 판단했다 김채영 인턴기자 kim chaeyoung joongang co kr 이코노미스트 https economist co kr   내일을 위한 경제뉴스 이코노미스트  무단 전재 및 재배포 금지,2021-05-21,0.72,0.0
380,380,두산중공업  폐배터리에서 리튬 추출하는 친환경 기술 개발,2021.05.23 09:59,폐건전지 재활용 리튬 자원화 그래픽 두산중공업 제공 [파이낸셜뉴스] 두산중공업이 폐배터리를 재활용해 탄산리튬을 회수하는 기술 개발에 성공했다  탄산리튬은 배터리에서 전기를 생성하고 충전하는 역할을 하는 핵심 소재로  노트북과 휴대폰 등 IT 정보기술  기기 배터리에 주로 사용된다 일 두산중공업은 화학제를 사용하지 않는 새로운 리튬 추출 공법을 개발했다고 밝혔다 폐배터리에서 탄산리튬을 추출하기 위해서는  열처리 산침출 산성 용액으로 재료를 녹이는 작업   결정화 공정을 거치는데 이 과정에서 일반적으로 황산 등 화학물질이 사용된다 이번 기술은 화학제를 사용하지 않는 새로운 리튬 추출 공법이다  폐배터리 내부물질을 열처리하고  증류수를 활용해 리튬을 선택적으로 분리한 뒤 전기흡착식 결정화 기술을 통해 탄산리튬을 추출하는 방식이다  두산중공업이 자체 개발해 특허 출원한이 공법은 기존 추출 방식에 비해 공정이 단순해 경제성이 높고  화학제를 사용하지 않아 환경적으로도 장점이 있다 두산중공업은 올해 하반기부터 연간  톤 규모의 사용 후 배터리를 처리 할 수 있는 설비 실증을 추진하고 순도  의 탄산리튬을 생산하는 등 본격적인 사업에 나설 예정이다 두산중공업 송용진 부사장은  이번 기술 개발로 광산 등 자연에서 리튬을 채굴하는 방식보다 온실가스 발생량을 대폭 줄이고 자원을 절약할 수 있는 친환경 처리 기술을 확보하게 됐다 며  년  만  톤 규모로 급증이 예상되는 국내 폐배터리 재활용 시장을 적극 공략해 나가겠다 고 밝혔다  열처리  재료를 목적에 따라 가열해 재료의 구조와 성질을 변화시키는 작업  폐배터리는 리튬  코발트  니켈 등 금속 화합물로 구성돼 있으며  리튬은 열처리 중 발생한 이산화탄소와 반응해 탄산리튬으로 변환됨 mjk fnnews com 김미정 기자  날로먹고 구워먹는 금융이슈 [파인애플]  모 아 모아 [모아시스]  헉  소리나는 스 토리 뉴스 [헉스]  저작권자   파이낸셜뉴스  무단 전재 재배포 금지,2021-05-24,4.68,1.0
381,381,두산중공업  화학물질 없이 폐배터리서 리튬 추출 기술 개발,2021.05.23 10:31,[아시아경제 정현진 기자] 두산중공업이 폐배터리를 재활용해 탄산리튬을 회수하는 기술 개발에 성공했다고  일 밝혔다 탄산리튬은 배터리에서 전기를 생성하고 충전하는 역할을 하는 핵심 소재로  노트북과 휴대폰 등 IT 기기 배터리에 주로 사용된다  폐배터리에서 탄산리튬을 추출하기 위해서는 열처리  산침출 산성 용액으로 재료를 녹이는 작업  결정화 공정을 거치는데 이 과정에서 일반적으로 황산 등 화학물질이 사용된다 두산중공업은 화학제를 사용하지 않는 새로운 리튬 추출 공법을 개발했다고 설명했다  폐배터리 내부물질을 열처리하고 증류수를 활용해 리튬을 선택적으로 분리한 뒤 전기흡착식 결정화 기술을 통해 탄산리튬을 추출하는 방식이다 그림제공 두산중공업 두산중공업은 올해 하반기부터 연간  t 규모의 사용 후 배터리를 처리 할 수 있는 설비 실증을 추진하고 순도  의 탄산리튬을 생산하는 등 본격적인 사업에 나설 예정이다 두산중공업 송용진 부사장은  이번 기술 개발로 광산 등 자연에서 리튬을 채굴하는 방식보다 온실가스 발생량을 대폭 줄이고 자원을 절약할 수 있는 친환경 처리 기술을 확보하게 됐다 며  년  만  t 규모로 급증이 예상되는 국내 폐배터리 재활용 시장을 적극 공략해 나가겠다 고 말했다 두산중공업은 폐배터리 재활용 기술과 폐플라스틱  폐비닐로 수소를 생산하는 기술 등 폐자원 처리 기술을 통해 순환 경제 구축에 앞장서는 한편 환경 사회 지배구조 ESG  경영을 강화해 나갈 계획이다 정현진 기자 jhj asiae co kr  속 시원한 풀이   년 정통사주 운세 토정비결  직장인을 위한  빅데이터 분석  국비 특화과정 모집  투자 성공의 핵심은 기업분석   CORE  바로가기 경제를 보는 눈  세계를 보는 창 아시아경제 무단전재 배포금지 ,2021-05-24,4.68,1.0
382,382,두산중공업   친환경 경제성  다 잡은 폐배터리 리튬 추출 기술 개발,2021.05.23 11:37,자체 개발한 전기흡착식 결정화 기술 통해 탄산리튬 회수 톤 규모 폐배터리 처리 가능한 설비 실증 사업 추진 두산중공업이 독자 개발한 탄산리튬 회수 공정 과정으로 왼쪽붜 오른쪽까지 단계별 원료 변화 과정을 보여주고 있다 사진 제공 두산중공업 탄산리튬의 원료가 되는 블랙파우더 왼쪽  두산중공업의 독자 기술로 생산한 탄산리튬 사진 제공 두산중공업 [서울경제] 두산중공업 은 폐배터리를 재활용해 탄산리튬을 회수하는 기술을 개발했다고  일 밝혔다 탄산리튬은 배터리에서 전기를 생성 충전하는 핵심 소재다  노트북과 휴대폰 등 IT 기기 배터리에 주로 쓰인다  폐배터리에서 탄산리튬을 추출하기 위해서는  열처리  산침출 산성 용액으로 재료를 녹이는 작업   결정화 공정을 거친다  일반적으로 황산 등 화학물질이 사용된다 그러나 두산중공업은 화학제를 사용하지 않는 새로운 리튬 추출 공법을 개발한 것이다  폐배터리 내부물질을 열처리하고  증류수를 활용해 리튬을 선택적으로 분리한 뒤 전기흡착식 결정화 기술을 통해 탄산리튬을 추출하는 방식이다  기존 추출 방식 대비 공정이 단순해 경제성이 높고 화학제를 사용하지 않아 친환경적이다 두산중공업은 올 하반기부터 연간  톤 규모의 사용 후 배터리를 처리 할 수 있는 설비 실증을 추진한다  또 순도  의 탄산리튬을 생산하는 등 본격적인 사업에 나설 예정이다 송용진 두산중공업 부사장은  이번 기술 개발로 광산 등 자연에서 리튬을 채굴하는 방식보다 온실가스 발생량을 대폭 줄이고 자원을 절약할 수 있는 친환경 처리 기술을 확보하게 됐다 며  년  만  톤 규모로 급증이 예상되는 국내 폐배터리 재활용 시장을 적극 공략해 나가겠다 고 밝혔다 서종갑 기자 gap sedaily com  [지구용] 투명해진 맥주병  그런데 말입니다  서울경제 더 폴리틱스 뉴스를 만나보세요  미슐랭 가이드처럼 알찬 부동산 뉴스  집슐랭 저작권자   서울경제  무단 전재 및 재배포 금지,2021-05-24,4.68,1.0
383,383,두산중공업  화학제 없이 폐배터리에서 리튬 추출하는 기술 개발,2021.05.23 12:44,사진 두산중공업 제공 [헤럴드경제 양대근 기자] 두산중공업은 화학제를 사용하지 않고 폐배터리를 재활용해 탄산리튬을 회수하는 기술 개발에 성공했다고  일 밝혔다 탄산리튬은 배터리에서 전기를 생성하고 충전하는 역할을 하는 핵심 소재로  노트북과 휴대폰 등 정보기술 IT  기기 배터리에 주로 사용된다 폐배터리에서 탄산리튬을 추출하려면 열처리  산침출 산성 용액으로 재료를 녹이는 작업  결정화 공정을 거치는데 이 과정에서 일반적으로 황산 등 화학물질이 사용된다 두산중공업은 화학제를 사용하지 않는 새로운 리튬 추출 공법을 개발했다고 설명했다  폐배터리 내부물질을 열처리하고  증류수를 활용해 리튬을 선택적으로 분리한 뒤 전기흡착식 결정화 기술로 탄산리튬을 추출하는 방식이다 두산중공업은 올해 하반기부터 연간  t 규모의 사용 후 배터리를 처리할 수 있는 설비 실증을 추진하고 순도  의 탄산리튬을 생산하는 등 본격적인 사업에나설 예정이다 송용진 두산중공업 부사장은  이번 기술 개발로 광산 등 자연에서 리튬을 채굴하는 방식보다 온실가스 발생량을 대폭 줄이고 자원을 절약할 수 있는 친환경 처리 기술을 확보하게 됐다 며  년  만 t 규모로 급증이 예상되는 국내 폐배터리 재활용 시장을 적극 공략해 나가겠다 고 말했다 두산중공업은 폐배터리 재활용 기술과 폐플라스틱 폐비닐로 수소를 생산하는 기술 등 폐자원 처리 기술을 통해 순환 경제 구축에 앞장서는 한편 환경 사회 지배구조 ESG  경영을 강화해 나갈 계획이다 bigroot heraldcorp com 환경적 대화기구  헤럴드에코 밀리터리 전문 콘텐츠  헤밀 헤럴드경제 네이버 채널 구독  Copyrights   헤럴드경제   heraldbiz com  무단 전재 및 재배포 금지  ,2021-05-24,4.68,1.0
384,384,두산중공업  폐배터리서 리튬 추출 기술 개발,2021.05.23 17:59,두산중공업은 폐배터리를 재활용해 탄산리튬을 회수하는 기술 개발에 성공했다고  일 발표했다  화학제를 사용하지 않는 방식이어서 친환경 순환 경제에 기여할 것으로 회사 측은 기대하고 있다 탄산리튬은 배터리에서 전기를 생성하고 충전하는 역할을 하는 핵심 소재다  노트북과 휴대폰 등 전자기기 배터리에 주로 쓰인다  폐배터리에서 탄산리튬을 추출하려면 열처리와 산성 용액으로 재료를 녹이는 산침출  결정화 공정을 거친다  일반적으로 황산 등 화학물질을 활용해 산침출을 한다 두산중공업은 화학제가 온실가스를 발생시키는 등 환경에 해롭다는 데 착안해 새로운 리튬 추출 공법을 개발했다  폐배터리 내부물질을 열처리하고  증류수를 활용해 리튬을 선택적으로 분리한 뒤 전기흡착식 결정화 기술로 탄산리튬을 추출하는 방식이다  두산중공업은 올 하반기부터 연간  t 규모의 폐배터리를 처리할 수 있는 실증 설비를 구축해 순도  의 탄산리튬을 생산할 계획이다 송용진 두산중공업 부사장은  국내 폐배터리 재활용 시장은  년  만 t 규모로 급성장할 전망 이라며  폐플라스틱으로 수소를 생산하는 등 친환경 경영을 강화할 것 이라고 강조했다 이수빈 기자 lsb hankyung com  경제지 네이버 구독 첫  만  한국경제 받아보세요  한경 고품격 뉴스레터  원클릭으로 구독하세요  한국경제신문과 WSJ  모바일한경으로 보세요  한국경제   hankyung com  무단전재 및 재배포 금지,2021-05-24,4.68,1.0
385,385,[특징주]두산중공업  강세 폐배터리 재활용 탄산리튬 회수기술,2021.05.24 09:06,[이데일리 박정수 기자] 두산중공업 이 강세를 보인다  폐배터리를 재활용해 탄산리튬을 회수하는 기술 개발에 성공했다는 소식이 긍정적 영향을 미치는 것으로 풀이된다 일 마켓포인트에 따르면 오전  시 분 현재 두산중공업은 전 거래일보다  원  오른  만 원에 거래되고 있다 지난  일 두산중공업은 폐배터리를 재활용해 탄산리튬을 회수하는 기술 개발에 성공했다고 밝혔다 탄산리튬은 배터리에서 전기를 생성하고 충전하는 역할을 하는 핵심 소재다  폐배터리에서 탄산리튬을 추출하기 위해서는 일반적으로 열처리  산침출 산성 용액으로 재료를 녹이는 작업  결정화 등의 공정을 거치는데 이 과정에서 황산 등 화학물질이 사용된다 두산중공업은 이번에 화학제를 사용하지 않는 새로운 리튬 추출 공법을 개발했다  폐배터리 내부물질을 열처리하고  증류수를 활용해 리튬을 선택 분리한 뒤  전기흡착식 결정화 기술을 통해 탄산리튬을 추출하는 방식이다  이 공법은 기존 방식에 비해 공정이 단순해 경제성이 높고 화학제를 사용하지 않아 환경적으로도 개선됐다 두산중공업은 올 하반기부터 연간  톤 규모의 사용 후 배터리를 처리 할 수 있는 설비 실증을 추진할 계획이다  이를 통해 순도  의 탄산리튬 생산에 나선다 박정수  ppjs edaily co kr   시간 빠른  미리보는 뉴스  eNews  네이버에서  이데일리 뉴스 를 만나보세요  빡침해소  청춘뉘우스  스냅타임 종합 경제정보 미디어 이데일리   무단전재   재배포 금지 ,2021-05-24,4.68,1.0
386,386,[특징주]두산중공업  강세 폐배터리 재활용 탄산리튬 회수기술,2021.05.24 09:06,[이데일리 박정수 기자] 두산중공업 이 강세를 보인다  폐배터리를 재활용해 탄산리튬을 회수하는 기술 개발에 성공했다는 소식이 긍정적 영향을 미치는 것으로 풀이된다 일 마켓포인트에 따르면 오전  시 분 현재 두산중공업은 전 거래일보다  원  오른  만 원에 거래되고 있다 지난  일 두산중공업은 폐배터리를 재활용해 탄산리튬을 회수하는 기술 개발에 성공했다고 밝혔다 탄산리튬은 배터리에서 전기를 생성하고 충전하는 역할을 하는 핵심 소재다  폐배터리에서 탄산리튬을 추출하기 위해서는 일반적으로 열처리  산침출 산성 용액으로 재료를 녹이는 작업  결정화 등의 공정을 거치는데 이 과정에서 황산 등 화학물질이 사용된다 두산중공업은 이번에 화학제를 사용하지 않는 새로운 리튬 추출 공법을 개발했다  폐배터리 내부물질을 열처리하고  증류수를 활용해 리튬을 선택 분리한 뒤  전기흡착식 결정화 기술을 통해 탄산리튬을 추출하는 방식이다  이 공법은 기존 방식에 비해 공정이 단순해 경제성이 높고 화학제를 사용하지 않아 환경적으로도 개선됐다 두산중공업은 올 하반기부터 연간  톤 규모의 사용 후 배터리를 처리 할 수 있는 설비 실증을 추진할 계획이다  이를 통해 순도  의 탄산리튬 생산에 나선다 박정수  ppjs edaily co kr   시간 빠른  미리보는 뉴스  eNews  네이버에서  이데일리 뉴스 를 만나보세요  빡침해소  청춘뉘우스  스냅타임 종합 경제정보 미디어 이데일리   무단전재   재배포 금지 ,2021-05-24,4.68,1.0
387,387,한 미 원전수주 공동진출 두산중공업 등 원전 관련주  강세 ,2021.05.24 09:12,[머니투데이 김소연 기자] 두산중공업 등 원전 관련주가 강세를 나타내고 있다  한미 정상회담 이후 한미가 해외원전 수주에 공동진출하기로 했다는 소식 덕분으로 풀이된다 일 오전  시 분 두산중공업은 전일대비  원  상승한  만 원을 기록하고 있다 원전 부품주로 꼽히는 비에이치아이는  원  뛴  원을  에너토크도  대 상승세를 나타내고 있다  한전기술은  대 오름세다 한미는 이번 정상회담을 계기로 해외원전 수주에도 공동진출하기로 했다 이와 관련 이은택 KB증권 연구원은  미국 원천기술 이 한국 저비용 시공능력 에 손을 내민 것은 최근 중국 러시아가 세계 원전 시장을 싹쓸이 하고 있기 때문 이라며  국내 탈원전 정책까지 바뀔지는 아직 미지수이나  어둡던 한국 원자력 업계에는 분명 희망적인 움직임 이라고 분석했다 김소연 기자 nicksy 부동산 투자는 [부릿지] 주식 투자는 [부꾸미TALK] 부자되는 뉴스  머니투데이 구독하기 저작권자    돈이 보이는 리얼타임 뉴스  머니투데이  무단전재 및 재배포 금지 ,2021-05-24,4.68,1.0
388,388,한 미 원전수주 공동진출 두산중공업 등 원전 관련주  강세 ,2021.05.24 09:12,[머니투데이 김소연 기자] 두산중공업 등 원전 관련주가 강세를 나타내고 있다  한미 정상회담 이후 한미가 해외원전 수주에 공동진출하기로 했다는 소식 덕분으로 풀이된다 일 오전  시 분 두산중공업은 전일대비  원  상승한  만 원을 기록하고 있다 원전 부품주로 꼽히는 비에이치아이는  원  뛴  원을  에너토크도  대 상승세를 나타내고 있다  한전기술은  대 오름세다 한미는 이번 정상회담을 계기로 해외원전 수주에도 공동진출하기로 했다 이와 관련 이은택 KB증권 연구원은  미국 원천기술 이 한국 저비용 시공능력 에 손을 내민 것은 최근 중국 러시아가 세계 원전 시장을 싹쓸이 하고 있기 때문 이라며  국내 탈원전 정책까지 바뀔지는 아직 미지수이나  어둡던 한국 원자력 업계에는 분명 희망적인 움직임 이라고 분석했다 김소연 기자 nicksy 부동산 투자는 [부릿지] 주식 투자는 [부꾸미TALK] 부자되는 뉴스  머니투데이 구독하기 저작권자    돈이 보이는 리얼타임 뉴스  머니투데이  무단전재 및 재배포 금지 ,2021-05-24,4.68,1.0
389,389,두산중공업  폐배터리 재활용 기술 개발에  대 강세,2021.05.24 10:04,탄산리튬 회수 기술 개발  경제성 높여 사진 두산중공업 두산중공업이 폐배터리를 재활용해 탄산리튬을 회수하는 기술 개발에 성공했다는 소식에 강세다 일 오전  시 분 현재 두산중공업은 전 거래일 보다  원  오른  만 원에 거래되고 있다  전날 두산중공업은 폐배터리를 재활용해 탄산리튬을 회수하는 기술 개발에 성공했다고 밝혔다 탄산리튬은 배터리에서 전기를 생성하고 충전하는 역할을 하는 핵심 소재다  폐배터리에서 탄산리튬을 추출하기 위해서는 일반적으로 열처리  산침출 산성 용액으로 재료를 녹이는 작업  결정화 등의 공정을 거치는데 이 과정에서 황산 등 화학물질이 사용된다 두산중공업은 이번에 화학제를 사용하지 않는 새로운 리튬 추출 공법을 개발했다  폐배터리 내부물질을 열처리하고  증류수를 활용해 리튬을 선택 분리한 뒤  전기흡착식 결정화 기술을 통해 탄산리튬을 추출하는 방식이다  이 공법은 기존 방식에 비해 공정이 단순해 경제성이 높고 화학제를 사용하지 않아 환경적으로도 개선됐다 두산중공업은 올 하반기부터 연간  톤 t  규모의 사용 후 배터리를 처리 할 수 있는 설비 실증을 추진할 계획이다  이를 통해 순도  의 탄산리튬 생산에 나선다 류은혁 한경닷컴 기자 ehryu hankyung com  경제지 네이버 구독 첫  만  한국경제 받아보세요  한경 고품격 뉴스레터  원클릭으로 구독하세요  한국경제신문과 WSJ  모바일한경으로 보세요  한국경제   hankyung com  무단전재 및 재배포 금지,2021-05-24,4.68,1.0
390,390,두산중공업  폐배터리 재활용 기술 개발에  대 강세,2021.05.24 10:04,탄산리튬 회수 기술 개발  경제성 높여 사진 두산중공업 두산중공업이 폐배터리를 재활용해 탄산리튬을 회수하는 기술 개발에 성공했다는 소식에 강세다 일 오전  시 분 현재 두산중공업은 전 거래일 보다  원  오른  만 원에 거래되고 있다  전날 두산중공업은 폐배터리를 재활용해 탄산리튬을 회수하는 기술 개발에 성공했다고 밝혔다 탄산리튬은 배터리에서 전기를 생성하고 충전하는 역할을 하는 핵심 소재다  폐배터리에서 탄산리튬을 추출하기 위해서는 일반적으로 열처리  산침출 산성 용액으로 재료를 녹이는 작업  결정화 등의 공정을 거치는데 이 과정에서 황산 등 화학물질이 사용된다 두산중공업은 이번에 화학제를 사용하지 않는 새로운 리튬 추출 공법을 개발했다  폐배터리 내부물질을 열처리하고  증류수를 활용해 리튬을 선택 분리한 뒤  전기흡착식 결정화 기술을 통해 탄산리튬을 추출하는 방식이다  이 공법은 기존 방식에 비해 공정이 단순해 경제성이 높고 화학제를 사용하지 않아 환경적으로도 개선됐다 두산중공업은 올 하반기부터 연간  톤 t  규모의 사용 후 배터리를 처리 할 수 있는 설비 실증을 추진할 계획이다  이를 통해 순도  의 탄산리튬 생산에 나선다 류은혁 한경닷컴 기자 ehryu hankyung com  경제지 네이버 구독 첫  만  한국경제 받아보세요  한경 고품격 뉴스레터  원클릭으로 구독하세요  한국경제신문과 WSJ  모바일한경으로 보세요  한국경제   hankyung com  무단전재 및 재배포 금지,2021-05-24,4.68,1.0
391,391,[증시 이슈] 두산중공업   한미 원전 협력  소식에 강세,2021.05.24 12:08,원전 관련주 비에이치아이 에너토크 오르비텍 등도 상승세 두산중공업 창원 본사 [사진 두산중공업] 두산중공업의 주가가 상승세다  한미 양국이 해외 원전 수주에 공동 진출한다는 소식이 주가에 호재로 작용했다 일 오전  시 분 현재 유가증권시장에서 두산중공업의 주가는 직전 거래일보다  원  오른  만 원을 기록하고 있다  지난  일 현지시간  한미 정상회담에서 양국이 해외 원전 시장에 공동 진출하기로 합의하면서  두산중공업을 비롯한 원전 관련주가 상승하고 있는 것으로 보인다 한미 원전 동맹 에 원전 관련주 강세 같은 시간 비에이치아이  에너토크  오르비텍  등 다른 원전 관련주도 일제히 오르고 있다  특히 비에이치아이는 장중  원까지 치솟으며  주 신고가를 경신하기도 했다  비에이치아이는 올해  분기 배열회수 보일러 시장 수주에서 세계  위를 차지한 업체이다  복합가스 화력발전소의 핵심 설계 능력을 보유하고 있는 것으로 알려졌다 이은택 KB증권 연구원은 한미 원전 동맹에 대해  한국 원자력 업계의 희망적인 움직임 이라고 평가했다   최근 중국과 러시아가 세계 원전 시장을 싹쓸이하고 있었다 며  원전 원천기술을 보유한 미국이 저비용의 시공능력을 갖춘 한국에 손을 내민 것 이라고 분석했다 두산중공업  폐배터리 활용한 친환경 기술 개발 두산중공업이 폐배터리를 활용한 친환경 기술을 개발했다는 소식도 주가에 긍정적 영향을 미친 것으로 보인다  지난  일 두산중공업은 폐배터리를 재활용해 탄산리튬을 회수하는 기술 개발에 성공했다고 밝혔다  탄산리튬은 배터리에서 전기를 생성하고 충전하는 역할을 하는 핵심 소재로  주로 노트북과 휴대폰 등 IT 기기 배터리에 사용된다 두산중공업은 화학제를 사용하지 않는 새 리튬 추출 공법을 개발한 것으로 알려졌다  일반적으로 폐배터리에서 탄산리튬을 추출하는 공정에는 황산 등 화학물질이 사용된다  하지만 이번 두산중공업이 특허를 출원한 공법은 화학제를 사용하지 않는 데다  공정도 단순해 경제성이 높다는 장점을 가지고 있다 두산중공업은 올해 하반기부터 본격적인 사업에 나선다  사용 후 배터리를 처리하는 설비를 갖춘 뒤  순도   탄산리튬을 생산할 계획이다  송용진 두산중공업 부사장은  이번 기술 개발로 광산 등 자연에서 리튬을 채굴하는 방식보다 온실가스 발생량을 대폭 줄이고 자원을 절약하는 친환경 처리 기술을 확보하게 됐다 면서  년  만 톤 규모로 급증이 예상되는 국내 폐배터리 재활용 시장을 적극적으로 공략하겠다 고 덧붙였다 한편 최남곤 유안타증권 연구원은 두산중공업 주가가 저평가돼 있다고  일 보고서를 통해 밝혔다  최 연구원은  두산중공업이  분기 흑자전환에 이어  올해 흑자전환을 목표로 하고 있다 면서  재무 위험이 우려보다 크지 않을 수 있다 고 말했다  또한  두산중공업이 연말까지 별도 기준 순차입 규모를 축소하고  동시에 산업은행 관련 차입금을 전량 상환할 계획 이라고 덧붙였다 정지원 인턴기자 jung jeewon joongang co kr 이코노미스트 https economist co kr   내일을 위한 경제뉴스 이코노미스트  무단 전재 및 재배포 금지,2021-05-24,4.68,1.0
392,392,[증시 이슈] 두산중공업   한미 원전 협력  소식에 강세,2021.05.24 12:08,원전 관련주 비에이치아이 에너토크 오르비텍 등도 상승세 두산중공업 창원 본사 [사진 두산중공업] 두산중공업의 주가가 상승세다  한미 양국이 해외 원전 수주에 공동 진출한다는 소식이 주가에 호재로 작용했다 일 오전  시 분 현재 유가증권시장에서 두산중공업의 주가는 직전 거래일보다  원  오른  만 원을 기록하고 있다  지난  일 현지시간  한미 정상회담에서 양국이 해외 원전 시장에 공동 진출하기로 합의하면서  두산중공업을 비롯한 원전 관련주가 상승하고 있는 것으로 보인다 한미 원전 동맹 에 원전 관련주 강세 같은 시간 비에이치아이  에너토크  오르비텍  등 다른 원전 관련주도 일제히 오르고 있다  특히 비에이치아이는 장중  원까지 치솟으며  주 신고가를 경신하기도 했다  비에이치아이는 올해  분기 배열회수 보일러 시장 수주에서 세계  위를 차지한 업체이다  복합가스 화력발전소의 핵심 설계 능력을 보유하고 있는 것으로 알려졌다 이은택 KB증권 연구원은 한미 원전 동맹에 대해  한국 원자력 업계의 희망적인 움직임 이라고 평가했다   최근 중국과 러시아가 세계 원전 시장을 싹쓸이하고 있었다 며  원전 원천기술을 보유한 미국이 저비용의 시공능력을 갖춘 한국에 손을 내민 것 이라고 분석했다 두산중공업  폐배터리 활용한 친환경 기술 개발 두산중공업이 폐배터리를 활용한 친환경 기술을 개발했다는 소식도 주가에 긍정적 영향을 미친 것으로 보인다  지난  일 두산중공업은 폐배터리를 재활용해 탄산리튬을 회수하는 기술 개발에 성공했다고 밝혔다  탄산리튬은 배터리에서 전기를 생성하고 충전하는 역할을 하는 핵심 소재로  주로 노트북과 휴대폰 등 IT 기기 배터리에 사용된다 두산중공업은 화학제를 사용하지 않는 새 리튬 추출 공법을 개발한 것으로 알려졌다  일반적으로 폐배터리에서 탄산리튬을 추출하는 공정에는 황산 등 화학물질이 사용된다  하지만 이번 두산중공업이 특허를 출원한 공법은 화학제를 사용하지 않는 데다  공정도 단순해 경제성이 높다는 장점을 가지고 있다 두산중공업은 올해 하반기부터 본격적인 사업에 나선다  사용 후 배터리를 처리하는 설비를 갖춘 뒤  순도   탄산리튬을 생산할 계획이다  송용진 두산중공업 부사장은  이번 기술 개발로 광산 등 자연에서 리튬을 채굴하는 방식보다 온실가스 발생량을 대폭 줄이고 자원을 절약하는 친환경 처리 기술을 확보하게 됐다 면서  년  만 톤 규모로 급증이 예상되는 국내 폐배터리 재활용 시장을 적극적으로 공략하겠다 고 덧붙였다 한편 최남곤 유안타증권 연구원은 두산중공업 주가가 저평가돼 있다고  일 보고서를 통해 밝혔다  최 연구원은  두산중공업이  분기 흑자전환에 이어  올해 흑자전환을 목표로 하고 있다 면서  재무 위험이 우려보다 크지 않을 수 있다 고 말했다  또한  두산중공업이 연말까지 별도 기준 순차입 규모를 축소하고  동시에 산업은행 관련 차입금을 전량 상환할 계획 이라고 덧붙였다 정지원 인턴기자 jung jeewon joongang co kr 이코노미스트 https economist co kr   내일을 위한 경제뉴스 이코노미스트  무단 전재 및 재배포 금지,2021-05-24,4.68,1.0
393,393,두산중공업  폐배터리에서 리튬 추출하는 친환경 기술 개발,2021.05.24 17:36,자체 개발한 전기흡착식 결정화 기술 통해 탄산리튬 회수 톤 규모 폐배터리 처리 가능한 설비 실증 사업 추진 두산중공업은 폐배터리를 재활용해 탄산리튬을 회수하는 기술 개발에 성공했다고  일 밝혔다  탄산리튬은 배터리에서 전기를 생성하고 충전하는 역할을 하는 핵심 소재로  노트북과 휴대폰 등 IT 기기 배터리에 주로 사용된다  사진 두산중공업 제공 두산중공업은 폐배터리를 재활용해 탄산리튬을 회수하는 기술 개발에 성공했다고  일 밝혔다 탄산리튬은 배터리에서 전기를 생성하고 충전하는 역할을 하는 핵심 소재로  노트북과 휴대폰 등 IT 기기 배터리에 주로 사용된다 폐배터리에서 탄산리튬을 추출하기 위해서는  열처리  산침출 산성 용액으로 재료를 녹이는 작업   결정화 공정을 거치는데 이 과정에서 일반적으로 황산 등 화학물질이 사용된다  폐배터리는 리튬  코발트  니켈 등 금속 화합물로 구성돼 있으며  리튬은 열처리 중 발생한 이산화탄소와 반응해 탄산리튬으로 변환된다 두산중공업은 화학제를 사용하지 않는 새로운 리튬 추출 공법을 개발했다  폐배터리 내부물질을 열처리하고  증류수를 활용해 리튬을 선택적으로 분리한 뒤 전기흡착식 결정화 기술을 통해 탄산리튬을 추출하는 방식이다  자체 개발해 특허 출원한이 공법은 기존 추출 방식에 비해 공정이 단순해 경제성이 높고  화학제를 사용하지 않아 환경적으로도 장점이 있다 올해 하반기부터 연간  톤 규모의 사용 후 배터리를 처리 할 수 있는 설비 실증을 추진하고 순도  의 탄산리튬을 생산하는 등 본격적인 사업에 나설 예정이다 두산중공업 송용진 부사장은  이번 기술 개발로 광산 등 자연에서 리튬을 채굴하는 방식보다 온실가스 발생량을 대폭 줄이고 자원을 절약할 수 있는 친환경 처리 기술을 확보하게 됐다 며  년  만  톤 규모로 급증이 예상되는 국내 폐배터리 재활용 시장을 적극 공략해 나가겠다 고 밝혔다  조세일보 홈페이지  조세일보 네이버 뉴스스탠드 구독 종합 경제 김상우 swkim joseilbo com 저작권자   조세일보 http www joseilbo com  무단전재 및 재배포 금지,2021-05-25,1.03,0.0
394,394,두산중공업  폐배터리에서 리튬 추출하는 친환경 기술 개발,2021.05.24 17:36,자체 개발한 전기흡착식 결정화 기술 통해 탄산리튬 회수 톤 규모 폐배터리 처리 가능한 설비 실증 사업 추진 두산중공업은 폐배터리를 재활용해 탄산리튬을 회수하는 기술 개발에 성공했다고  일 밝혔다  탄산리튬은 배터리에서 전기를 생성하고 충전하는 역할을 하는 핵심 소재로  노트북과 휴대폰 등 IT 기기 배터리에 주로 사용된다  사진 두산중공업 제공 두산중공업은 폐배터리를 재활용해 탄산리튬을 회수하는 기술 개발에 성공했다고  일 밝혔다 탄산리튬은 배터리에서 전기를 생성하고 충전하는 역할을 하는 핵심 소재로  노트북과 휴대폰 등 IT 기기 배터리에 주로 사용된다 폐배터리에서 탄산리튬을 추출하기 위해서는  열처리  산침출 산성 용액으로 재료를 녹이는 작업   결정화 공정을 거치는데 이 과정에서 일반적으로 황산 등 화학물질이 사용된다  폐배터리는 리튬  코발트  니켈 등 금속 화합물로 구성돼 있으며  리튬은 열처리 중 발생한 이산화탄소와 반응해 탄산리튬으로 변환된다 두산중공업은 화학제를 사용하지 않는 새로운 리튬 추출 공법을 개발했다  폐배터리 내부물질을 열처리하고  증류수를 활용해 리튬을 선택적으로 분리한 뒤 전기흡착식 결정화 기술을 통해 탄산리튬을 추출하는 방식이다  자체 개발해 특허 출원한이 공법은 기존 추출 방식에 비해 공정이 단순해 경제성이 높고  화학제를 사용하지 않아 환경적으로도 장점이 있다 올해 하반기부터 연간  톤 규모의 사용 후 배터리를 처리 할 수 있는 설비 실증을 추진하고 순도  의 탄산리튬을 생산하는 등 본격적인 사업에 나설 예정이다 두산중공업 송용진 부사장은  이번 기술 개발로 광산 등 자연에서 리튬을 채굴하는 방식보다 온실가스 발생량을 대폭 줄이고 자원을 절약할 수 있는 친환경 처리 기술을 확보하게 됐다 며  년  만  톤 규모로 급증이 예상되는 국내 폐배터리 재활용 시장을 적극 공략해 나가겠다 고 밝혔다  조세일보 홈페이지  조세일보 네이버 뉴스스탠드 구독 종합 경제 김상우 swkim joseilbo com 저작권자   조세일보 http www joseilbo com  무단전재 및 재배포 금지,2021-05-25,1.03,0.0
395,395,[증시 이슈] 한미 원전 동맹에 두산중공업 강세,2021.05.26 11:15,폐배터리 활용 친환경 기술 개발도 긍정 영향 두산중공업 창원 본사 [사진 두산중공업] 두산중공업 주가가 장 초반 강세다 일 오전  시 분 기준 두산중공업 주가는 전일보다   오른  만 원에 거래 중이다  문재인 대통령과 조 바이든 미국 대통령이 지난  일 현지시간  열린 한미 정상회담에서  원전 사업 공동 참여를 포함해 해외 원전 시장에서 협력을 강화한다 고 발표한 이후 연일 상승세를 이어가고 있는 것으로 풀이된다 실제 두산중공업 주가는 종가 기준으로 지난  일  만 원에서  일  만 원   일  만 원 등 상승 곡선을 그리고 있다 두산중공업이 지난  일 폐배터리를 재활용해 탄산리튬을 추출하는 기술을 개발했다고 밝힌 것도 긍정 영향을 미친 것으로 보인다 두산중공업 측은  폐배터리에서 탄산리튬을 추출하는 공정에서 통상 황산 등 화학물질이 사용되는데  화학물질을 사용하지 않는 새로운 리튬 추출 공법을 개발했다 고 언급한 바 있다  폐배터리 내부 물질을 열처리한 후 증류수를 활용해 리튬을 선택 분리하고  전기 흡착 방식의 결정화 기술로 탄산리튬을 추출한다는 것이다  화학물질을 사용하지 않는 데다  공정도 단순해 경제성이 높다는 게 두산중공업 측 설명이다 이창훈 기자 lee changhun joongang co kr 이코노미스트 https economist co kr   내일을 위한 경제뉴스 이코노미스트  무단 전재 및 재배포 금지,2021-05-26,9.52,1.0
396,396,[특징주]두산중공업   거래일 연속 `상승`,2021.05.27 09:54,[이데일리 김재은 기자] 두산중공업 이 무려  거래일 연속 상승세다 한미 정상회담에서 원전 관련 협력을 발표한데다 폐배터리 분리 기술 기대감이 더해진 영향으로 풀이된다 일 마켓포인트에 따르면 두산중공업은 오전  시  분 현재 전일대비  원  오른  만 원에 거래되고 있다 두산중공업은 지난  일이후  거래일 연속 상승세다  현재가 기준 지난  일 종가 만 원  대비 상승률은  원 에 달한다 이은택 KB증권 연구원은  원전 관련 미국이 한국에 손내민 것은 중국과 러시아가 전세계 원전시장을 싹쓸이하고 있기 때문 이라고 분석했다 김대준 한국투자증권 연구원 역시  원자력 발전  국 시장 진출을 위해 한미가 손잡았는데  미국이 기술  한국이 기자재 및 시공을 담당하기로 했다 며  예상하지 못한 원전 협력과 관련해 많은 관심이 쏟아질 수 있다 고 설명했다 두산중공업은 지난  일 폐배터리를 재활용해 탄산리튬을 회수하는 기술 개발에 성공했다고 밝혔다  두산중공업은 이번에 화학제를 사용하지 않는 새로운 리튬 추출 공법을 개발했다  폐배터리 내부물질을 열처리하고  증류수를 활용해 리튬을 선택 분리한 뒤  전기흡착식 결정화 기술을 통해 탄산리튬을 추출하는 방식이다  이 공법은 기존 방식에 비해 공정이 단순해 경제성이 높고 화학제를 사용하지 않아 환경적으로도 개선됐다 두산중공업은 올 하반기부터 연간  톤 규모의 사용 후 배터리를 처리 할 수 있는 설비 실증을 추진할 계획으로 이를 통해 순도  의 탄산리튬 생산에 나선다 김재은  aladin edaily co kr   시간 빠른  미리보는 뉴스  eNews  네이버에서  이데일리 뉴스 를 만나보세요  빡침해소  청춘뉘우스  스냅타임 종합 경제정보 미디어 이데일리   무단전재   재배포 금지 ,2021-05-27,4.35,1.0
397,397,`공매도  위 VS 원전 수혜주` 두산중공업을 보는 엇갈린 시선,2021.05.27 14:09, 일  거래일째 주가 기간 상승률  같은 기간 공매도  만여주로 시장 전체  위 한미 원전 협력 수혜   사업 안정 시간 필요 두산중공업이 생산하는 발전플랜트 기자재 모습  두산중공업 제공 [이데일리TV 성주원 기자] 두산중공업을 바라보는 투자자들의 시각이 엇갈리고 있다  한쪽에서는 우리나라의 대표적인 원전 관련주인 두산중공업에 대한 기대감을 키워가고 있지만 다른 한편에서는 기업가치 대비 주가가 고평가돼 있다며 공매도 전략을 펴고 있다 일 마켓포인트에 따르면 두산중공업  주가는 지난  일부터  일까지  거래일 연속 상승했다  이 기간 상승률은  에 달했다   일과  일은 각각  대 급등세를 보이기도 했다  두산중공업은 이날도 급등세를 이어가며 장중  만 원을 돌파했다 지난  분기 흑자전환하며 확실한 실적 개선을 보여준데다 이달 들어 국내 열병합발전소 기자재 수주  한국수력원자력과의 수소사업 업무협약 체결  두산인프라코어 분할합병 임시주주총회 승인  폐배터리 재활용 탄산리튬 회수 기술 개발 등 향후 사업 확대와 정상화 관련 긍정적인 소식이 잇따른 영향으로 풀이된다 두산중공업 주가 추이 일 오전  시 분 기준  자료  마켓포인트 반면 우려의 시각도 여전하다  같은 기간 두산중공업에 대한 누적 공매도량은  만 주로 유가증권시장과 코스닥 시장을 통틀어 가장 많았다  공매도 평균가는  만 원으로  일 종가 만 원  대비   낮다  공매도 상위  종목 가운데 공매도 평균가와 실제 주가 간 괴리율이 가장 크다 투자주체별로 보면 한미 정상회담을 전후로 반전이 나타났다  지난달  일부터 이달  일까지  거래일 가운데 하루를 제외한  거래일 동안 순매수했던 개인 투자자들은 한미 원전 협력 소식이 전해진 이후 이달  일과  일 약  억원 어치 순매도했다  외국인 투자자는 개인과 정반대로 행동했다  한미 정상회담 전까지는 순매도로 일관했지만 이후  일과  일 이틀간  억원 어치를 사들였다  한미 양국의 원전 협력 소식에 베팅한 셈이다 증권가에서는 한미 정상회담의 수혜주 리스트에 원자력발전 주기기 생산업체인 두산중공업을 올려놓고 있다 김대준 한국투자증권 연구원은  원자력발전과 관련해 미국은 기술을 제공하고 한국은 기자재와 시공을 함으로써 제 국 시장 진출을 위해 손을 잡기로 했다 며  시장이 예상하지 못했던 원전 협력과 관련해 많은 관심이 쏟아질 수 있다 고 말했다  최유준 신한금융투자 연구원은  한미 양국의 원전 사업 공동 참여를 비롯한 해외 원전 시장 협력 확대로 소형모듈원전 및 노후 원전 해체 분야 진출이 기대된다 고 전했다 다만 발전 기자재 대장주로서 다시 자존심을 회복하기까지 시간이 필요하다는 의견도 나온다  이동헌 대신증권 연구원은  연내 산업은행 대출 자금  조 억원 중  조 억원 이상을 상환할 전망 이라며  각 사업별로 안정되는 데 시간이 걸린다는 것이 변수 라고 평가했다 문재인 대통령이 지난  일 오후 현지시간  한 미 정상회담을 마치고 백악관 이스트룸에서 조 바이든 미국 대통령과 함께 참석한 공동기자회견에서 바이든 대통령의 발언을 듣고 있다  사진 연합뉴스 성주원  sjw edaily co kr   시간 빠른  미리보는 뉴스  eNews  네이버에서  이데일리 뉴스 를 만나보세요  빡침해소  청춘뉘우스  스냅타임 종합 경제정보 미디어 이데일리   무단전재   재배포 금지 ,2021-05-27,4.35,1.0
398,398,[MK라씨로]  폐배터리 재생  두산중공업  주새   올라,2021.05.27 17:19,AI기자가 고른 이번주 이슈종목 MK라씨로는 인공지능 AI 과 빅데이터 기술을 기반으로 AI가 선별 분석한 주식 정보와 종목 매매 신호를 제공하는 매일경제 증권 정보 앱이다  플레이스토어에서  MK라씨로 를 검색해 내려받으면 매일 장 마감 후 수급 특징 포착 종목의 주요 정보와 함께 AI 매매 타이밍도 확인할 수 있다 이번주 코스피와 코스닥 지수는 전주 대비 각각     상승했다 이번주에 가장 이슈가 됐던 종목은  코스닥 상장 첫날 상승세 를 보였던 제주맥주였다  상장 첫날인  일 제주맥주의 주가는 시초가  원 대비   상승한  원을 기록했고   일 주가는   하락한  원으로 마감했다  상장 후 기관투자자들은 제주맥주를  만 주  약  억 만원 순매도했고 외국인투자자들은  만 주  약  억 만원 순매도한 것으로 나타났다 원자력  풍력 등 발전설비업체 두산중공업도  폐배터리서 리튬 추출 성공 으로 상승세를 보였다  기사로 소식이 알려진  일 두산중공업 주가는 전일 대비   상승했고   일 주가는 전주 대비   오른  만 원에 마감했다  한 주 동안 외국인투자자들은 두산중공업을  만 주  약  억 만원 순매수했고 개인과 기관은 각각  만 주   만 주 순매도한 것으로 나타났다 전선 및 통신케이블 제조업체 대한전선은  일  코스피  편입으로 상승세 를 보였다  발표 당일 대한전선의 주가는 전일 대비   오른  원에 장을 마감했다  한 주 동안 기관투자자들은 대한전선을  만 주  약  억 만원 순매도했고 외국인투자자들은  만 주  약  억 만원 순매수한 것으로 나타났다 방위산업 전문업체 LIG넥스원은  일 한미 미사일 지침 종료 수혜로   급등하며 주가가   상승했다  한편 분자진단 관련 원천기술 개발을 하는 벤처기업 진시스템은  일 코스닥 상장 첫날 장 마감을 앞두고 급락세를 보였다  이에 따라  일 진시스템 주가는   하락한  만 원으로 장을 마감했다  상장 후 개인투자자들은 진시스템을  만 주  약  억 만원 순매수했고 기관과 외국인은 각각  만 주   만 주 순매도한 것으로 나타났다 일 LG화학은 이틀 연속 약세를 보이면서 장중  만원대를 터치하며 주가가   하락했다  이날 개인투자자들은 LG화학을  만 주 순매수했고  외국인투자자들은  만 주 순매도했다   경제  위  매일경제  네이버에서 구독하세요  이 제품은  이렇게 만들죠  영상으로 만나요  부동산의 모든것  매부리TV 가 펼칩니다 [  매일경제   mk co kr  무단전재 및 재배포 금지],2021-05-28,6.25,1.0
399,399,[증시이슈] 겹호재 맞은 두산중공업 주가  여전히  맑음 ,2021.05.28 15:32,친환경적 탄산리튬 추출 공법 개발 한 미 원전협력 호재 이어 공매도에도 상승세 이어가 두산중공업이 전략적 협력관계를 맺고 있는 미국 뉴스케일의 소형모듈원전 SMR  플랜트 가상 조감도  [두산중공업] 각종 호재가 겹친 두산중공업 주가가 일주일 넘게 오름세를 보이고 있다 일 오후  시  분 기준 두산중공업 주가는 전일 종가 대비   상승한  만 원을 기록했다  이는 두산중공업이  일 폐배터리에서 탄산리튬을 회수하는 기술을 개발했다고 발표한 데 따른 것으로 풀이된다 두산중공업 주가는 지난  일 문재인 대통령과 조 바이든 미국 대통령이 정상회담 공동성명을 통해 해외 원전시장에서 협력을 강화하기로 한 이후 급등세를 이어갔다  두산중공업이 국내에서 원전 건설기술을 보유한 대표기업이기 때문이다 여기에 ESG 환경 사회 지배구조  열풍으로 친환경이 대세인 요즘  폐배터리 재활용 공법 개발 사실을 밝히면서 사업 전망이 더욱 밝아졌다 두산중공업이 개발한 방식은 폐배터리 내부물질을 열처리해 그중 리튬 성분을 분리한 뒤 전기흡착식 결정화를 이용해 추출하는 과정을 거친다  순도   탄산리튬 생산이 가능한 이 방식은 화학제가 필요 없어 친환경적이고 기존 기술에 비해 더 경제적이다  탄산리튬은 스마트폰  노트북 등 전자기기에 탑재되는 배터리를 만드는 필수 소재다 두산중공업은 올해 하반기부터 매년 폐배터리  톤 규모를 처리할 수 있는 설비를 실증할 계획이다 민보름 기자 min boreum joongang co kr 이코노미스트 https economist co kr   내일을 위한 경제뉴스 이코노미스트  무단 전재 및 재배포 금지,2021-05-31,11.48,1.0
400,400,두산중공업  북미 자회사 클라크 이큅먼트 유상감자 결정,2021.05.28 18:39,[이데일리 정두리 기자] 두산중공업 이 북미 자회사 클라크 이큅먼트 Clark Equipment  CEC 가 액면가  원의 보통주  주에 대해 임의 유상감자를 결정했다고  일 공시했다 정두리  duri edaily co kr   시간 빠른  미리보는 뉴스  eNews  네이버에서  이데일리 뉴스 를 만나보세요  빡침해소  청춘뉘우스  스냅타임 종합 경제정보 미디어 이데일리   무단전재   재배포 금지 ,2021-05-31,11.48,1.0
401,401,두산중공업  북미 자회사 클라크 이큅먼트 유상감자 결정,2021.05.28 18:39,[이데일리 정두리 기자] 두산중공업 이 북미 자회사 클라크 이큅먼트 Clark Equipment  CEC 가 액면가  원의 보통주  주에 대해 임의 유상감자를 결정했다고  일 공시했다 정두리  duri edaily co kr   시간 빠른  미리보는 뉴스  eNews  네이버에서  이데일리 뉴스 를 만나보세요  빡침해소  청춘뉘우스  스냅타임 종합 경제정보 미디어 이데일리   무단전재   재배포 금지 ,2021-05-31,11.48,1.0
402,402,[특징주]두산중공업  한미 원전협력 기대감에 신고가 경신,2021.05.31 10:17,[헤럴드경제 이현정 기자]두산중공업의 주가가  일 강세를 보이고 있다 이날 한국거래소에 따르면  두산중공업은 오전  시  분 기준 전 거래일 대비  원  오른  만 원에 거래되고 있다  주가는 장 초반  만 원을 터치하며 신고가를 경신했다 두산중공업은  거래일 연속 강세를 보이고 있다  주가는 지난  거래일 동안   넘게 올랐다  이는 한미 원전협력에 따른 해외 수주에 대한 기대감이 크게 작용했다는 분석이다 앞서 한미 양국은 정상회담을 통해 원전 수출 분야에서 공동 협력하기로 합의했다  두산중공업은 지난  년 미국 원전 기업 뉴스케일이 이끄는 소형모듈원전 SMR  개발에 합류한 바 있다 rene heraldcorp com 환경적 대화기구  헤럴드에코 밀리터리 전문 콘텐츠  헤밀 헤럴드경제 네이버 채널 구독  Copyrights   헤럴드경제   heraldbiz com  무단 전재 및 재배포 금지  ,2021-05-31,11.48,1.0
403,403,[특징주]두산중공업  한미 원전협력 기대감에 신고가 경신,2021.05.31 10:17,[헤럴드경제 이현정 기자]두산중공업의 주가가  일 강세를 보이고 있다 이날 한국거래소에 따르면  두산중공업은 오전  시  분 기준 전 거래일 대비  원  오른  만 원에 거래되고 있다  주가는 장 초반  만 원을 터치하며 신고가를 경신했다 두산중공업은  거래일 연속 강세를 보이고 있다  주가는 지난  거래일 동안   넘게 올랐다  이는 한미 원전협력에 따른 해외 수주에 대한 기대감이 크게 작용했다는 분석이다 앞서 한미 양국은 정상회담을 통해 원전 수출 분야에서 공동 협력하기로 합의했다  두산중공업은 지난  년 미국 원전 기업 뉴스케일이 이끄는 소형모듈원전 SMR  개발에 합류한 바 있다 rene heraldcorp com 환경적 대화기구  헤럴드에코 밀리터리 전문 콘텐츠  헤밀 헤럴드경제 네이버 채널 구독  Copyrights   헤럴드경제   heraldbiz com  무단 전재 및 재배포 금지  ,2021-05-31,11.48,1.0
404,404,[특징주] 한미 해외원전 협력 기대 두산중공업  거래일 연속 상승,2021.05.31 10:32,문재인 대통령과 조 바이든 미국 대통령이 지난  일 현지시간  백악관에서 오찬을 하며 대화하고 있다   사진제공 청와대 [서울경제] 두산중공업 의 주가가  거래일 연속 상승세를 이어가고 있다 일 오전  시  분 두산중공업은 전 거래일 대비   오른  만  원에 거래되고 있다  장중  만  원까지 거래돼  주 신고가를 경신했다 두산중공업은 최근 한미 정상회담에서 양국이 원전협력을 강화하기로 하자 주가 상승세를 이어가는 모습이다 이완기 기자 kingear sedaily com  [지구용] 투명해진 맥주병  그런데 말입니다  서울경제 더 폴리틱스 뉴스를 만나보세요  미슐랭 가이드처럼 알찬 부동산 뉴스  집슐랭 저작권자   서울경제  무단 전재 및 재배포 금지,2021-05-31,11.48,1.0
405,405,[특징주] 한미 해외원전 협력 기대 두산중공업  거래일 연속 상승,2021.05.31 10:32,문재인 대통령과 조 바이든 미국 대통령이 지난  일 현지시간  백악관에서 오찬을 하며 대화하고 있다   사진제공 청와대 [서울경제] 두산중공업 의 주가가  거래일 연속 상승세를 이어가고 있다 일 오전  시  분 두산중공업은 전 거래일 대비   오른  만  원에 거래되고 있다  장중  만  원까지 거래돼  주 신고가를 경신했다 두산중공업은 최근 한미 정상회담에서 양국이 원전협력을 강화하기로 하자 주가 상승세를 이어가는 모습이다 이완기 기자 kingear sedaily com  [지구용] 투명해진 맥주병  그런데 말입니다  서울경제 더 폴리틱스 뉴스를 만나보세요  미슐랭 가이드처럼 알찬 부동산 뉴스  집슐랭 저작권자   서울경제  무단 전재 및 재배포 금지,2021-05-31,11.48,1.0
406,406,[증시이슈] 두산중공업  거래일 연속 상승 원전 수출 기대감 여전,2021.05.31 10:41,장 중  주 신고가 경신 한 미 원전 동맹에 주가 급등 두산중공업이 전략적 협력관계를 맺고 있는 미국 뉴스케일의 소형모듈원전 SMR  플랜트 가상 조감도  [사진 두산중공업] 두산중공업 주가가 연일 신고가를 경신하며 강세를 보이고 있다   일 열린 한 미 정상회담을 계기로 원전 사업이 회복될 것이라는 기대감이 커지면서  거래일 연속 상승하고 있다 일 오전  시  분 기준 두산중공업 주가는 전일 대비   오른  만 원에 거래되고 있다  이는 두산중공업의  주 신고가다 두산중공업 주가는 지난  거래일 동안  나 상승하는 등 최근 급등세를 보이고 있지만 지난  거래일 간 주가 상승을 이끌었던 외국인은 매도 물량을 던지고 있다 지난  일 열린 정상회담에서 한국과 미국은 해외 원전사업 공동 진출 등 원전 분야에서 다수의 협력안에 합의했다  한미  원전동맹 이 구축되면 국내 원전 수출에 청신호가 켜질 것이라는 기대감이 커지면서 지난해 사업 자산 매각 등  조원대 구조조정을 거친 두산중공업에도 모처럼의 호재가 찾아왔다 두산중공업은 원자로 제작 뿐 아니라 해체 사업도 할 수 있는 기술력을 보유하고 있다  특히 조 바이든 미국 대통령이 탄소중립 실현 방안으로 내놓은 초소형 원전 분야에서 두산중공업이 경쟁력 있다는 점도 부각됐다 두산중공업이 새 시장에 진출하면 이전 회사 매출의  를 차지하던 원전 설비 제작 유지 보수 사업 실적 역시 개선 될 수 있다는 기대감도 커지고 있다 김대준 한국투자증권 연구원은  원자력 발전  국 시장 진출을 위해 한미가 손잡았는데  미국이 기술  한국이 기자재 및 시공을 담당하기로 했다 며  예상하지 못한 원전 협력과 관련해 많은 관심이 쏟아질 수 있다 고 분석했다 핵심 계열사인 두산밥캣과 두산인프라코어의 호실적도 주가 상승의 원인이 됐다  글로벌 소형 건설장비  위인 두산밥캣의 올  분기 영업이익은  억원으로 작년 동기 대비   증가했다  같은 기간 건설기계 업체인 두산인프라코어의 영업이익은   늘어난  억원으로 집계됐다 김영은 기자 kim yeongeun joongang co kr 이코노미스트 https economist co kr   내일을 위한 경제뉴스 이코노미스트  무단 전재 및 재배포 금지,2021-05-31,11.48,1.0
407,407,[증시이슈] 두산중공업  거래일 연속 상승 원전 수출 기대감 여전,2021.05.31 10:41,장 중  주 신고가 경신 한 미 원전 동맹에 주가 급등 두산중공업이 전략적 협력관계를 맺고 있는 미국 뉴스케일의 소형모듈원전 SMR  플랜트 가상 조감도  [사진 두산중공업] 두산중공업 주가가 연일 신고가를 경신하며 강세를 보이고 있다   일 열린 한 미 정상회담을 계기로 원전 사업이 회복될 것이라는 기대감이 커지면서  거래일 연속 상승하고 있다 일 오전  시  분 기준 두산중공업 주가는 전일 대비   오른  만 원에 거래되고 있다  이는 두산중공업의  주 신고가다 두산중공업 주가는 지난  거래일 동안  나 상승하는 등 최근 급등세를 보이고 있지만 지난  거래일 간 주가 상승을 이끌었던 외국인은 매도 물량을 던지고 있다 지난  일 열린 정상회담에서 한국과 미국은 해외 원전사업 공동 진출 등 원전 분야에서 다수의 협력안에 합의했다  한미  원전동맹 이 구축되면 국내 원전 수출에 청신호가 켜질 것이라는 기대감이 커지면서 지난해 사업 자산 매각 등  조원대 구조조정을 거친 두산중공업에도 모처럼의 호재가 찾아왔다 두산중공업은 원자로 제작 뿐 아니라 해체 사업도 할 수 있는 기술력을 보유하고 있다  특히 조 바이든 미국 대통령이 탄소중립 실현 방안으로 내놓은 초소형 원전 분야에서 두산중공업이 경쟁력 있다는 점도 부각됐다 두산중공업이 새 시장에 진출하면 이전 회사 매출의  를 차지하던 원전 설비 제작 유지 보수 사업 실적 역시 개선 될 수 있다는 기대감도 커지고 있다 김대준 한국투자증권 연구원은  원자력 발전  국 시장 진출을 위해 한미가 손잡았는데  미국이 기술  한국이 기자재 및 시공을 담당하기로 했다 며  예상하지 못한 원전 협력과 관련해 많은 관심이 쏟아질 수 있다 고 분석했다 핵심 계열사인 두산밥캣과 두산인프라코어의 호실적도 주가 상승의 원인이 됐다  글로벌 소형 건설장비  위인 두산밥캣의 올  분기 영업이익은  억원으로 작년 동기 대비   증가했다  같은 기간 건설기계 업체인 두산인프라코어의 영업이익은   늘어난  억원으로 집계됐다 김영은 기자 kim yeongeun joongang co kr 이코노미스트 https economist co kr   내일을 위한 경제뉴스 이코노미스트  무단 전재 및 재배포 금지,2021-05-31,11.48,1.0
408,408,[주식 초고수는 지금] 연일 HMM에 몰리는 매수 매도 두산중공업 등도 관심,2021.05.31 11:21,대덕  YBM넷  아난티 등도 매수 상위권 [서울경제] 미래에셋증권에서 거래하는 고수익 투자자들이  일 오전에도 HMM을 가장 많이 사들인 것으로 나타났다  이와 함께 두산중공업  대덕  YBM넷  아난티  등도 매수 상위에 이름을 올렸다 미래에셋증권 엠클럽에 따르면 투자 수익률 상위  에 해당하는  주식 초고수 들은 이날 오전  시까지 HMM을 가장 많이 산 것으로 조사됐다  HMM은 지난 주  만 원을 넘어서는 등 신고가를 경신한 바 있지만 이날 오전은 약세를 보이고 있다  이에 일부 투자자들이 재반등을 기대하며 매수에 나선 것으로 풀이된다 매수  위인 두산중공업이다  최근 한미 정상회담에서 양국이 해외 원전 사업에서 협력을 강화하기로 약속하자 두산중공업은 대표적 수혜주로 부각하고 있다  이날 오전에도 상승세를 보여 최근  거래일 강세를 나타내고 있다  이와 함께 대덕  YBM넷  아난티 등도 매수  위권 안에 속했다 이날  주식 초고수 가 가장 많이 판 종목은 두산중공업이었다  계속된 강세로 차익 실현 움직임도 큰 것으로 보인다  이어 HMM  대한전선  대덕  YBM넷 등이 매도 상위에서 다음 순을 차지했다 전 거래일 매수  위도 HMM이었다  이와 함께 기아  두산인프라코어  네이처셀  대우건설  등도 많이 사들였다  전 거래일 매도  위는 HMM  네이처셀  한전기술  한진칼우 K  포스코 등으로 조사됐다 한편 미래에셋증권은 자사 고객 중에서 지난  개월간 수익률 상위   투자자들의 매매 종목을 집계해 실시간 전일 최근  일 기준으로 모바일트레이딩시스템 MTS 상에서 공개하고 있다  이 통계데이터는 미래에셋대우의 의견과 무관한 단순 정보안내이며  각각의 투자자 개인에게 맞는 투자 또는 수익 달성을 보장하지 않는다  또 테마주 관련 종목은 이상 급등락 가능성이 있으므로 유의해야 한다 이완기 기자 kingear sedaily com  [지구용] 투명해진 맥주병  그런데 말입니다  서울경제 더 폴리틱스 뉴스를 만나보세요  미슐랭 가이드처럼 알찬 부동산 뉴스  집슐랭 저작권자   서울경제  무단 전재 및 재배포 금지,2021-05-31,11.48,1.0
409,409,[주식 초고수는 지금] 연일 HMM에 몰리는 매수 매도 두산중공업 등도 관심,2021.05.31 11:21,대덕  YBM넷  아난티 등도 매수 상위권 [서울경제] 미래에셋증권에서 거래하는 고수익 투자자들이  일 오전에도 HMM을 가장 많이 사들인 것으로 나타났다  이와 함께 두산중공업  대덕  YBM넷  아난티  등도 매수 상위에 이름을 올렸다 미래에셋증권 엠클럽에 따르면 투자 수익률 상위  에 해당하는  주식 초고수 들은 이날 오전  시까지 HMM을 가장 많이 산 것으로 조사됐다  HMM은 지난 주  만 원을 넘어서는 등 신고가를 경신한 바 있지만 이날 오전은 약세를 보이고 있다  이에 일부 투자자들이 재반등을 기대하며 매수에 나선 것으로 풀이된다 매수  위인 두산중공업이다  최근 한미 정상회담에서 양국이 해외 원전 사업에서 협력을 강화하기로 약속하자 두산중공업은 대표적 수혜주로 부각하고 있다  이날 오전에도 상승세를 보여 최근  거래일 강세를 나타내고 있다  이와 함께 대덕  YBM넷  아난티 등도 매수  위권 안에 속했다 이날  주식 초고수 가 가장 많이 판 종목은 두산중공업이었다  계속된 강세로 차익 실현 움직임도 큰 것으로 보인다  이어 HMM  대한전선  대덕  YBM넷 등이 매도 상위에서 다음 순을 차지했다 전 거래일 매수  위도 HMM이었다  이와 함께 기아  두산인프라코어  네이처셀  대우건설  등도 많이 사들였다  전 거래일 매도  위는 HMM  네이처셀  한전기술  한진칼우 K  포스코 등으로 조사됐다 한편 미래에셋증권은 자사 고객 중에서 지난  개월간 수익률 상위   투자자들의 매매 종목을 집계해 실시간 전일 최근  일 기준으로 모바일트레이딩시스템 MTS 상에서 공개하고 있다  이 통계데이터는 미래에셋대우의 의견과 무관한 단순 정보안내이며  각각의 투자자 개인에게 맞는 투자 또는 수익 달성을 보장하지 않는다  또 테마주 관련 종목은 이상 급등락 가능성이 있으므로 유의해야 한다 이완기 기자 kingear sedaily com  [지구용] 투명해진 맥주병  그런데 말입니다  서울경제 더 폴리틱스 뉴스를 만나보세요  미슐랭 가이드처럼 알찬 부동산 뉴스  집슐랭 저작권자   서울경제  무단 전재 및 재배포 금지,2021-05-31,11.48,1.0
410,410,[주식 초고수는 지금]두산중공업  거래일 만에 하락 저가 매수  나선 초고수,2021.06.01 11:16,HMM 대한전선 유바이오로직스 등도  집중 매수 [서울경제] 미래에셋증권에서 거래하는 고수익 투자자들이  일 오전 두산중공업 을 가장 많이 사들인 것으로 나타났다  이외에도 HMM  대한전선  유바이오로직스  아가방컴퍼니  등이 매수 상위에 이름을 올렸다 미래에셋증권 엠클럽에 따르면 투자 수익률 상위  에 해당하는  주식 초고수 들은 이날 오전  시까지  두산중공업을 가장 많이 사들였다  최근 한국과 미국 간 정상회담에서 양국은 해외 원전 사업에서 협력을 강화하겠다고 발표했는데  두산중공업은 수혜주로 꼽히며 투자자들의 매수세가 몰렸다  이에 두산중공업의 주가는  거래일 연속 올라   상승했다  이날 주가는  거래일 만에  대 약세를 기록 중이다 매수  위는 HMM이 차지했다  HMM은 지난주  만 원을 넘어 신고가를 경신했지만  지난  거래일 간 주가가 약세를 보이며  만  원 선에서 이날 거래 중이다  이에 재반등을 기대하는 투자자들이 매수에 나서고 있는 것으로 보인다 이날 매수  위를 기록한 대한전선은 해외 인프라 개발 사업을 확대하고 있다  이날 회사는 방글라데시 교육부 산하 교육정보통계국 BANBEIS 이 발주한  만 달러 규모의 정보통신기술 ICT  교육훈련센터 건립 프로젝트를 수주하며 투자자들의 주목을 받았다 이외에도 코로나  백신 개발 기대감이 높아진 유바이오로직스와 중국 정부의 세 자녀 허용 수혜가 예상되는 아가방컴퍼니에도 매수세가 몰렸다 이날  주식 초고수 가 가장 많이 판 종목도 두산중공업이었다  이날 주가가 약세를 보이며 차익 실현에 나서는 투자자들도 늘고 있다  이어 HMM  유바이오로직스  대한전선  셀트리온  등이 매도 상위에서 다음 순을 차지했다 전 거래일 매수  위는 HMM이었다  이와 함께 두산중공업  유바이오로직스  SM C C  대한전선 등도 많이 사들였다  전 거래일 매도  위는 두산중공업  HMM  유바이오로직스  대한전선  한전기술로 조사됐다 한편 미래에셋증권은 자사 고객 중에서 지난  개월간 수익률 상위   투자자들의 매매 종목을 집계해 실시간 전일 최근  일 기준으로 모바일트레이딩시스템 MTS 상에서 공개하고 있다  이 통계데이터는 미래에셋대우의 의견과 무관한 단순 정보안내이며  각각의 투자자 개인에게 맞는 투자 또는 수익 달성을 보장하지 않는다  또 테마주 관련 종목은 이상 급등락 가능성이 있으므로 유의해야 한다 신한나 기자 hanna sedaily com  [지구용] 투명해진 맥주병  그런데 말입니다  서울경제 더 폴리틱스 뉴스를 만나보세요  미슐랭 가이드처럼 알찬 부동산 뉴스  집슐랭 저작권자   서울경제  무단 전재 및 재배포 금지,2021-06-01,-0.75,0.0
411,411,빌 게이츠도  눈독 탈원전에 판로 막힌 한수원 두산중공업의 구원투수,2021.06.02 06:18,소형원전  SMR  탄소 중립 시대 게임 체인저로 부상 대형 원전 대비 경제성 안전성 뛰어나[비즈니스 포커스] 두산중공업이 핵심 기기를 공급하는 미국 뉴스케일의 소형모듈원전 SMR  플랜트 가상 조감도  두산중공업 제공 한 미 정상회담에서 한국과 미국이 해외 원자력 발전소 시장 공동 진출에 합의하면서 소형 모듈 원전 SMR   Small Modular Reactor 에 대한 관심이 커지고 있다  SMR은 한국수력원자력 한수원 과 두산중공업이 신사업으로 추진 중인 차세대 원전이다 정부는  년  월  제 차 원자력진흥위원회 에서 혁신형 SMR 개발을 공식화하고  년 예비 타당성 조사 등을 거쳐 기술 개발 사업을 본격화할 예정이다  SMR 분야에서 한 미 양국 간 협력 가능성이 높아지면서 한수원과 두산중공업의 해외 사업 진출과 수주 경쟁력이 높아질 것으로 기대된다 전 세계 에너지 시장에서 SMR은 게임 체인저로 부상하고 있다  한국을 비롯해 미국 러시아  중국 등에서  종 이상의 SMR이 개발되고 있다  해외에선 미국 뉴스케일 원전이 기술성 사업성 측면에서 가장 앞서 있는 것으로 평가된다 다른 국가에서도 SMR 개발 움직임이 활발하다  러시아는 세계 첫 부유식 해상 원전인 아카데믹 로모노소프를 운영하며 사우디아라비아 요르단 수단 필리핀 등에 부유식 해상 원전 수출을 추진하고 있다  영국은 항공기 제작 업체 롤스로이스가 잠수함 추진용 원자로를 제조한 경험을 활용해  년부터 SMR 개발에 힘을 쏟고 있다 그래픽 배자영 기자 사고 발생률  대형 원전  분의   수준 SMR은 증기 발생기  냉각재 펌프  가압기 등 주요 기기를 하나의 용기에 일체화한 전기 출력  MW 안팎의 소형 원전으로 공장 제작  현장 조립이 가능해 차세대 원자력 발전으로 부각되고 있다 대형 원전의 수출 건설은 정부 정책 변화  수출국 간의 경쟁 심화  신재생에너지 등 경쟁 에너지원의 급성장  막대한 건설비와 과다한 용량 등으로 한계에 직면한 상황이다  SMR은 소형 원전이기 때문에 건설비용이 적게 들고 사고 발생률이 기존 원전의  분의   수준인 것으로 알려졌다 SMR은 소형이라는 특성을 이용해 전력망과 무관한 분산형 전원  수소 생산  해수 담수화 등 다양하게 활용할 수 있다  이 때문에 태양광과 풍력 등 신재생에너지의 수급 불안정을 보완하는 대안으로 떠오르고 있다 그뿐만 아니라 저렴한 건설비 등으로 투자 리스크가 적고 탄소 중립이라는 세계적 흐름과 맞물려 미국 바이든 정부의 에너지 정책  빌 게이츠의 테라파워도 SMR인  나트리움  개발에 뛰어드는 등 원자력 발전 분야의 세계적 트렌드로 급부상하고 있다 한국도 우수한 원전 기술을 기반으로 SMR 개발에 돌입했다  한수원은  년 표준 설계 인가를 받은 SMR과 중소형 원전 SMART  등 소형 원전 기술을 개량해 경제성과 안전성을 대폭 향상시킨  혁신형 SMR 을 개발하고 있다 한수원은  년까지 인허가를 획득한 후  년부터 원전 수출 시장에 본격적으로 뛰어들 계획이다  정재훈 한수원 사장은   한국원자력연차대회에서  세계 원자력계가 소형 원전에 주목하고 있다 며  한국 원자력계도 혁신형 SMR 기술개발 사업화 로드맵을 조속히 정립하고 소형 원전 개발에 박차를 가해야 한다 고 강조했다 두산중공업은 세계에서 SMR 제조 기술을 보유한 몇 안 되는 기업 중 하나다  전 세계가 SMR 개발에 뛰어들고 있지만 실제 시제품 제작에 돌입한 SMR 개발사는 미국 뉴스케일이 유일하며 뉴스케일의 SMR 관련 핵심 기기를 만드는 제조사는 두산중공업과 미국 BWXT 두 곳뿐이다 뉴스케일은  년  월 미국 원자력규제위원회 NRC 의 SMR 설계 인증 심사를 처음으로 통과했다  NRC 설계 인증 심사 통과는 뉴스케일 SMR 모델의 안전성 신뢰성이 세계 원전 시장에서 공인된 것을 의미한다 두산중공업은  년 뉴스케일에 약  억원의 지분 투자를 통해 전략적 협력 관계를 강화했다  SMR은 두산중공업의 수소 사업과도 시너지를 낼 유인이 충분하다는 평가다  두산중공업은 제주도에서 풍력 발전을 통해 그린 수소를 생산하고 있는데 수소 가스터빈 개발을 진행하며 SMR을 활용한 그린 수소 생산도 검토하고 있다 그래픽 배자영 기자 원전 없는 탄소 중립 불가능 SMR이 대세 산업계에서는 정부 계획대로  년까지 탄소 중립 목표를 달성하기 위해서는 원전을 적극적으로 활용해야 한다고 지적한다  전국경제인연합회 전경련 는 주요국의 온실가스 감축 정책 등을 분석한 결과 한국이 다른 국가보다 탄소 중립 목표 달성 기간이 짧아 SMR 등 원자력 발전을 활용할 필요가 있다고 주장했다 전경련에 따르면 탄소 중립을 선언한 국가들도 원전을 탄소 중립 달성을 위한 핵심 수단으로 활용하는 추세다  미국은 조 바이든 대통령 공약을 통해 원전을 청정 에너지 전환을 위한 수단으로 활용하겠다고 밝혔고 SMR에 대한  조 억원 규모의 투자 계획을 발표했다  또한 미국은 운영 중인 원전의 수명도 연장하고 있다  NRC가 버지니아 주에 있는 서리 Surry  원전  호기의  년 추가 수명 연장을 승인하기로 하면서 서리 원전의 수명은 기존  년에서  년으로 늘어났다 중국은 제 차  개년 계획에  년까지 원전  기를 신규 건설하겠다는 내용이 포함돼 있다  영국도 원전이 탄소 중립에 기여한다고 인정하고 SMR 건설 계획을 발표한 바 있다  프랑스도 원전을 미래 국가 전력 공급의 핵심으로 삼고 관련 투자 계획을 발표했고 일본도 안정성이 확인된 원전을 탄소 중립 정책에 활용하겠다고 밝혔다 유환인 전경련 기업정책실장은  정부가   감축 목표 설정 시 급격한 탄소 감축을 지양하고 탄소 저감 시설 투자에 대한 세제 지원을 강화해야 한다 며  SMR 등 원전을 적극적으로 활용하는 합리적인 탄소 중립 정책에 대한 논의가 필요하다 고 말했다 기존 대형 원전 사업 모델의 한계에 직면한 원전업계는 SMR에 주목하고 있다  SMR은 급격하게 성장하고 있는 신재생에너지 태양광 풍력 중심 의 간헐성을 보완하는 에너지 믹스 구축에 활용이 용이하고 신기후 체제에서의 온실가스 감축 목표에 부합하는 에너지원으로 평가받고 있다 전력망 규모가 작은 개발도상국은 대형 원전 도입이 어려운 실정이고 선진국도 대용량 송전망 추가 건설에 따른 환경 파괴 논란을 피하기 위해 SMR 건설에 뛰어들고 있다  SMR은 대형 원전과 비교해 사업 추진에 필요한 파이낸싱에서도 유리하다 원전업계는 SMR 시장 확대에 발맞춰 해외 원전 대비 경쟁력 있는 SMR을 적기에 사업화할 수 있다면 혁신형 SMR의 시장성은 충분할 것으로 보고 있다  경제협력개발기구 OECD  원자력기구 NEA 에 따르면  년까지 SMR이 세계 각국의 신규 원전 수요의 약  를 차지할 것으로 전망되며 관련 시장 규모도  조원대로 팽창할 것으로 예상된다 안옥희 기자 ahnoh hankyung com  기사에서 궁금한 점이 있다면 댓글로 자유롭게 의견 주시길 바랍니다  더 많은 기사가 궁금하다면 기자 페이지를 [구독]해 주세요  더 다양한 기사를 쉽게 받아보실 수 있습니다  한경비즈니스를 네이버에서 구독해보세요  한경비즈니스 오프라인 잡지 정기구독 대학생   할인 혜택을 받으세요  미래가 궁금하다면  한경무크  종 세트 를 확인하세요  한경비즈니스  무단전재 및 재배포 금지,2021-06-02,11.65,1.0
412,412,비에이치아이  두산중공업과  억 규모 발전설비 공급계약,2021.06.02 14:36,[헤럴드경제 증권부] 비에이치아이는 두산중공업과 LNG 복합화력 발전설비 공급계약을 체결했다고  일 공시했다 계약금액은  억 만원으로 이는  년 매출 대비  에 해당하는 규모이다 계약기간은  년  월  일까지다 jiyoon heraldcorp com 환경적 대화기구  헤럴드에코 밀리터리 전문 콘텐츠  헤밀 헤럴드경제 네이버 채널 구독  Copyrights   헤럴드경제   heraldbiz com  무단 전재 및 재배포 금지  ,2021-06-02,11.65,1.0
413,413,[공시]비에이치아이  두산중공업과  억 규모 발전설비 공급계약,2021.06.02 14:40,[파이낸셜뉴스] 비에이치아이는 두산중공업과 LNG 복합화력 발전설비 공급계약을 체결했다고  일 공시했다 계약금액은  억 만원으로 이는  년 매출 대비  에 해당하는 규모다 계약기간은  년  월  일까지다 ggg fnnews com 강구귀 기자  날로먹고 구워먹는 금융이슈 [파인애플]  모 아 모아 [모아시스]  헉  소리나는 스 토리 뉴스 [헉스]  저작권자   파이낸셜뉴스  무단 전재 재배포 금지,2021-06-02,11.65,1.0
414,414,두산중공업   년만에 시총  조 눈앞,2021.06.02 14:52,월성원자력발전소[연합] [헤럴드경제 박이담 기자] 최근 원전 활성화에 대한 기대감으로 고공행진 중인 두산중공업의 시가총액이  여년 만에 다시  조원을 눈앞에 두고 있다 일 한국거래소에 따르면 오후  시  분 기준 두산중공업은 전일보다  원  오른  만 원에 거래 중이다   일 이후  거래일 연속 상승세를 이어가다  일 잠시 쉬어간 뒤 다시   대 오름폭을 보이고 있다  이달초  만 원선에서 머물던 주가는 어느새  만원을 훌쩍 넘어섰다 이에 따라 두산중공업 시가총액도  조 억원을 넘어서며  조원에 근접한 모습이다  두산중공업 시총이  조원이었던 것은 지난  년  월 일이 마지막이다  이번 상승세가 지속되면  년 개월여만에 시총  조원에 복귀하게 되는 셈이다 두산중공업의 이같은 상승세는 원전 수출이 탄력을 받을 것이란 기대감이 모이면서다  두산중공업은 원자로 제작 뿐 아니라 해체 사업까지 할 수 있는 세계적인 규모의 원전 회사로 꼽힌다  지난달  일 열린 한미정상회담에서 문재인 대통령과 조 바이든 미국 대통령은 해외 원전 시장에서 한미 간 협력을 강화하기로 합의한 바 있다 이에 증권가에선 두산중공업에 대한 장및빛 전망을 내놓고 있다  라진성 KTB투자증권 연구원은  원전 프로젝트는 다른 해외건설사업과는 다르게 기업간 경쟁이 아닌 국가간 경쟁이다 며  체코 등 현재 수주 경쟁이 진행 중인 사업의 경우 당장 협력에 대한 결과물을 가져오기가 쉽지 않겠지만  국가간 협력은 경쟁강도 완화 및 수주역량 강화 등이 의미 있을 것 이라고 설명했다 뿐만 아니라 두산중공업의 최근 실적도 호조세를 보이며 기대를 더하고 있다  지난  분기 매출은 전년 동기보다   증가한  조 억원  영업이익은   늘어난  억원을 기록한 바 있다  이상헌 하이투자증권 연구원은  지난해 인력 구구조조정을 진행해 고정비 부담을 줄였을 뿐 아니라 원가율 개선 등으로 실적 턴어라운드가 가속화될 것 이라고 분석했다 parkidam heraldcorp com 환경적 대화기구  헤럴드에코 밀리터리 전문 콘텐츠  헤밀 헤럴드경제 네이버 채널 구독  Copyrights   헤럴드경제   heraldbiz com  무단 전재 및 재배포 금지  ,2021-06-02,11.65,1.0
415,415,비에이치아이  두산중공업과  억 규모 발전설비 공급계약,2021.06.02 14:58,[아시아경제 이선애 기자] 비에이치아이는 두산중공업과 LNG 복합화력 발전설비 공급계약을 체결했다고  일 공시했다  계약금액은  억 만원으로 이는  년 매출 대비  에 해당하는 규모이다 이선애 기자 lsa asiae co kr  속 시원한 풀이   년 정통사주 운세 토정비결  내가 몰랐던 당신들의 이야기 [나돌] 네이버TV  투자 성공의 핵심은 기업분석   CORE  바로가기 경제를 보는 눈  세계를 보는 창 아시아경제 무단전재 배포금지 ,2021-06-02,11.65,1.0
416,416,[주식 초고수는 지금] 두산중공업  한미 해외원전 공동진출 SMR사업 기대 매수 매도 모두 최다,2021.06.03 11:14,HMM 기아 대한전선도 매수 상위권 [서울경제] 미래에셋증권에서 거래하는 고수익 투자자들이  일 오전 두산중공업 을 가장 많이 사들인 것으로 나타났다  이외에도 HMM  기아  대한전선  삼성전자  등이 매수 상위에 이름을 올렸다 미래에셋증권 엠클럽에 따르면 투자 수익률 상위  에 해당하는  주식 초고수 들은 이날 오전  시까지 두산중공업을 가장 많이 사들였다  지난달 한미 정상회담의 해외 원전 사업 공동 진출 합의에 그동안 탈원전 정책으로 소외됐던 두산중공업이 수혜주로 급부상했다  두산중공업이 신규 사업으로 추진 중인 소형모듈원자로 SMR 도 주목받고 있다  두산중공업 주가는 현재  만  원으로 지난  주간   급등했다 매수  위 종목은 HMM이다  HMM은 지난  월  일 종가 기준  만  원을 기록하며 신고가를 경신했지만  지난  거래일간 주가가 약세를 이어오며 이날  만  원 선에서 거래 중이다  이에 재반등을 기대하는 투자자들이 매수에 나선 것으로 분석된다 이날 매수  위를 기록한 기아는 지난달까지 글로벌 누적 판매가  만 대를 돌파하며  년 만에 신기록을 세웠다  이날 기아는 지난  월까지 국내  만 대  해외  만 대 등 글로벌 시장에서 총  만 대를 판매했다고 밝혔다  수출 및 해외 현지 판매가 전체의   이상을 차지한 것으로 나타났다  현재 기아 주가는  만  원 대로 지난  거래일 동안 연속 상승했다 이날  주식 초고수 가 가장 많이 팔아치운 종목도 두산중공업이었다  HMM  대한전선  기아 등이 그 뒤를 이었다  이밖에 네이처셀  유바이오로직스  한전기술 도 매도량이 많았다 전 거래일 매수  위 종목은 유바이오로직스였다  HMM이  위였으며 두산중공업  기아  위즈코프  등이 그 뒤를 이었다  매도  위 종목은 HMM이었으며 그 다음으로는 위즈코프  두산중공업  유바이오로직스  동국제강  순으로 매도량이 많았다 한편 미래에셋증권은 자사 고객 중에서 지난  개월간 수익률 상위   투자자들의 매매 종목을 집계해 실시간 전일 최근  일 기준으로 모바일트레이딩시스템 MTS 상에서 공개하고 있다  이 통계 데이터는 미래에셋대우의 의견과 무관한 단순 정보안내이며  각각의 투자자 개인에게 맞는 투자 또는 수익 달성을 보장하지 않는다  또 테마주 관련 종목은 이상 급등락 가능성이 있으므로 유의해야 한다 정혜진 기자 sunset sedaily com  [지구용] 투명해진 맥주병  그런데 말입니다  서울경제 더 폴리틱스 뉴스를 만나보세요  미슐랭 가이드처럼 알찬 부동산 뉴스  집슐랭 저작권자   서울경제  무단 전재 및 재배포 금지,2021-06-03,3.17,1.0
417,417,[주식 초고수는 지금] 두산중공업  한미 해외원전 공동진출 SMR사업 기대 매수 매도 모두 최다,2021.06.03 11:14,HMM 기아 대한전선도 매수 상위권 [서울경제] 미래에셋증권에서 거래하는 고수익 투자자들이  일 오전 두산중공업 을 가장 많이 사들인 것으로 나타났다  이외에도 HMM  기아  대한전선  삼성전자  등이 매수 상위에 이름을 올렸다 미래에셋증권 엠클럽에 따르면 투자 수익률 상위  에 해당하는  주식 초고수 들은 이날 오전  시까지 두산중공업을 가장 많이 사들였다  지난달 한미 정상회담의 해외 원전 사업 공동 진출 합의에 그동안 탈원전 정책으로 소외됐던 두산중공업이 수혜주로 급부상했다  두산중공업이 신규 사업으로 추진 중인 소형모듈원자로 SMR 도 주목받고 있다  두산중공업 주가는 현재  만  원으로 지난  주간   급등했다 매수  위 종목은 HMM이다  HMM은 지난  월  일 종가 기준  만  원을 기록하며 신고가를 경신했지만  지난  거래일간 주가가 약세를 이어오며 이날  만  원 선에서 거래 중이다  이에 재반등을 기대하는 투자자들이 매수에 나선 것으로 분석된다 이날 매수  위를 기록한 기아는 지난달까지 글로벌 누적 판매가  만 대를 돌파하며  년 만에 신기록을 세웠다  이날 기아는 지난  월까지 국내  만 대  해외  만 대 등 글로벌 시장에서 총  만 대를 판매했다고 밝혔다  수출 및 해외 현지 판매가 전체의   이상을 차지한 것으로 나타났다  현재 기아 주가는  만  원 대로 지난  거래일 동안 연속 상승했다 이날  주식 초고수 가 가장 많이 팔아치운 종목도 두산중공업이었다  HMM  대한전선  기아 등이 그 뒤를 이었다  이밖에 네이처셀  유바이오로직스  한전기술 도 매도량이 많았다 전 거래일 매수  위 종목은 유바이오로직스였다  HMM이  위였으며 두산중공업  기아  위즈코프  등이 그 뒤를 이었다  매도  위 종목은 HMM이었으며 그 다음으로는 위즈코프  두산중공업  유바이오로직스  동국제강  순으로 매도량이 많았다 한편 미래에셋증권은 자사 고객 중에서 지난  개월간 수익률 상위   투자자들의 매매 종목을 집계해 실시간 전일 최근  일 기준으로 모바일트레이딩시스템 MTS 상에서 공개하고 있다  이 통계 데이터는 미래에셋대우의 의견과 무관한 단순 정보안내이며  각각의 투자자 개인에게 맞는 투자 또는 수익 달성을 보장하지 않는다  또 테마주 관련 종목은 이상 급등락 가능성이 있으므로 유의해야 한다 정혜진 기자 sunset sedaily com  [지구용] 투명해진 맥주병  그런데 말입니다  서울경제 더 폴리틱스 뉴스를 만나보세요  미슐랭 가이드처럼 알찬 부동산 뉴스  집슐랭 저작권자   서울경제  무단 전재 및 재배포 금지,2021-06-03,3.17,1.0
418,418,두산중공업  동서발전 SK가스 등과 손잡고 수소가스터빈 개발 박차,2021.06.03 15:31,두산중공업 이 친환경 수소가스터빈 개발에 박차를 가하고 있다 두산중공업은  일 울산광역시  한국동서발전  SK가스  등과 수소가스터빈 실증사업 추진을 위한 업무협약을 맺었다고 밝혔다 왼쪽부터 정연인 두산중공업 사장  김영문 한국동서발전 사장  송철호 울산광역시 시장  윤병석 SK가스 사장   두산중공업 제공 이번 협약에 따라  울산시는 수소가스터빈 사업 인프라 구축을 위한 행정지원  한국동서발전은 국내 기술 기반 수소가스터빈 실증  SK가스는 수소 공급 기반 구축  두산중공업은 수소가스터빈 기술 개발 및 공급을 맡는다 이번 협약에 참여한 각 사는  년 이상 운영해 온 울산복합화력 발전소의 가스터빈을 오는  년까지  MW 규모 수소가스터빈으로 전환하는 실증사업에 참여하게 된다  국내 첫 사례다는 게 회사측의 설명이다 정연인 두산중공업 COO 사장은  이번 협약들을 발판 삼아 수소가스터빈 사업을 차세대 신성장 발전 산업으로 육성할 계획 이라면서  친환경 에너지를 지역사회에 공급할 수 있다는 점에서 더욱 의미가 있다 고 말했다 전날인  일 두산중공업은 한국중부발전과   탄소중립 목표 달성 및 국내 수소가스터빈 활성화 를 위한 협약을 체결했다  한국중부발전은 두산중공업이 국책과제로 개발 중인 수소혼소 연소기와 수소가스터빈 기술 도입을 추진하고  두산중공업은 수소가스터빈 기술 개발과 관련 부품 양산 기술 확보할 계획이다 두산중공업 관계자는  탄소중립을 위한 해결책 중 하나로 수소가 크게 주목받으며 미국  독일  일본 등의 주요 기업들도 각국 정책과 연계해 수소가스터빈 사업화에 적극 나서고 있다 며  글로벌 수소가스터빈 시장은  년  조원 규모로 성장할 것으로 전망되고 있다 고 말했다 [정민하 기자 min chosunbiz com] 네이버에서  명품 경제뉴스  조선비즈를 구독하세요 LH  임직원 재산등록제 시행  투기 행위 원천차단 고성능 아반떼  달릴 준비  라인업이  개나 저작권자   조선비즈  무단 전재 및 재배포 금지,2021-06-04,10.33,1.0
419,419,두산중공업  동서발전 SK가스 등과 손잡고 수소가스터빈 개발 박차,2021.06.03 15:31,두산중공업 이 친환경 수소가스터빈 개발에 박차를 가하고 있다 두산중공업은  일 울산광역시  한국동서발전  SK가스  등과 수소가스터빈 실증사업 추진을 위한 업무협약을 맺었다고 밝혔다 왼쪽부터 정연인 두산중공업 사장  김영문 한국동서발전 사장  송철호 울산광역시 시장  윤병석 SK가스 사장   두산중공업 제공 이번 협약에 따라  울산시는 수소가스터빈 사업 인프라 구축을 위한 행정지원  한국동서발전은 국내 기술 기반 수소가스터빈 실증  SK가스는 수소 공급 기반 구축  두산중공업은 수소가스터빈 기술 개발 및 공급을 맡는다 이번 협약에 참여한 각 사는  년 이상 운영해 온 울산복합화력 발전소의 가스터빈을 오는  년까지  MW 규모 수소가스터빈으로 전환하는 실증사업에 참여하게 된다  국내 첫 사례다는 게 회사측의 설명이다 정연인 두산중공업 COO 사장은  이번 협약들을 발판 삼아 수소가스터빈 사업을 차세대 신성장 발전 산업으로 육성할 계획 이라면서  친환경 에너지를 지역사회에 공급할 수 있다는 점에서 더욱 의미가 있다 고 말했다 전날인  일 두산중공업은 한국중부발전과   탄소중립 목표 달성 및 국내 수소가스터빈 활성화 를 위한 협약을 체결했다  한국중부발전은 두산중공업이 국책과제로 개발 중인 수소혼소 연소기와 수소가스터빈 기술 도입을 추진하고  두산중공업은 수소가스터빈 기술 개발과 관련 부품 양산 기술 확보할 계획이다 두산중공업 관계자는  탄소중립을 위한 해결책 중 하나로 수소가 크게 주목받으며 미국  독일  일본 등의 주요 기업들도 각국 정책과 연계해 수소가스터빈 사업화에 적극 나서고 있다 며  글로벌 수소가스터빈 시장은  년  조원 규모로 성장할 것으로 전망되고 있다 고 말했다 [정민하 기자 min chosunbiz com] 네이버에서  명품 경제뉴스  조선비즈를 구독하세요 LH  임직원 재산등록제 시행  투기 행위 원천차단 고성능 아반떼  달릴 준비  라인업이  개나 저작권자   조선비즈  무단 전재 및 재배포 금지,2021-06-04,10.33,1.0
420,420,두산중공업  수소가스터빈 개발 박차 발전공기업과 협력 강화,2021.06.03 15:56,한국중부발전 김호빈사장 왼쪽 과 두산중공업 정연인 사장이  일  한국중부발전 본사에서  국내수소가스터빈 활성화 를 위한 업무협약 체결 후 기념사진을 촬영하고 있다  [두산중공업 제공] [헤럴드경제 양대근 기자] 두산중공업은  일 울산광역시  한국동서발전  SK가스 등과 수소가스터빈 실증사업 추진을 위한 업무협약을 맺었다고 밝혔다 이번 협약에 따라  울산시는 수소가스터빈 사업 인프라 구축을 위한 행정지원  한국동서발전은 국내 기술 기반 수소가스터빈 실증  SK가스는 수소 공급 기반 구축  두산중공업은 수소가스터빈 기술 개발 및 공급을 맡는다 특히 이번 협약에 참여한 각 사는  년 이상 운영해 온 울산복합화력 발전소의 가스터빈을  년까지  MW 규모 수소가스터빈으로 전환하는 실증사업에 참여하게 된다  국내 첫 사례다 두산중공업 COO 정연인 사장은  이번 협약들을 발판 삼아 수소가스터빈 사업을 차세대 신성장 발전 산업으로 육성할 계획 이라면서  친환경 에너지를 지역사회에 공급할 수 있다는 점에서 더욱 의미가 있다 고 말했다 앞서  일에는 한국중부발전과   탄소중립 목표 달성 및 국내 수소가스터빈 활성화 를 위한 협약을 체결했다  한국중부발전은 두산중공업이 국책과제로 개발 중인 수소혼소 연소기와 수소가스터빈 기술 도입을 추진하고  두산중공업은 수소가스터빈 기술 개발과 관련 부품 양산 기술 확보할 계획이다 수소를 연료로 사용하는 발전소는 기존 LNG 가스복합발전소에 비해 오염물질 배출이 적다  한국기계연구원에 따르면  수소를   혼소할 경우 LNG발전소에 비해 이산화탄소 배출을   감축할 수 있고    혼소 시에는  까지 줄일 수 있다  수소 전소 발전소는 탄소배출이 전혀 없다 탄소중립을 위한 해결책 중 하나로 수소가 크게 주목받으며 미국  독일  일본 등의 주요 기업들도 각국 정책과 연계해 수소가스터빈 사업화에 적극 나서고 있다  글로벌 수소가스터빈 시장은  년  조원 규모로 성장할 것으로 전망되고 있다 두산중공업은 지난  년 세계에서 다섯 번째로 발전용 대형 가스터빈 독자모델 개발에 성공했다  지난해  월부터는 한국기계연구원과 함께  MW급 고효율 수소가스터빈용   수소 혼소 친환경 연소기 개발  국책과제에 참여하는 등 수소가스터빈 분야에서도 가장 발빠르게 기술 개발에 나서고 있다 bigroot heraldcorp com 환경적 대화기구  헤럴드에코 밀리터리 전문 콘텐츠  헤밀 헤럴드경제 네이버 채널 구독  Copyrights   헤럴드경제   heraldbiz com  무단 전재 및 재배포 금지  ,2021-06-04,10.33,1.0
421,421,두산중공업  수소가스터빈 개발 박차 발전공기업과 협력 강화,2021.06.03 15:56,한국중부발전 김호빈사장 왼쪽 과 두산중공업 정연인 사장이  일  한국중부발전 본사에서  국내수소가스터빈 활성화 를 위한 업무협약 체결 후 기념사진을 촬영하고 있다  [두산중공업 제공] [헤럴드경제 양대근 기자] 두산중공업은  일 울산광역시  한국동서발전  SK가스 등과 수소가스터빈 실증사업 추진을 위한 업무협약을 맺었다고 밝혔다 이번 협약에 따라  울산시는 수소가스터빈 사업 인프라 구축을 위한 행정지원  한국동서발전은 국내 기술 기반 수소가스터빈 실증  SK가스는 수소 공급 기반 구축  두산중공업은 수소가스터빈 기술 개발 및 공급을 맡는다 특히 이번 협약에 참여한 각 사는  년 이상 운영해 온 울산복합화력 발전소의 가스터빈을  년까지  MW 규모 수소가스터빈으로 전환하는 실증사업에 참여하게 된다  국내 첫 사례다 두산중공업 COO 정연인 사장은  이번 협약들을 발판 삼아 수소가스터빈 사업을 차세대 신성장 발전 산업으로 육성할 계획 이라면서  친환경 에너지를 지역사회에 공급할 수 있다는 점에서 더욱 의미가 있다 고 말했다 앞서  일에는 한국중부발전과   탄소중립 목표 달성 및 국내 수소가스터빈 활성화 를 위한 협약을 체결했다  한국중부발전은 두산중공업이 국책과제로 개발 중인 수소혼소 연소기와 수소가스터빈 기술 도입을 추진하고  두산중공업은 수소가스터빈 기술 개발과 관련 부품 양산 기술 확보할 계획이다 수소를 연료로 사용하는 발전소는 기존 LNG 가스복합발전소에 비해 오염물질 배출이 적다  한국기계연구원에 따르면  수소를   혼소할 경우 LNG발전소에 비해 이산화탄소 배출을   감축할 수 있고    혼소 시에는  까지 줄일 수 있다  수소 전소 발전소는 탄소배출이 전혀 없다 탄소중립을 위한 해결책 중 하나로 수소가 크게 주목받으며 미국  독일  일본 등의 주요 기업들도 각국 정책과 연계해 수소가스터빈 사업화에 적극 나서고 있다  글로벌 수소가스터빈 시장은  년  조원 규모로 성장할 것으로 전망되고 있다 두산중공업은 지난  년 세계에서 다섯 번째로 발전용 대형 가스터빈 독자모델 개발에 성공했다  지난해  월부터는 한국기계연구원과 함께  MW급 고효율 수소가스터빈용   수소 혼소 친환경 연소기 개발  국책과제에 참여하는 등 수소가스터빈 분야에서도 가장 발빠르게 기술 개발에 나서고 있다 bigroot heraldcorp com 환경적 대화기구  헤럴드에코 밀리터리 전문 콘텐츠  헤밀 헤럴드경제 네이버 채널 구독  Copyrights   헤럴드경제   heraldbiz com  무단 전재 및 재배포 금지  ,2021-06-04,10.33,1.0
422,422,두산중공업  수소가스터빈 개발 박차 발전공기업과 협력 강화,2021.06.03 15:56,한국중부발전 김호빈사장 왼쪽 과 두산중공업 정연인 사장이  일  한국중부발전 본사에서  국내수소가스터빈 활성화 를 위한 업무협약 체결 후 기념사진을 촬영하고 있다  [두산중공업 제공] [헤럴드경제 양대근 기자] 두산중공업은  일 울산광역시  한국동서발전  SK가스 등과 수소가스터빈 실증사업 추진을 위한 업무협약을 맺었다고 밝혔다 이번 협약에 따라  울산시는 수소가스터빈 사업 인프라 구축을 위한 행정지원  한국동서발전은 국내 기술 기반 수소가스터빈 실증  SK가스는 수소 공급 기반 구축  두산중공업은 수소가스터빈 기술 개발 및 공급을 맡는다 특히 이번 협약에 참여한 각 사는  년 이상 운영해 온 울산복합화력 발전소의 가스터빈을  년까지  MW 규모 수소가스터빈으로 전환하는 실증사업에 참여하게 된다  국내 첫 사례다 두산중공업 COO 정연인 사장은  이번 협약들을 발판 삼아 수소가스터빈 사업을 차세대 신성장 발전 산업으로 육성할 계획 이라면서  친환경 에너지를 지역사회에 공급할 수 있다는 점에서 더욱 의미가 있다 고 말했다 앞서  일에는 한국중부발전과   탄소중립 목표 달성 및 국내 수소가스터빈 활성화 를 위한 협약을 체결했다  한국중부발전은 두산중공업이 국책과제로 개발 중인 수소혼소 연소기와 수소가스터빈 기술 도입을 추진하고  두산중공업은 수소가스터빈 기술 개발과 관련 부품 양산 기술 확보할 계획이다 수소를 연료로 사용하는 발전소는 기존 LNG 가스복합발전소에 비해 오염물질 배출이 적다  한국기계연구원에 따르면  수소를   혼소할 경우 LNG발전소에 비해 이산화탄소 배출을   감축할 수 있고    혼소 시에는  까지 줄일 수 있다  수소 전소 발전소는 탄소배출이 전혀 없다 탄소중립을 위한 해결책 중 하나로 수소가 크게 주목받으며 미국  독일  일본 등의 주요 기업들도 각국 정책과 연계해 수소가스터빈 사업화에 적극 나서고 있다  글로벌 수소가스터빈 시장은  년  조원 규모로 성장할 것으로 전망되고 있다 두산중공업은 지난  년 세계에서 다섯 번째로 발전용 대형 가스터빈 독자모델 개발에 성공했다  지난해  월부터는 한국기계연구원과 함께  MW급 고효율 수소가스터빈용   수소 혼소 친환경 연소기 개발  국책과제에 참여하는 등 수소가스터빈 분야에서도 가장 발빠르게 기술 개발에 나서고 있다 bigroot heraldcorp com 환경적 대화기구  헤럴드에코 밀리터리 전문 콘텐츠  헤밀 헤럴드경제 네이버 채널 구독  Copyrights   헤럴드경제   heraldbiz com  무단 전재 및 재배포 금지  ,2021-06-04,10.33,1.0
423,423,두산중공업  수소가스터빈 개발 박차 발전공기업과 협력 강화,2021.06.03 16:10,국동서발전 울산광역시 SK가스와 발전용 수소가스터빈 실증 위한 업무협약 두산중공업 정연인 사장 왼쪽부터  한국동서발전사장 김영문 사장  울산광역시 송철호 시장  SK가스 윤병석 사장이  일  한국동서발전 본사에서  수소가스터빈 실증사업 추진 을 위한 업무협약을 맺고 기념사진을 촬영하고 있다 두산중공업 제공 [파이낸셜뉴스]두산중공업이 친환경 수소가스터빈 개발에 박차를 가하고 있다  최근 발전공기업 및 지방자치단체 등과 발전용 국산 대형 수소가스터빈 개발과 실증을 위한 협약을 잇따라 체결했다 두산중공업은  일 울산광역시  한국동서발전  SK가스 등과 수소가스터빈 실증사업 추진을 위한 업무협약을 맺었다  이번 협약에 따라  울산시는 수소가스터빈 사업 인프라 구축을 위한 행정지원  한국동서발전은 국내 기술 기반 수소가스터빈 실증  SK가스는 수소 공급 기반 구축  두산중공업은 수소가스터빈 기술 개발 및 공급을 맡는다 특히  이번 협약에 참여한 각 사는  년 이상 운영해 온 울산복합화력 발전소의 가스터빈을  년까지  MW 규모 수소가스터빈으로 전환하는 실증사업에 참여하게 된다  국내 첫 사례다 두산중공업 COO 정연인 사장은  이번 협약들을 발판 삼아 수소가스터빈 사업을 차세대 신성장 발전 산업으로 육성할 계획 이라면서  친환경 에너지를 지역사회에 공급할 수 있다는 점에서 더욱 의미가 있다 고 말했다 앞서  일에는 한국중부발전과   탄소중립 목표 달성 및 국내 수소가스터빈 활성화 를 위한 협약을 체결했다  한국중부발전은 두산중공업이 국책과제로 개발 중인 수소혼소 연소기와 수소가스터빈 기술 도입을 추진하고  두산중공업은 수소가스터빈 기술 개발과 관련 부품 양산 기술 확보할 계획이다 수소를 연료로 사용하는 발전소는 기존 LNG 액화천연가스  가스복합발전소에 비해 오염물질 배출이 적다  한국기계연구원에 따르면 수소를   혼소할 경우 LNG발전소에 비해 이산화탄소 배출을   감축할 수 있고    혼소 시에는  까지 줄일 수 있다  수소 전소 발전소는 탄소배출이 전혀 없다 탄소중립을 위한 해결책 중 하나로 수소가 크게 주목받으며 미국  독일  일본 등의 주요 기업들도 각국 정책과 연계해 수소가스터빈 사업화에 적극 나서고 있다  글로벌 수소가스터빈 시장은  년  조원 규모로 성장할 것으로 전망되고 있다 두산중공업은 지난  년 세계에서 다섯 번째로 발전용 대형 가스터빈 독자모델 개발에 성공했다  지난해  월부터는 한국기계연구원과 함께  MW급 고효율 수소가스터빈용   수소 혼소 친환경 연소기 개발  국책과제에 참여하는 등 수소가스터빈 분야에서도 가장 발빠르게 기술 개발에 나서고 있다 mjk fnnews com 김미정 기자  날로먹고 구워먹는 금융이슈 [파인애플]  모 아 모아 [모아시스]  헉  소리나는 스 토리 뉴스 [헉스]  저작권자   파이낸셜뉴스  무단 전재 재배포 금지,2021-06-04,10.33,1.0
424,424,두산중공업  수소가스터빈 개발 박차 발전공기업과 협력 강화,2021.06.03 16:10,국동서발전 울산광역시 SK가스와 발전용 수소가스터빈 실증 위한 업무협약 두산중공업 정연인 사장 왼쪽부터  한국동서발전사장 김영문 사장  울산광역시 송철호 시장  SK가스 윤병석 사장이  일  한국동서발전 본사에서  수소가스터빈 실증사업 추진 을 위한 업무협약을 맺고 기념사진을 촬영하고 있다 두산중공업 제공 [파이낸셜뉴스]두산중공업이 친환경 수소가스터빈 개발에 박차를 가하고 있다  최근 발전공기업 및 지방자치단체 등과 발전용 국산 대형 수소가스터빈 개발과 실증을 위한 협약을 잇따라 체결했다 두산중공업은  일 울산광역시  한국동서발전  SK가스 등과 수소가스터빈 실증사업 추진을 위한 업무협약을 맺었다  이번 협약에 따라  울산시는 수소가스터빈 사업 인프라 구축을 위한 행정지원  한국동서발전은 국내 기술 기반 수소가스터빈 실증  SK가스는 수소 공급 기반 구축  두산중공업은 수소가스터빈 기술 개발 및 공급을 맡는다 특히  이번 협약에 참여한 각 사는  년 이상 운영해 온 울산복합화력 발전소의 가스터빈을  년까지  MW 규모 수소가스터빈으로 전환하는 실증사업에 참여하게 된다  국내 첫 사례다 두산중공업 COO 정연인 사장은  이번 협약들을 발판 삼아 수소가스터빈 사업을 차세대 신성장 발전 산업으로 육성할 계획 이라면서  친환경 에너지를 지역사회에 공급할 수 있다는 점에서 더욱 의미가 있다 고 말했다 앞서  일에는 한국중부발전과   탄소중립 목표 달성 및 국내 수소가스터빈 활성화 를 위한 협약을 체결했다  한국중부발전은 두산중공업이 국책과제로 개발 중인 수소혼소 연소기와 수소가스터빈 기술 도입을 추진하고  두산중공업은 수소가스터빈 기술 개발과 관련 부품 양산 기술 확보할 계획이다 수소를 연료로 사용하는 발전소는 기존 LNG 액화천연가스  가스복합발전소에 비해 오염물질 배출이 적다  한국기계연구원에 따르면 수소를   혼소할 경우 LNG발전소에 비해 이산화탄소 배출을   감축할 수 있고    혼소 시에는  까지 줄일 수 있다  수소 전소 발전소는 탄소배출이 전혀 없다 탄소중립을 위한 해결책 중 하나로 수소가 크게 주목받으며 미국  독일  일본 등의 주요 기업들도 각국 정책과 연계해 수소가스터빈 사업화에 적극 나서고 있다  글로벌 수소가스터빈 시장은  년  조원 규모로 성장할 것으로 전망되고 있다 두산중공업은 지난  년 세계에서 다섯 번째로 발전용 대형 가스터빈 독자모델 개발에 성공했다  지난해  월부터는 한국기계연구원과 함께  MW급 고효율 수소가스터빈용   수소 혼소 친환경 연소기 개발  국책과제에 참여하는 등 수소가스터빈 분야에서도 가장 발빠르게 기술 개발에 나서고 있다 mjk fnnews com 김미정 기자  날로먹고 구워먹는 금융이슈 [파인애플]  모 아 모아 [모아시스]  헉  소리나는 스 토리 뉴스 [헉스]  저작권자   파이낸셜뉴스  무단 전재 재배포 금지,2021-06-04,10.33,1.0
425,425,두산중공업  수소가스터빈 개발 박차 발전공기업과 협력 강화,2021.06.03 16:10,국동서발전 울산광역시 SK가스와 발전용 수소가스터빈 실증 위한 업무협약 두산중공업 정연인 사장 왼쪽부터  한국동서발전사장 김영문 사장  울산광역시 송철호 시장  SK가스 윤병석 사장이  일  한국동서발전 본사에서  수소가스터빈 실증사업 추진 을 위한 업무협약을 맺고 기념사진을 촬영하고 있다 두산중공업 제공 [파이낸셜뉴스]두산중공업이 친환경 수소가스터빈 개발에 박차를 가하고 있다  최근 발전공기업 및 지방자치단체 등과 발전용 국산 대형 수소가스터빈 개발과 실증을 위한 협약을 잇따라 체결했다 두산중공업은  일 울산광역시  한국동서발전  SK가스 등과 수소가스터빈 실증사업 추진을 위한 업무협약을 맺었다  이번 협약에 따라  울산시는 수소가스터빈 사업 인프라 구축을 위한 행정지원  한국동서발전은 국내 기술 기반 수소가스터빈 실증  SK가스는 수소 공급 기반 구축  두산중공업은 수소가스터빈 기술 개발 및 공급을 맡는다 특히  이번 협약에 참여한 각 사는  년 이상 운영해 온 울산복합화력 발전소의 가스터빈을  년까지  MW 규모 수소가스터빈으로 전환하는 실증사업에 참여하게 된다  국내 첫 사례다 두산중공업 COO 정연인 사장은  이번 협약들을 발판 삼아 수소가스터빈 사업을 차세대 신성장 발전 산업으로 육성할 계획 이라면서  친환경 에너지를 지역사회에 공급할 수 있다는 점에서 더욱 의미가 있다 고 말했다 앞서  일에는 한국중부발전과   탄소중립 목표 달성 및 국내 수소가스터빈 활성화 를 위한 협약을 체결했다  한국중부발전은 두산중공업이 국책과제로 개발 중인 수소혼소 연소기와 수소가스터빈 기술 도입을 추진하고  두산중공업은 수소가스터빈 기술 개발과 관련 부품 양산 기술 확보할 계획이다 수소를 연료로 사용하는 발전소는 기존 LNG 액화천연가스  가스복합발전소에 비해 오염물질 배출이 적다  한국기계연구원에 따르면 수소를   혼소할 경우 LNG발전소에 비해 이산화탄소 배출을   감축할 수 있고    혼소 시에는  까지 줄일 수 있다  수소 전소 발전소는 탄소배출이 전혀 없다 탄소중립을 위한 해결책 중 하나로 수소가 크게 주목받으며 미국  독일  일본 등의 주요 기업들도 각국 정책과 연계해 수소가스터빈 사업화에 적극 나서고 있다  글로벌 수소가스터빈 시장은  년  조원 규모로 성장할 것으로 전망되고 있다 두산중공업은 지난  년 세계에서 다섯 번째로 발전용 대형 가스터빈 독자모델 개발에 성공했다  지난해  월부터는 한국기계연구원과 함께  MW급 고효율 수소가스터빈용   수소 혼소 친환경 연소기 개발  국책과제에 참여하는 등 수소가스터빈 분야에서도 가장 발빠르게 기술 개발에 나서고 있다 mjk fnnews com 김미정 기자  날로먹고 구워먹는 금융이슈 [파인애플]  모 아 모아 [모아시스]  헉  소리나는 스 토리 뉴스 [헉스]  저작권자   파이낸셜뉴스  무단 전재 재배포 금지,2021-06-04,10.33,1.0
426,426,두산중공업  시총  조 눈앞 공매도 거래도  위,2021.06.03 16:16,[파이낸셜뉴스] 두산중공업이 최근 원전 활성화에 대한 기대감으로 주가가 급등하면서  여년 만에 시가총액  조원을 눈앞에 두고 있다  그동안 대표적인 탈원전 피해주로 증시에서 설 자리를 잃었지만 한 미 정상회담 이후 그간의 서러움을 털어내고 고공행진 중이다 일 한국거래소에 따르면 두산중공업은 전 거래일 대비  원  오른  만 원에 거래됐다   월  일 이후  거래일 연속 상승하다가  월  일 잠시 쉬어간 후 다시 이틀 연속 상승세다   월  일만 하더라도  만 원에 거래된 주가는 현재  만 원을 훌쩍 넘어서며  나 상승했다  이날 외국인과 기관이  억원   억원을 매도했지만 개인이  억원을 사들이며 주가를 끌어올렸다 시가총액 역시  조 억원을 넘어서며  조원을 눈앞에 두고 있다  두산중공업 시총이  조원이었던 것은 지난  년  월  일이 마지막이다   년  개월여만에 시총  조원대에 복귀하게 되는 것이다 두산중공업의 상승세는  일 열린 한 미 정상회담을 계기다  이날 문재인 대통령과 조 바이든 미국 대통령은 해외 원전 시장에서 한미 간 협력을 강화하기로 합의하면서 원전사업이 회복될 것이라는 기대가 커졌다 최광식 하이투자증권 연구원은  한미 회담 이후 회자되는 SMR 기대감이 두산중공업에 반영되고 있다 며  두산중공업의 상승이 계열사 주가에 고루 긍정적으로 작용했다 고 말했다 두산중공업의 최근 실적도 호조세를 보이고 있다  지난  분기 매출은 전년 동기 대비   증가한  조 억원  영업이익은   늘어난  억원을 기록했다  분기 순이익은  억원으로  년  분기  억원 이후  분기 만에 흑자다 증권가에도 긍정적인 평가다  단기적으로는 업황 회복으로 실적이 개선되고  장기적으로는 신재생에너지에 집중된 신사업이 추가 상승 동력이 될 것이라는 분석이다 라진성 KTB투자증권 연구원은  원전 프로젝트는 다른 해외건설사업과는 다르게 기업간 경쟁이 아닌 국가간 경쟁 이라며  체코 등 현재 수주 경쟁이 진행 중인 사업의 경우 당장 협력에 대한 결과물을 가져오기가 쉽지 않겠지만  국가간 협력은 경쟁강도 완화 및 수주역량 강화 등이 의미 있을 것 이라고 설명했다 다만 주가가 단기간 급등하면서 공매도도 증가해 주가에 부담이 되고 있다  이날 두산중공업 공매도 거래대금은  억 억원으로 전체 유가증권시장 종목 가운데  위에 올랐다  전날에도  억 억원으로 HMM  억 억원을 제치고  위를 기록한 바 있다 이동헌 대신증권 연구원은  원전  석탄화력  LNG복합화력의 전통 발전 및 풍력  수소  차세대 가스터빈  소형 원전 등 발전 신사업 등 명실공히 국내 발전 기자재 대장주 라면서  원전은 대형  소형  해체 사업 등 모든 라인업 보유하고 있고 가스터빈 개발 완료 및 실증 마무리 단계  한국형 풍력터빈  수소연료전지 등 신사업도 진행 중 이라고 밝혔다 kmk fnnews com 김민기 기자  날로먹고 구워먹는 금융이슈 [파인애플]  모 아 모아 [모아시스]  헉  소리나는 스 토리 뉴스 [헉스]  저작권자   파이낸셜뉴스  무단 전재 재배포 금지,2021-06-04,10.33,1.0
427,427,두산중공업  시총  조 눈앞 공매도 거래도  위,2021.06.03 16:16,[파이낸셜뉴스] 두산중공업이 최근 원전 활성화에 대한 기대감으로 주가가 급등하면서  여년 만에 시가총액  조원을 눈앞에 두고 있다  그동안 대표적인 탈원전 피해주로 증시에서 설 자리를 잃었지만 한 미 정상회담 이후 그간의 서러움을 털어내고 고공행진 중이다 일 한국거래소에 따르면 두산중공업은 전 거래일 대비  원  오른  만 원에 거래됐다   월  일 이후  거래일 연속 상승하다가  월  일 잠시 쉬어간 후 다시 이틀 연속 상승세다   월  일만 하더라도  만 원에 거래된 주가는 현재  만 원을 훌쩍 넘어서며  나 상승했다  이날 외국인과 기관이  억원   억원을 매도했지만 개인이  억원을 사들이며 주가를 끌어올렸다 시가총액 역시  조 억원을 넘어서며  조원을 눈앞에 두고 있다  두산중공업 시총이  조원이었던 것은 지난  년  월  일이 마지막이다   년  개월여만에 시총  조원대에 복귀하게 되는 것이다 두산중공업의 상승세는  일 열린 한 미 정상회담을 계기다  이날 문재인 대통령과 조 바이든 미국 대통령은 해외 원전 시장에서 한미 간 협력을 강화하기로 합의하면서 원전사업이 회복될 것이라는 기대가 커졌다 최광식 하이투자증권 연구원은  한미 회담 이후 회자되는 SMR 기대감이 두산중공업에 반영되고 있다 며  두산중공업의 상승이 계열사 주가에 고루 긍정적으로 작용했다 고 말했다 두산중공업의 최근 실적도 호조세를 보이고 있다  지난  분기 매출은 전년 동기 대비   증가한  조 억원  영업이익은   늘어난  억원을 기록했다  분기 순이익은  억원으로  년  분기  억원 이후  분기 만에 흑자다 증권가에도 긍정적인 평가다  단기적으로는 업황 회복으로 실적이 개선되고  장기적으로는 신재생에너지에 집중된 신사업이 추가 상승 동력이 될 것이라는 분석이다 라진성 KTB투자증권 연구원은  원전 프로젝트는 다른 해외건설사업과는 다르게 기업간 경쟁이 아닌 국가간 경쟁 이라며  체코 등 현재 수주 경쟁이 진행 중인 사업의 경우 당장 협력에 대한 결과물을 가져오기가 쉽지 않겠지만  국가간 협력은 경쟁강도 완화 및 수주역량 강화 등이 의미 있을 것 이라고 설명했다 다만 주가가 단기간 급등하면서 공매도도 증가해 주가에 부담이 되고 있다  이날 두산중공업 공매도 거래대금은  억 억원으로 전체 유가증권시장 종목 가운데  위에 올랐다  전날에도  억 억원으로 HMM  억 억원을 제치고  위를 기록한 바 있다 이동헌 대신증권 연구원은  원전  석탄화력  LNG복합화력의 전통 발전 및 풍력  수소  차세대 가스터빈  소형 원전 등 발전 신사업 등 명실공히 국내 발전 기자재 대장주 라면서  원전은 대형  소형  해체 사업 등 모든 라인업 보유하고 있고 가스터빈 개발 완료 및 실증 마무리 단계  한국형 풍력터빈  수소연료전지 등 신사업도 진행 중 이라고 밝혔다 kmk fnnews com 김민기 기자  날로먹고 구워먹는 금융이슈 [파인애플]  모 아 모아 [모아시스]  헉  소리나는 스 토리 뉴스 [헉스]  저작권자   파이낸셜뉴스  무단 전재 재배포 금지,2021-06-04,10.33,1.0
428,428,두산중공업  수소가스터빈 개발 속도 발전 공기업과 연속 MOU 체결 성공,2021.06.03 16:31,한국동서발전 울산광역시 SK가스 발전용 수소가스터빈 실증 위한 업무협약 년까지 울산복합화력발전소에 국내 첫 수소가스터빈 실증 정영인 왼쪽부터  두산중공업 사장  김영문 한국동서발전사장 사장  송철호 울산광역시 시장  윤병석 SK가스 사장이  일  한국동서발전 본사에서  수소가스터빈 실증사업 추진 을 위한 업무협약을 맺고 기념사진을 촬영하고 있다 사진 제공 두산중공업 김호빈 왼쪽  한국중부발전 사장과 정영인 두산중공업 사장이  일  한국중부발전 본사에서  국내수소가스터빈 활성화 를 위한 업무협약 체결 후 기념사진을 촬영하고 있다 사진 제공 두산중공업 [서울경제] 두산중공업 이 친환경 수소가스터빈 개발 속도를 높인다  최근 두산중공업은 발전 공기업 및 지방자치단체 등과 발전용 국산 대형 수소가스터빈 개발과 실증을 위한 협약을 잇따라 체결했다 일 두산중공업은 울산광역시  한국동서발전  SK가스 등과 수소가스터빈 실증사업 추진을 위한 업무협약을 맺었다고 밝혔다  이번 협약에 따라 울산시는 수소가스터빈 사업 인프라 구축을 위한 행정지원  한국동서발전은 국내 기술 기반 수소가스터빈 실증  SK가스는 수소 공급 기반 구축  두산중공업은 수소가스터빈 기술 개발 및 공급을 맡기로 했다 이번 협약에 참여한 각 사는  년 이상 운영해 온 울산복합화력 발전소의 가스터빈을  년까지  MW 규모 수소가스터빈으로 전환하는 실증사업에 참여하게 된다  국내 최초다 정영인 두산중공업 COO 사장은  이번 협약들을 발판 삼아 수소가스터빈 사업을 차세대 신성장 발전 산업으로 육성할 계획이다 며  친환경 에너지를 지역사회에 공급할 수 있다는 점에서 더욱 의미가 있다 고 말했다 앞서  일에는 한국중부발전과   탄소중립 목표 달성 및 국내 수소가스터빈 활성화 를 위한 협약을 체결했다  한국중부발전은 두산중공업이 국책과제로 개발 중인 수소혼소 연소기와 수소가스터빈 기술 도입을 추진하고  두산중공업은 수소가스터빈 기술 개발과 관련 부품 양산 기술 확보할 계획이다 수소를 연료로 사용하는 발전소는 기존 LNG 가스복합발전소에 비해 오염물질 배출이 적다  한국기계연구원에 따르면  수소를   혼소할 경우 LNG발전소에 비해 이산화탄소 배출을   감축할 수 있다    혼소 시에는  까지 줄일 수 있다  수소 전소 발전소는 탄소배출이 전혀 없다 탄소중립을 위한 해결책 중 하나로 수소가 크게 주목받으며 미국 독일 일본 등 주요 기업들도 각국 정책과 연계해 수소가스터빈 사업화에 적극 나서고 있다  업계에서는 글로벌 수소가스터빈 시장은  년  조 원 규모로 성장할 것으로 전망한다 두산중공업은 지난  년 세계에서 다섯 번째로 발전용 대형 가스터빈 독자모델 개발에 성공했다  지난해  월부터는 한국기계연구원과 함께  MW급 고효율 수소가스터빈용   수소 혼소 친환경 연소기 개발  국책과제에 참여하는 등 수소가스터빈 분야에서도 가장 발빠르게 기술 개발에 나서고 있다 서종갑 기자 gap sedaily com  [지구용] 투명해진 맥주병  그런데 말입니다  서울경제 더 폴리틱스 뉴스를 만나보세요  미슐랭 가이드처럼 알찬 부동산 뉴스  집슐랭 저작권자   서울경제  무단 전재 및 재배포 금지,2021-06-04,10.33,1.0
429,429,두산중공업  수소가스터빈 개발 속도 발전 공기업과 연속 MOU 체결 성공,2021.06.03 16:31,한국동서발전 울산광역시 SK가스 발전용 수소가스터빈 실증 위한 업무협약 년까지 울산복합화력발전소에 국내 첫 수소가스터빈 실증 정영인 왼쪽부터  두산중공업 사장  김영문 한국동서발전사장 사장  송철호 울산광역시 시장  윤병석 SK가스 사장이  일  한국동서발전 본사에서  수소가스터빈 실증사업 추진 을 위한 업무협약을 맺고 기념사진을 촬영하고 있다 사진 제공 두산중공업 김호빈 왼쪽  한국중부발전 사장과 정영인 두산중공업 사장이  일  한국중부발전 본사에서  국내수소가스터빈 활성화 를 위한 업무협약 체결 후 기념사진을 촬영하고 있다 사진 제공 두산중공업 [서울경제] 두산중공업 이 친환경 수소가스터빈 개발 속도를 높인다  최근 두산중공업은 발전 공기업 및 지방자치단체 등과 발전용 국산 대형 수소가스터빈 개발과 실증을 위한 협약을 잇따라 체결했다 일 두산중공업은 울산광역시  한국동서발전  SK가스 등과 수소가스터빈 실증사업 추진을 위한 업무협약을 맺었다고 밝혔다  이번 협약에 따라 울산시는 수소가스터빈 사업 인프라 구축을 위한 행정지원  한국동서발전은 국내 기술 기반 수소가스터빈 실증  SK가스는 수소 공급 기반 구축  두산중공업은 수소가스터빈 기술 개발 및 공급을 맡기로 했다 이번 협약에 참여한 각 사는  년 이상 운영해 온 울산복합화력 발전소의 가스터빈을  년까지  MW 규모 수소가스터빈으로 전환하는 실증사업에 참여하게 된다  국내 최초다 정영인 두산중공업 COO 사장은  이번 협약들을 발판 삼아 수소가스터빈 사업을 차세대 신성장 발전 산업으로 육성할 계획이다 며  친환경 에너지를 지역사회에 공급할 수 있다는 점에서 더욱 의미가 있다 고 말했다 앞서  일에는 한국중부발전과   탄소중립 목표 달성 및 국내 수소가스터빈 활성화 를 위한 협약을 체결했다  한국중부발전은 두산중공업이 국책과제로 개발 중인 수소혼소 연소기와 수소가스터빈 기술 도입을 추진하고  두산중공업은 수소가스터빈 기술 개발과 관련 부품 양산 기술 확보할 계획이다 수소를 연료로 사용하는 발전소는 기존 LNG 가스복합발전소에 비해 오염물질 배출이 적다  한국기계연구원에 따르면  수소를   혼소할 경우 LNG발전소에 비해 이산화탄소 배출을   감축할 수 있다    혼소 시에는  까지 줄일 수 있다  수소 전소 발전소는 탄소배출이 전혀 없다 탄소중립을 위한 해결책 중 하나로 수소가 크게 주목받으며 미국 독일 일본 등 주요 기업들도 각국 정책과 연계해 수소가스터빈 사업화에 적극 나서고 있다  업계에서는 글로벌 수소가스터빈 시장은  년  조 원 규모로 성장할 것으로 전망한다 두산중공업은 지난  년 세계에서 다섯 번째로 발전용 대형 가스터빈 독자모델 개발에 성공했다  지난해  월부터는 한국기계연구원과 함께  MW급 고효율 수소가스터빈용   수소 혼소 친환경 연소기 개발  국책과제에 참여하는 등 수소가스터빈 분야에서도 가장 발빠르게 기술 개발에 나서고 있다 서종갑 기자 gap sedaily com  [지구용] 투명해진 맥주병  그런데 말입니다  서울경제 더 폴리틱스 뉴스를 만나보세요  미슐랭 가이드처럼 알찬 부동산 뉴스  집슐랭 저작권자   서울경제  무단 전재 및 재배포 금지,2021-06-04,10.33,1.0
430,430,두산중공업  수소가스터빈 개발 MOU 맺어,2021.06.03 16:59,한국동서발전 울산광역시 SK가스 등과 발전용 수소가스터빈 실증나서 일 울산광역시 한국동서발전 본사에서  왼쪽부터 정연인 두산중공업 사장  김영문 한국동서발전 사장  송철호 울산광역시 시장  윤병석 SK가스 사장이  수소가스터빈 실증사업 추진 을 위한 업무협약을 맺고 기념사진을 촬영하고 있다   사진제공   두산중공업 두산중공업은  일 울산광역시  한국동서발전  SK가스 등과 수소가스터빈 실증사업 추진을 위한 업무협약을 맺었다고 밝혔다  이번 협약에 따라  울산시는 수소가스터빈 사업 인프라 구축을 위한 행정지원  한국동서발전은 국내 기술 기반 수소가스터빈 실증  SK가스는 수소 공급 기반 구축  두산중공업은 수소가스터빈 기술 개발 및 공급을 맡는다 수소가스터빈 실증 첫 사업은 울산복합화력발전소에서 이뤄질 예정이다  울산복합화력발전소는  년 이상 운영해 노후화된 상태다  해당 발전소 가스터빈을  년까지   규모 수소가스터빈으로 전환하는 것이 이들의 공동 목표다  전환이 성공할 경우 국내 첫 수소가스터빈 적용 사례다 정연인 두산중공업 COO 사장 는  수소가스터빈 사업을 차세대 신성장 발전 산업으로 육성할 계획 이라며  친환경에너지를 지역사회에 공급할 수 있다는 점에서 더욱 의미가 있다 고 말했다 수소발전소는 친환경 발전소로 불리는 LNG가스복합발전소보다 오염물질 배출이 더 적다  수소를   혼소할 경우 LNG발전소 대비 이산화탄소 배출은     혼소의 경우  까지 줄일 수 있다    수소 발전의 경우에는 탄소배출이 전혀 없다 두산중공업은 지난  년 세계에서 다섯 번째로 발전용 대형 가스터빈 독자모델 개발에 성공했다 [한우람 기자]   경제  위  매일경제  앱으로 편하게 보세요  매경이 전하는 지식레터  매콤달콤  받아보세요  매경이 알려주는  취업비법  한달간 무료 [  매일경제   mk co kr  무단전재 및 재배포 금지],2021-06-04,10.33,1.0
431,431,두산중공업  수소가스터빈 개발 MOU 맺어,2021.06.03 16:59,한국동서발전 울산광역시 SK가스 등과 발전용 수소가스터빈 실증나서 일 울산광역시 한국동서발전 본사에서  왼쪽부터 정연인 두산중공업 사장  김영문 한국동서발전 사장  송철호 울산광역시 시장  윤병석 SK가스 사장이  수소가스터빈 실증사업 추진 을 위한 업무협약을 맺고 기념사진을 촬영하고 있다   사진제공   두산중공업 두산중공업은  일 울산광역시  한국동서발전  SK가스 등과 수소가스터빈 실증사업 추진을 위한 업무협약을 맺었다고 밝혔다  이번 협약에 따라  울산시는 수소가스터빈 사업 인프라 구축을 위한 행정지원  한국동서발전은 국내 기술 기반 수소가스터빈 실증  SK가스는 수소 공급 기반 구축  두산중공업은 수소가스터빈 기술 개발 및 공급을 맡는다 수소가스터빈 실증 첫 사업은 울산복합화력발전소에서 이뤄질 예정이다  울산복합화력발전소는  년 이상 운영해 노후화된 상태다  해당 발전소 가스터빈을  년까지   규모 수소가스터빈으로 전환하는 것이 이들의 공동 목표다  전환이 성공할 경우 국내 첫 수소가스터빈 적용 사례다 정연인 두산중공업 COO 사장 는  수소가스터빈 사업을 차세대 신성장 발전 산업으로 육성할 계획 이라며  친환경에너지를 지역사회에 공급할 수 있다는 점에서 더욱 의미가 있다 고 말했다 수소발전소는 친환경 발전소로 불리는 LNG가스복합발전소보다 오염물질 배출이 더 적다  수소를   혼소할 경우 LNG발전소 대비 이산화탄소 배출은     혼소의 경우  까지 줄일 수 있다    수소 발전의 경우에는 탄소배출이 전혀 없다 두산중공업은 지난  년 세계에서 다섯 번째로 발전용 대형 가스터빈 독자모델 개발에 성공했다 [한우람 기자]   경제  위  매일경제  앱으로 편하게 보세요  매경이 전하는 지식레터  매콤달콤  받아보세요  매경이 알려주는  취업비법  한달간 무료 [  매일경제   mk co kr  무단전재 및 재배포 금지],2021-06-04,10.33,1.0
432,432,J커브 그리는 두산중공업   년 만에 시총  조 돌파,2021.06.04 10:46,  급등  코스피 시총  위 올라서 한미회담 원전공동진출 합의 뒤 랠리 실적보다 장밋빛 전망이 견인  우려도 사진 두산중공업 [서울경제] 대표적인 탈원전 피해주로 주식시장에서 구석으로 밀려났던 두산중공업 가 연일 질주 중이다   일 오전에도   넘게 급등하면서 지난  년  월 이후 처음으로 종가 기준  시가총액이  조 원을 넘어섰다 이날 오전  시  분 기준 유가증권시장에서 두산 중공업은 전일 대비   상승한  만  원에 거래되고 있다  지난  일부터 전일까지  거래일 동안 두산중공업의 주가는  나 뛰어올랐다  같은 시각 두산중공업의 시가총액은  조  억 원으로  이는 코스피시장  위에 해당한다  두산중공업의 시가총액이  조 원을 넘어선 것은 지난  년  월  일 종가 기준  이후 약  년  개월 만이다  금융 투자 업계에 따르면 이날 오전  시  분 기준 외국인과 기관 투자자는 두산중공업을 각각  억 원   억 원어치 순매수했다 최근 주식시장의 모멘텀이 부재한 가운데 지난달 한미정상회담에서 도출한 해외 원전 사업 공동 진출 합의가 주가에 땔감이 됐다   일 현지 시간  문재인 대통령과 조 바이든 미국 대통령은 공동성명을 통해  원전 사업 공동 참여를 포함해 해외 원전 시장에서 협력을 강화하고 최고 수준의 원자력 기준을 유지하기로 합의했다 고 밝혔다  두산중공업이 신규로 추진하고 있는 소형모듈원자로 SMR 도 시장에서 회자되고 있다  SMR은 기존의 핵 발전 설비보다 크기가 작고 안전성을 높인 것으로 탄소 중립의 대안으로도 거론된다 두산중공업의 실적 추이 자료 대신증권 다만 최근 두산중공업이 주가는 실적보다는 탈원전 정책과 해외 원전 수출 기대감  즉 가능성에 힘 입은 바가 크다  올  분기 두산중공업의 연결 기준 순이익은  억 원으로 분기 기준 흑자를 낸 것은 지난  년  분기 이후 처음이다  장기간 이어진 적자에 현재 대부분의 증권사는 두산중공업에 대한 기업 분석을 중단했고  최근  개월 내 정식 투자 의견을 제시한 곳은 없다  이민재 NH투자증권 연구원은 이날 보고서에  SMR 상용화 시기는 빨라야  년 이후로  한국은  년 인허가 심사를 목표로 본격적인 개발에 착수할 계획 이라며  SMR보다는 해외 수주에 주목할 필요가 있다 고 밝혔다 한편 이날 그룹사도 동반 강세다  두산인프라코어 는   뛴  만  원에 거래 중이고 지주사인 두산 도 상승세다 이승배 기자 bae sedaily com  [지구용] 투명해진 맥주병  그런데 말입니다  서울경제 더 폴리틱스 뉴스를 만나보세요  미슐랭 가이드처럼 알찬 부동산 뉴스  집슐랭 저작권자   서울경제  무단 전재 및 재배포 금지,2021-06-04,10.33,1.0
433,433,J커브 그리는 두산중공업   년 만에 시총  조 돌파,2021.06.04 10:46,  급등  코스피 시총  위 올라서 한미회담 원전공동진출 합의 뒤 랠리 실적보다 장밋빛 전망이 견인  우려도 사진 두산중공업 [서울경제] 대표적인 탈원전 피해주로 주식시장에서 구석으로 밀려났던 두산중공업 가 연일 질주 중이다   일 오전에도   넘게 급등하면서 지난  년  월 이후 처음으로 종가 기준  시가총액이  조 원을 넘어섰다 이날 오전  시  분 기준 유가증권시장에서 두산 중공업은 전일 대비   상승한  만  원에 거래되고 있다  지난  일부터 전일까지  거래일 동안 두산중공업의 주가는  나 뛰어올랐다  같은 시각 두산중공업의 시가총액은  조  억 원으로  이는 코스피시장  위에 해당한다  두산중공업의 시가총액이  조 원을 넘어선 것은 지난  년  월  일 종가 기준  이후 약  년  개월 만이다  금융 투자 업계에 따르면 이날 오전  시  분 기준 외국인과 기관 투자자는 두산중공업을 각각  억 원   억 원어치 순매수했다 최근 주식시장의 모멘텀이 부재한 가운데 지난달 한미정상회담에서 도출한 해외 원전 사업 공동 진출 합의가 주가에 땔감이 됐다   일 현지 시간  문재인 대통령과 조 바이든 미국 대통령은 공동성명을 통해  원전 사업 공동 참여를 포함해 해외 원전 시장에서 협력을 강화하고 최고 수준의 원자력 기준을 유지하기로 합의했다 고 밝혔다  두산중공업이 신규로 추진하고 있는 소형모듈원자로 SMR 도 시장에서 회자되고 있다  SMR은 기존의 핵 발전 설비보다 크기가 작고 안전성을 높인 것으로 탄소 중립의 대안으로도 거론된다 두산중공업의 실적 추이 자료 대신증권 다만 최근 두산중공업이 주가는 실적보다는 탈원전 정책과 해외 원전 수출 기대감  즉 가능성에 힘 입은 바가 크다  올  분기 두산중공업의 연결 기준 순이익은  억 원으로 분기 기준 흑자를 낸 것은 지난  년  분기 이후 처음이다  장기간 이어진 적자에 현재 대부분의 증권사는 두산중공업에 대한 기업 분석을 중단했고  최근  개월 내 정식 투자 의견을 제시한 곳은 없다  이민재 NH투자증권 연구원은 이날 보고서에  SMR 상용화 시기는 빨라야  년 이후로  한국은  년 인허가 심사를 목표로 본격적인 개발에 착수할 계획 이라며  SMR보다는 해외 수주에 주목할 필요가 있다 고 밝혔다 한편 이날 그룹사도 동반 강세다  두산인프라코어 는   뛴  만  원에 거래 중이고 지주사인 두산 도 상승세다 이승배 기자 bae sedaily com  [지구용] 투명해진 맥주병  그런데 말입니다  서울경제 더 폴리틱스 뉴스를 만나보세요  미슐랭 가이드처럼 알찬 부동산 뉴스  집슐랭 저작권자   서울경제  무단 전재 및 재배포 금지,2021-06-04,10.33,1.0
434,434,J커브 그리는 두산중공업   년 만에 시총  조 돌파,2021.06.04 10:46,  급등  코스피 시총  위 올라서 한미회담 원전공동진출 합의 뒤 랠리 실적보다 장밋빛 전망이 견인  우려도 사진 두산중공업 [서울경제] 대표적인 탈원전 피해주로 주식시장에서 구석으로 밀려났던 두산중공업 가 연일 질주 중이다   일 오전에도   넘게 급등하면서 지난  년  월 이후 처음으로 종가 기준  시가총액이  조 원을 넘어섰다 이날 오전  시  분 기준 유가증권시장에서 두산 중공업은 전일 대비   상승한  만  원에 거래되고 있다  지난  일부터 전일까지  거래일 동안 두산중공업의 주가는  나 뛰어올랐다  같은 시각 두산중공업의 시가총액은  조  억 원으로  이는 코스피시장  위에 해당한다  두산중공업의 시가총액이  조 원을 넘어선 것은 지난  년  월  일 종가 기준  이후 약  년  개월 만이다  금융 투자 업계에 따르면 이날 오전  시  분 기준 외국인과 기관 투자자는 두산중공업을 각각  억 원   억 원어치 순매수했다 최근 주식시장의 모멘텀이 부재한 가운데 지난달 한미정상회담에서 도출한 해외 원전 사업 공동 진출 합의가 주가에 땔감이 됐다   일 현지 시간  문재인 대통령과 조 바이든 미국 대통령은 공동성명을 통해  원전 사업 공동 참여를 포함해 해외 원전 시장에서 협력을 강화하고 최고 수준의 원자력 기준을 유지하기로 합의했다 고 밝혔다  두산중공업이 신규로 추진하고 있는 소형모듈원자로 SMR 도 시장에서 회자되고 있다  SMR은 기존의 핵 발전 설비보다 크기가 작고 안전성을 높인 것으로 탄소 중립의 대안으로도 거론된다 두산중공업의 실적 추이 자료 대신증권 다만 최근 두산중공업이 주가는 실적보다는 탈원전 정책과 해외 원전 수출 기대감  즉 가능성에 힘 입은 바가 크다  올  분기 두산중공업의 연결 기준 순이익은  억 원으로 분기 기준 흑자를 낸 것은 지난  년  분기 이후 처음이다  장기간 이어진 적자에 현재 대부분의 증권사는 두산중공업에 대한 기업 분석을 중단했고  최근  개월 내 정식 투자 의견을 제시한 곳은 없다  이민재 NH투자증권 연구원은 이날 보고서에  SMR 상용화 시기는 빨라야  년 이후로  한국은  년 인허가 심사를 목표로 본격적인 개발에 착수할 계획 이라며  SMR보다는 해외 수주에 주목할 필요가 있다 고 밝혔다 한편 이날 그룹사도 동반 강세다  두산인프라코어 는   뛴  만  원에 거래 중이고 지주사인 두산 도 상승세다 이승배 기자 bae sedaily com  [지구용] 투명해진 맥주병  그런데 말입니다  서울경제 더 폴리틱스 뉴스를 만나보세요  미슐랭 가이드처럼 알찬 부동산 뉴스  집슐랭 저작권자   서울경제  무단 전재 및 재배포 금지,2021-06-04,10.33,1.0
435,435,[주식 초고수는 지금] 원전 모멘텀  두산중공업   해운업 호황  HMM 매수 매도 최다,2021.06.04 11:25,기아 비에이치아이도 매수 몰려 [서울경제] 미래에셋증권에서 거래하는 고수익 투자자들이  일 오전 두산중공업 을 가장 많이 사들인 것으로 나타났다  이외에도 HMM  기아  대한전선  삼성전자  등이 매수 상위에 이름을 올렸다 미래에셋증권 엠클럽에 따르면 투자 수익률 상위  에 해당하는  주식 초고수 들은 이날 오전  시까지 두산중공업을 가장 많이 사들였다 두산중공업은 지난 달 한미정상회담에서 양국 정상이 해외 원전 사업 공동 진출에 합의하면서 강세를 이어가고 있다   일 현지 시간  문재인 대통령과 조 바이든 미국 대통령은 공동성명을 통해  원전 사업 공동 참여를 포함해 해외 원전 시장에서 협력을 강화하고 최고 수준의 원자력 기준을 유지하기로 합의했다 고 밝혔다  두산중공업이 신규로 추진하고 있는 소형모듈원자로 SMR 도 시장에서 회자되고 있다 이에 힘입어 두산중공업은 이날도 주가가 전날 종가보다  오전  시 기준  오르면서 시가총액이  조 원을 넘어섰다 매수  위 종목은 HMM이다  HMM은 해운 업종 호황에 힘입어 개인 투자자 매수세를 유인하고 있다  지난 달  일  만  원을 기록하며 신고가를 경신한 바 있다  다만 이날은 주가가   내리면서 약세를 보이고 있다 기아는 매수  위를 기록했다  지난달까지 글로벌 누적 판매가  만 대를 돌파하며  년 만에 신기록을 세우는 등 실적 호조 기대감이 부각되고 있다  이날은 글로벌 투자은행 IB  골드만삭스가  차량용 반도체 부족 문제는 올  분기가 정점이 될 것 이라며 현대차와 기아에 대해  매수  의견을 제시하기도 했다  이에 힘입어 기아는  거래일 연속으로 오름세를 이어가고 있다  이 외에도 비에이치아이  네이처셀  라온시큐어  등에 매수가 몰리는 모습이다 이날  주식 초고수 가 가장 많이 팔아치운 종목도 두산중공업이었다  한미 정상회담이 본격적으로 시작되기 직전인 지난 달  일 이후 주가가   이상 오르면서 가격 부담이 커졌다는 인식이 반영된 것으로 보인다  매도  위 종목은 HMM이었다  최근 주가 급등세  KDB산업은행의  억 원 규모 전환사채 CB  만기 도래 등으로 인해 차익 실현에 나서는 투자자가 나오는 것으로 풀이된다  이 밖에 대한항공  일진파워  두산인프라코어 가 매도 상위 종목으로 나타났다 전 거래일 매수  위 종목은 두산중공업   위 종목은 HMM이었다  네이처셀  기아  삼성제약  유바이오로직스 가 그 뒤를 이었다  지난  일 매도 상위 종목은 HMM이었으며 두산중공업  기아  삼성제약  네이처셀  삼성전자가 그 다음이었다 한편 미래에셋증권은 자사 고객 중에서 지난  개월간 수익률 상위   투자자들의 매매 종목을 집계해 실시간 전일 최근  일 기준으로 모바일트레이딩시스템 MTS 상에서 공개하고 있다  이 통계 데이터는 미래에셋대우의 의견과 무관한 단순 정보안내이며  각각의 투자자 개인에게 맞는 투자 또는 수익 달성을 보장하지 않는다  또 테마주 관련 종목은 이상 급등락 가능성이 있으므로 유의해야 한다 심우일 기자 vita sedaily com  [지구용] 투명해진 맥주병  그런데 말입니다  서울경제 더 폴리틱스 뉴스를 만나보세요  미슐랭 가이드처럼 알찬 부동산 뉴스  집슐랭 저작권자   서울경제  무단 전재 및 재배포 금지,2021-06-04,10.33,1.0
436,436,[주식 초고수는 지금] 원전 모멘텀  두산중공업   해운업 호황  HMM 매수 매도 최다,2021.06.04 11:25,기아 비에이치아이도 매수 몰려 [서울경제] 미래에셋증권에서 거래하는 고수익 투자자들이  일 오전 두산중공업 을 가장 많이 사들인 것으로 나타났다  이외에도 HMM  기아  대한전선  삼성전자  등이 매수 상위에 이름을 올렸다 미래에셋증권 엠클럽에 따르면 투자 수익률 상위  에 해당하는  주식 초고수 들은 이날 오전  시까지 두산중공업을 가장 많이 사들였다 두산중공업은 지난 달 한미정상회담에서 양국 정상이 해외 원전 사업 공동 진출에 합의하면서 강세를 이어가고 있다   일 현지 시간  문재인 대통령과 조 바이든 미국 대통령은 공동성명을 통해  원전 사업 공동 참여를 포함해 해외 원전 시장에서 협력을 강화하고 최고 수준의 원자력 기준을 유지하기로 합의했다 고 밝혔다  두산중공업이 신규로 추진하고 있는 소형모듈원자로 SMR 도 시장에서 회자되고 있다 이에 힘입어 두산중공업은 이날도 주가가 전날 종가보다  오전  시 기준  오르면서 시가총액이  조 원을 넘어섰다 매수  위 종목은 HMM이다  HMM은 해운 업종 호황에 힘입어 개인 투자자 매수세를 유인하고 있다  지난 달  일  만  원을 기록하며 신고가를 경신한 바 있다  다만 이날은 주가가   내리면서 약세를 보이고 있다 기아는 매수  위를 기록했다  지난달까지 글로벌 누적 판매가  만 대를 돌파하며  년 만에 신기록을 세우는 등 실적 호조 기대감이 부각되고 있다  이날은 글로벌 투자은행 IB  골드만삭스가  차량용 반도체 부족 문제는 올  분기가 정점이 될 것 이라며 현대차와 기아에 대해  매수  의견을 제시하기도 했다  이에 힘입어 기아는  거래일 연속으로 오름세를 이어가고 있다  이 외에도 비에이치아이  네이처셀  라온시큐어  등에 매수가 몰리는 모습이다 이날  주식 초고수 가 가장 많이 팔아치운 종목도 두산중공업이었다  한미 정상회담이 본격적으로 시작되기 직전인 지난 달  일 이후 주가가   이상 오르면서 가격 부담이 커졌다는 인식이 반영된 것으로 보인다  매도  위 종목은 HMM이었다  최근 주가 급등세  KDB산업은행의  억 원 규모 전환사채 CB  만기 도래 등으로 인해 차익 실현에 나서는 투자자가 나오는 것으로 풀이된다  이 밖에 대한항공  일진파워  두산인프라코어 가 매도 상위 종목으로 나타났다 전 거래일 매수  위 종목은 두산중공업   위 종목은 HMM이었다  네이처셀  기아  삼성제약  유바이오로직스 가 그 뒤를 이었다  지난  일 매도 상위 종목은 HMM이었으며 두산중공업  기아  삼성제약  네이처셀  삼성전자가 그 다음이었다 한편 미래에셋증권은 자사 고객 중에서 지난  개월간 수익률 상위   투자자들의 매매 종목을 집계해 실시간 전일 최근  일 기준으로 모바일트레이딩시스템 MTS 상에서 공개하고 있다  이 통계 데이터는 미래에셋대우의 의견과 무관한 단순 정보안내이며  각각의 투자자 개인에게 맞는 투자 또는 수익 달성을 보장하지 않는다  또 테마주 관련 종목은 이상 급등락 가능성이 있으므로 유의해야 한다 심우일 기자 vita sedaily com  [지구용] 투명해진 맥주병  그런데 말입니다  서울경제 더 폴리틱스 뉴스를 만나보세요  미슐랭 가이드처럼 알찬 부동산 뉴스  집슐랭 저작권자   서울경제  무단 전재 및 재배포 금지,2021-06-04,10.33,1.0
437,437,[주식 초고수는 지금] 원전 모멘텀  두산중공업   해운업 호황  HMM 매수 매도 최다,2021.06.04 11:25,기아 비에이치아이도 매수 몰려 [서울경제] 미래에셋증권에서 거래하는 고수익 투자자들이  일 오전 두산중공업 을 가장 많이 사들인 것으로 나타났다  이외에도 HMM  기아  대한전선  삼성전자  등이 매수 상위에 이름을 올렸다 미래에셋증권 엠클럽에 따르면 투자 수익률 상위  에 해당하는  주식 초고수 들은 이날 오전  시까지 두산중공업을 가장 많이 사들였다 두산중공업은 지난 달 한미정상회담에서 양국 정상이 해외 원전 사업 공동 진출에 합의하면서 강세를 이어가고 있다   일 현지 시간  문재인 대통령과 조 바이든 미국 대통령은 공동성명을 통해  원전 사업 공동 참여를 포함해 해외 원전 시장에서 협력을 강화하고 최고 수준의 원자력 기준을 유지하기로 합의했다 고 밝혔다  두산중공업이 신규로 추진하고 있는 소형모듈원자로 SMR 도 시장에서 회자되고 있다 이에 힘입어 두산중공업은 이날도 주가가 전날 종가보다  오전  시 기준  오르면서 시가총액이  조 원을 넘어섰다 매수  위 종목은 HMM이다  HMM은 해운 업종 호황에 힘입어 개인 투자자 매수세를 유인하고 있다  지난 달  일  만  원을 기록하며 신고가를 경신한 바 있다  다만 이날은 주가가   내리면서 약세를 보이고 있다 기아는 매수  위를 기록했다  지난달까지 글로벌 누적 판매가  만 대를 돌파하며  년 만에 신기록을 세우는 등 실적 호조 기대감이 부각되고 있다  이날은 글로벌 투자은행 IB  골드만삭스가  차량용 반도체 부족 문제는 올  분기가 정점이 될 것 이라며 현대차와 기아에 대해  매수  의견을 제시하기도 했다  이에 힘입어 기아는  거래일 연속으로 오름세를 이어가고 있다  이 외에도 비에이치아이  네이처셀  라온시큐어  등에 매수가 몰리는 모습이다 이날  주식 초고수 가 가장 많이 팔아치운 종목도 두산중공업이었다  한미 정상회담이 본격적으로 시작되기 직전인 지난 달  일 이후 주가가   이상 오르면서 가격 부담이 커졌다는 인식이 반영된 것으로 보인다  매도  위 종목은 HMM이었다  최근 주가 급등세  KDB산업은행의  억 원 규모 전환사채 CB  만기 도래 등으로 인해 차익 실현에 나서는 투자자가 나오는 것으로 풀이된다  이 밖에 대한항공  일진파워  두산인프라코어 가 매도 상위 종목으로 나타났다 전 거래일 매수  위 종목은 두산중공업   위 종목은 HMM이었다  네이처셀  기아  삼성제약  유바이오로직스 가 그 뒤를 이었다  지난  일 매도 상위 종목은 HMM이었으며 두산중공업  기아  삼성제약  네이처셀  삼성전자가 그 다음이었다 한편 미래에셋증권은 자사 고객 중에서 지난  개월간 수익률 상위   투자자들의 매매 종목을 집계해 실시간 전일 최근  일 기준으로 모바일트레이딩시스템 MTS 상에서 공개하고 있다  이 통계 데이터는 미래에셋대우의 의견과 무관한 단순 정보안내이며  각각의 투자자 개인에게 맞는 투자 또는 수익 달성을 보장하지 않는다  또 테마주 관련 종목은 이상 급등락 가능성이 있으므로 유의해야 한다 심우일 기자 vita sedaily com  [지구용] 투명해진 맥주병  그런데 말입니다  서울경제 더 폴리틱스 뉴스를 만나보세요  미슐랭 가이드처럼 알찬 부동산 뉴스  집슐랭 저작권자   서울경제  무단 전재 및 재배포 금지,2021-06-04,10.33,1.0
438,438,올해 증시스타는  HMM 두산중공업 신풍제약 씨젠은 반토막,2021.06.05 15:01,사진 게티이미지뱅크 최근 한국 증시에서 가장 많이 주목받는 종목으로 HMM과 두산중공업이 부상했다 작년 코로나  치료제 개발 기대감과 진단키트 수요 급증으로 주가가 급등했던 신풍제약과 씨젠의 시가총액은 고점 대비 절반 수준으로 쪼그라들었다 일 한국거래소에 따르면 지난  일 종가 기준 HMM의 시가총액은  조 억원이다  작년  월 일의 저점  억원 대비  배가 넘는다 특히 HMM 주가 상승세는 꾸준했다  대형 호재 기대감으로 갑자기 치솟는 테마주와는 거리가 먼 모습이다  주가가   오르는  개월동안 상한가를 기록한 적은 단 하루도 없었다  주가가 가장 많이 오른 날은 올해  월 일로  직전 거래일 대비   상승했다 HMM의 주가 상승은 예상하지 못한 해운업 호황에서 비롯됐다  코로나  확산 사태로 해상 물동량이 줄어들 것으로 예상한 글로벌 해운업계는 선복 컨테이너를 실을 선박 내 공간  구조조정에 나섰지만  물동량은 예상을 벗어나 크게 줄지 않았다  이에 더해 HMM은 정부 지원으로 발주한 초대형 컨테이너선  척을 잇따라 인도받으면서 경쟁력이 크게 강화됐다 강화된 경쟁력은 실적으로도 나타났다  HMM은 작년  분기까지  여년 동안 영업적자를 지속해왔지만  작년 연간으로는  억원의 영업이익을 기록했다  올해  분기에는 작년 연간 성적을 훌쩍 넘긴  조 억원을 사업을 통해 남겼다 두산중공업도 한미정상회담에서 원전 동맹이 맺어진 데 대한 수혜 기대감으로 최근 급등세를 보여  작년 저점 대비  원에서  만 원으로   올랐다 각종 발전소 구축 경쟁력을 갖고 있는 두산중공업은 문재인 정부의 에너지 전환 정책의 피해주였다  원자력 발전과 관련한 기술도 많이 확보하고 있었기 때문이다 코로나  확산 사태 이후 환경 이슈가 제기되면서 두산중공업의 친환경 발전 기술이 부각돼 주가가 일부 회복됐고  지난달 중순 한미 정상회담 결과가 나온 뒤에는  거래일동안   상승했다 반면 작년 코로나  테마주로 증시에서 유명했던 신풍제약과 씨젠의 시가총액은 크게 감소했다 신풍제약은 말라리아 치료제를 코로나  치료제로 개발하는 임상에 나서면서 작년  월 일  원이었던 주가가 같은해  월 일  만 원까지 올랐다  이후 주가가 급격히 빠졌다가 작년  월 다시 한번 급등세를 보인 뒤 또 다시 급락해 지난  일  만 원으로 마감됐다 코로나  진단키트 공급 부족에 수혜를 받았던 씨젠의 주가도 고점 대비 반토막 이하로 줄었다  작년  월 일  만 원을 기록했던 씨젠의 주가는 같은해  월 일  만 원으로   상승했다  이후 글로벌 백신 접종이 가속화되면서 투자자들의 관심에서 멀어졌고  지난  일에는 고점 대비   빠진  만 원에 마감됐다 한경우 기자 case hankyung com  경제지 네이버 구독 첫  만  한국경제 받아보세요  한경 고품격 뉴스레터  원클릭으로 구독하세요  한국경제신문과 WSJ  모바일한경으로 보세요  한국경제   hankyung com  무단전재 및 재배포 금지,2021-06-07,27.49,1.0
439,439,올해 증시스타는  HMM 두산중공업 신풍제약 씨젠은 반토막,2021.06.05 15:01,사진 게티이미지뱅크 최근 한국 증시에서 가장 많이 주목받는 종목으로 HMM과 두산중공업이 부상했다 작년 코로나  치료제 개발 기대감과 진단키트 수요 급증으로 주가가 급등했던 신풍제약과 씨젠의 시가총액은 고점 대비 절반 수준으로 쪼그라들었다 일 한국거래소에 따르면 지난  일 종가 기준 HMM의 시가총액은  조 억원이다  작년  월 일의 저점  억원 대비  배가 넘는다 특히 HMM 주가 상승세는 꾸준했다  대형 호재 기대감으로 갑자기 치솟는 테마주와는 거리가 먼 모습이다  주가가   오르는  개월동안 상한가를 기록한 적은 단 하루도 없었다  주가가 가장 많이 오른 날은 올해  월 일로  직전 거래일 대비   상승했다 HMM의 주가 상승은 예상하지 못한 해운업 호황에서 비롯됐다  코로나  확산 사태로 해상 물동량이 줄어들 것으로 예상한 글로벌 해운업계는 선복 컨테이너를 실을 선박 내 공간  구조조정에 나섰지만  물동량은 예상을 벗어나 크게 줄지 않았다  이에 더해 HMM은 정부 지원으로 발주한 초대형 컨테이너선  척을 잇따라 인도받으면서 경쟁력이 크게 강화됐다 강화된 경쟁력은 실적으로도 나타났다  HMM은 작년  분기까지  여년 동안 영업적자를 지속해왔지만  작년 연간으로는  억원의 영업이익을 기록했다  올해  분기에는 작년 연간 성적을 훌쩍 넘긴  조 억원을 사업을 통해 남겼다 두산중공업도 한미정상회담에서 원전 동맹이 맺어진 데 대한 수혜 기대감으로 최근 급등세를 보여  작년 저점 대비  원에서  만 원으로   올랐다 각종 발전소 구축 경쟁력을 갖고 있는 두산중공업은 문재인 정부의 에너지 전환 정책의 피해주였다  원자력 발전과 관련한 기술도 많이 확보하고 있었기 때문이다 코로나  확산 사태 이후 환경 이슈가 제기되면서 두산중공업의 친환경 발전 기술이 부각돼 주가가 일부 회복됐고  지난달 중순 한미 정상회담 결과가 나온 뒤에는  거래일동안   상승했다 반면 작년 코로나  테마주로 증시에서 유명했던 신풍제약과 씨젠의 시가총액은 크게 감소했다 신풍제약은 말라리아 치료제를 코로나  치료제로 개발하는 임상에 나서면서 작년  월 일  원이었던 주가가 같은해  월 일  만 원까지 올랐다  이후 주가가 급격히 빠졌다가 작년  월 다시 한번 급등세를 보인 뒤 또 다시 급락해 지난  일  만 원으로 마감됐다 코로나  진단키트 공급 부족에 수혜를 받았던 씨젠의 주가도 고점 대비 반토막 이하로 줄었다  작년  월 일  만 원을 기록했던 씨젠의 주가는 같은해  월 일  만 원으로   상승했다  이후 글로벌 백신 접종이 가속화되면서 투자자들의 관심에서 멀어졌고  지난  일에는 고점 대비   빠진  만 원에 마감됐다 한경우 기자 case hankyung com  경제지 네이버 구독 첫  만  한국경제 받아보세요  한경 고품격 뉴스레터  원클릭으로 구독하세요  한국경제신문과 WSJ  모바일한경으로 보세요  한국경제   hankyung com  무단전재 및 재배포 금지,2021-06-07,27.49,1.0
440,440,올해 증시스타는  HMM 두산중공업 신풍제약 씨젠은 반토막,2021.06.05 15:01,사진 게티이미지뱅크 최근 한국 증시에서 가장 많이 주목받는 종목으로 HMM과 두산중공업이 부상했다 작년 코로나  치료제 개발 기대감과 진단키트 수요 급증으로 주가가 급등했던 신풍제약과 씨젠의 시가총액은 고점 대비 절반 수준으로 쪼그라들었다 일 한국거래소에 따르면 지난  일 종가 기준 HMM의 시가총액은  조 억원이다  작년  월 일의 저점  억원 대비  배가 넘는다 특히 HMM 주가 상승세는 꾸준했다  대형 호재 기대감으로 갑자기 치솟는 테마주와는 거리가 먼 모습이다  주가가   오르는  개월동안 상한가를 기록한 적은 단 하루도 없었다  주가가 가장 많이 오른 날은 올해  월 일로  직전 거래일 대비   상승했다 HMM의 주가 상승은 예상하지 못한 해운업 호황에서 비롯됐다  코로나  확산 사태로 해상 물동량이 줄어들 것으로 예상한 글로벌 해운업계는 선복 컨테이너를 실을 선박 내 공간  구조조정에 나섰지만  물동량은 예상을 벗어나 크게 줄지 않았다  이에 더해 HMM은 정부 지원으로 발주한 초대형 컨테이너선  척을 잇따라 인도받으면서 경쟁력이 크게 강화됐다 강화된 경쟁력은 실적으로도 나타났다  HMM은 작년  분기까지  여년 동안 영업적자를 지속해왔지만  작년 연간으로는  억원의 영업이익을 기록했다  올해  분기에는 작년 연간 성적을 훌쩍 넘긴  조 억원을 사업을 통해 남겼다 두산중공업도 한미정상회담에서 원전 동맹이 맺어진 데 대한 수혜 기대감으로 최근 급등세를 보여  작년 저점 대비  원에서  만 원으로   올랐다 각종 발전소 구축 경쟁력을 갖고 있는 두산중공업은 문재인 정부의 에너지 전환 정책의 피해주였다  원자력 발전과 관련한 기술도 많이 확보하고 있었기 때문이다 코로나  확산 사태 이후 환경 이슈가 제기되면서 두산중공업의 친환경 발전 기술이 부각돼 주가가 일부 회복됐고  지난달 중순 한미 정상회담 결과가 나온 뒤에는  거래일동안   상승했다 반면 작년 코로나  테마주로 증시에서 유명했던 신풍제약과 씨젠의 시가총액은 크게 감소했다 신풍제약은 말라리아 치료제를 코로나  치료제로 개발하는 임상에 나서면서 작년  월 일  원이었던 주가가 같은해  월 일  만 원까지 올랐다  이후 주가가 급격히 빠졌다가 작년  월 다시 한번 급등세를 보인 뒤 또 다시 급락해 지난  일  만 원으로 마감됐다 코로나  진단키트 공급 부족에 수혜를 받았던 씨젠의 주가도 고점 대비 반토막 이하로 줄었다  작년  월 일  만 원을 기록했던 씨젠의 주가는 같은해  월 일  만 원으로   상승했다  이후 글로벌 백신 접종이 가속화되면서 투자자들의 관심에서 멀어졌고  지난  일에는 고점 대비   빠진  만 원에 마감됐다 한경우 기자 case hankyung com  경제지 네이버 구독 첫  만  한국경제 받아보세요  한경 고품격 뉴스레터  원클릭으로 구독하세요  한국경제신문과 WSJ  모바일한경으로 보세요  한국경제   hankyung com  무단전재 및 재배포 금지,2021-06-07,27.49,1.0
441,441,한국판 밈 는  두슬라 두산중공업  대차잔고  주의보 ,2021.06.05 17:52,한미 원전 진출 합의 SMR 기대감 주 동안  두산 테슬라 투자의견 종목 보고서 없어 대차잔고 비중   달해[이데일리 김윤지 기자] 두산중공업 이 고공행진 중이다  지난달에만   오른 두산중공업은 이달 들어서도 가파른 상승세를 보여주고 있다  기대감으로 단기간 올랐다는 점에서 우려의 목소리도 나온다 연초 이후 두산중공업 주가 추이 그래픽 마켓포인트 일 마켓포인트에 따르면 두산중공업은 지난  일 지난달 말 대비  원  오른  만 원에 거래를 마쳤다  장중  만 원까지 치솟아  주 최고가를 다시 썼다  상승 흐름이 이어지자  테슬라 와 결합한  두슬라 라는 별칭도 생겼다 지난달 중순부터 상승세를 탄 두산중공업은 지난  월 일 하루를 제외하고 꾸준히 상승 마감했다  지난달 초에만 해도  만주 안팎이었던 일 거래대금도 급증해 지난  일과  일에는 각각  만주 넘게 거래됐다  상승 흐름이 뚜렷해진 최근  주 동안 주가는   상승했다   조 억원 수준이었던 시가총액도  배 가까이 올라  조원을 넘겼다 수급에선 개인과 외국인이 같은 기간 두산중공업을 각각  억원   억원 순매수했다  기관은  억원 순매도했다 시작은 한미 양국의 해외 원전 공동 진출 합의였다  탈원전 정책은 그동안 두산중공업에 부정적인 요소였으나 지난  일 현지시간  한국과 미국 양국이 원자력 발전 시장에 공동 진출하기로 합의하면서 분위기는 반전됐다 또 두산중공업이 신규로 추진하는 소형모듈원자로 SMR 도 긍정적으로 작용했다  SMR은 기존의 핵 발전 설비보다 크기가 작고 안전성을 높인 것으로 탄소 중립의 대안으로 거론되고 있다 주새 대차잔고도  배 가까이 증가 다만 펀더멘털이 뒷받침 되지 않았다는 점에서 신중히 접근해야 한다는 조언도 나온다  올해  분기 두산중공업의 영업이익은 연결 기준 전년 동기 대비   늘어난  억원으로 집계됐다  순이익으로  억원을 냈지만  분기 만에 흑자전환이다  본업인 발전플랜트 부문에서 고전한 데다 막대한 차입금에 따른 금융비용 등으로 오랜 기간 어려움을 겪으면서 대부분 증권사들도 종목 리포트를 사실상 중단했다  최근  개월 사이 두산중공업에 대한 목표가와 투자 의견을 정식으로 제시한 증권사는 없다 연결 기준  단위 억원  자료 두산중공업 실제 대차잔고도 급증했다  한국거래소에 따르면 두산중공업 대차잔고는 지난  월  일  만 주에서 지난  일  만 주로  배 가까이 증가했다   일 기준 대차잔고 비중은  이다  대차잔고 주수로 따지면 유가증권시장에서 삼성전자 에 이어 두번째로 많다  통상 대차잔고 주식수가 늘어난다는 의미는 공매도로 이어질 가능성으로 해석된다  지난달  일 두산중공업의 공매도 잔고 비중은  였으나  월 일 현재  로 올라왔다 이동헌 대신증권 연구원은 지난달 두산중공업에 대해  국내 발전 기자재에서 모든 라인업을 갖고 있는 대장주로  에너지 안보 차원에서 국가적으로도 포기할 수 없는 회사 라면서도  몇년 간 적자와 대규모 차입금  매출 분야의 전환 과정 등으로 추정이 어려워 향후 실적 개선 추세를 지켜보며 커버리지 재개에 대해 판단할 것 이라고 밝혔다 김윤지  jay edaily co kr   시간 빠른  미리보는 뉴스  eNews  네이버에서  이데일리 뉴스 를 만나보세요  빡침해소  청춘뉘우스  스냅타임 종합 경제정보 미디어 이데일리   무단전재   재배포 금지 ,2021-06-07,27.49,1.0
442,442,한국판 밈 는  두슬라 두산중공업  대차잔고  주의보 ,2021.06.05 17:52,한미 원전 진출 합의 SMR 기대감 주 동안  두산 테슬라 투자의견 종목 보고서 없어 대차잔고 비중   달해[이데일리 김윤지 기자] 두산중공업 이 고공행진 중이다  지난달에만   오른 두산중공업은 이달 들어서도 가파른 상승세를 보여주고 있다  기대감으로 단기간 올랐다는 점에서 우려의 목소리도 나온다 연초 이후 두산중공업 주가 추이 그래픽 마켓포인트 일 마켓포인트에 따르면 두산중공업은 지난  일 지난달 말 대비  원  오른  만 원에 거래를 마쳤다  장중  만 원까지 치솟아  주 최고가를 다시 썼다  상승 흐름이 이어지자  테슬라 와 결합한  두슬라 라는 별칭도 생겼다 지난달 중순부터 상승세를 탄 두산중공업은 지난  월 일 하루를 제외하고 꾸준히 상승 마감했다  지난달 초에만 해도  만주 안팎이었던 일 거래대금도 급증해 지난  일과  일에는 각각  만주 넘게 거래됐다  상승 흐름이 뚜렷해진 최근  주 동안 주가는   상승했다   조 억원 수준이었던 시가총액도  배 가까이 올라  조원을 넘겼다 수급에선 개인과 외국인이 같은 기간 두산중공업을 각각  억원   억원 순매수했다  기관은  억원 순매도했다 시작은 한미 양국의 해외 원전 공동 진출 합의였다  탈원전 정책은 그동안 두산중공업에 부정적인 요소였으나 지난  일 현지시간  한국과 미국 양국이 원자력 발전 시장에 공동 진출하기로 합의하면서 분위기는 반전됐다 또 두산중공업이 신규로 추진하는 소형모듈원자로 SMR 도 긍정적으로 작용했다  SMR은 기존의 핵 발전 설비보다 크기가 작고 안전성을 높인 것으로 탄소 중립의 대안으로 거론되고 있다 주새 대차잔고도  배 가까이 증가 다만 펀더멘털이 뒷받침 되지 않았다는 점에서 신중히 접근해야 한다는 조언도 나온다  올해  분기 두산중공업의 영업이익은 연결 기준 전년 동기 대비   늘어난  억원으로 집계됐다  순이익으로  억원을 냈지만  분기 만에 흑자전환이다  본업인 발전플랜트 부문에서 고전한 데다 막대한 차입금에 따른 금융비용 등으로 오랜 기간 어려움을 겪으면서 대부분 증권사들도 종목 리포트를 사실상 중단했다  최근  개월 사이 두산중공업에 대한 목표가와 투자 의견을 정식으로 제시한 증권사는 없다 연결 기준  단위 억원  자료 두산중공업 실제 대차잔고도 급증했다  한국거래소에 따르면 두산중공업 대차잔고는 지난  월  일  만 주에서 지난  일  만 주로  배 가까이 증가했다   일 기준 대차잔고 비중은  이다  대차잔고 주수로 따지면 유가증권시장에서 삼성전자 에 이어 두번째로 많다  통상 대차잔고 주식수가 늘어난다는 의미는 공매도로 이어질 가능성으로 해석된다  지난달  일 두산중공업의 공매도 잔고 비중은  였으나  월 일 현재  로 올라왔다 이동헌 대신증권 연구원은 지난달 두산중공업에 대해  국내 발전 기자재에서 모든 라인업을 갖고 있는 대장주로  에너지 안보 차원에서 국가적으로도 포기할 수 없는 회사 라면서도  몇년 간 적자와 대규모 차입금  매출 분야의 전환 과정 등으로 추정이 어려워 향후 실적 개선 추세를 지켜보며 커버리지 재개에 대해 판단할 것 이라고 밝혔다 김윤지  jay edaily co kr   시간 빠른  미리보는 뉴스  eNews  네이버에서  이데일리 뉴스 를 만나보세요  빡침해소  청춘뉘우스  스냅타임 종합 경제정보 미디어 이데일리   무단전재   재배포 금지 ,2021-06-07,27.49,1.0
443,443,한국판 밈 는  두슬라 두산중공업  대차잔고  주의보 ,2021.06.05 17:52,한미 원전 진출 합의 SMR 기대감 주 동안  두산 테슬라 투자의견 종목 보고서 없어 대차잔고 비중   달해[이데일리 김윤지 기자] 두산중공업 이 고공행진 중이다  지난달에만   오른 두산중공업은 이달 들어서도 가파른 상승세를 보여주고 있다  기대감으로 단기간 올랐다는 점에서 우려의 목소리도 나온다 연초 이후 두산중공업 주가 추이 그래픽 마켓포인트 일 마켓포인트에 따르면 두산중공업은 지난  일 지난달 말 대비  원  오른  만 원에 거래를 마쳤다  장중  만 원까지 치솟아  주 최고가를 다시 썼다  상승 흐름이 이어지자  테슬라 와 결합한  두슬라 라는 별칭도 생겼다 지난달 중순부터 상승세를 탄 두산중공업은 지난  월 일 하루를 제외하고 꾸준히 상승 마감했다  지난달 초에만 해도  만주 안팎이었던 일 거래대금도 급증해 지난  일과  일에는 각각  만주 넘게 거래됐다  상승 흐름이 뚜렷해진 최근  주 동안 주가는   상승했다   조 억원 수준이었던 시가총액도  배 가까이 올라  조원을 넘겼다 수급에선 개인과 외국인이 같은 기간 두산중공업을 각각  억원   억원 순매수했다  기관은  억원 순매도했다 시작은 한미 양국의 해외 원전 공동 진출 합의였다  탈원전 정책은 그동안 두산중공업에 부정적인 요소였으나 지난  일 현지시간  한국과 미국 양국이 원자력 발전 시장에 공동 진출하기로 합의하면서 분위기는 반전됐다 또 두산중공업이 신규로 추진하는 소형모듈원자로 SMR 도 긍정적으로 작용했다  SMR은 기존의 핵 발전 설비보다 크기가 작고 안전성을 높인 것으로 탄소 중립의 대안으로 거론되고 있다 주새 대차잔고도  배 가까이 증가 다만 펀더멘털이 뒷받침 되지 않았다는 점에서 신중히 접근해야 한다는 조언도 나온다  올해  분기 두산중공업의 영업이익은 연결 기준 전년 동기 대비   늘어난  억원으로 집계됐다  순이익으로  억원을 냈지만  분기 만에 흑자전환이다  본업인 발전플랜트 부문에서 고전한 데다 막대한 차입금에 따른 금융비용 등으로 오랜 기간 어려움을 겪으면서 대부분 증권사들도 종목 리포트를 사실상 중단했다  최근  개월 사이 두산중공업에 대한 목표가와 투자 의견을 정식으로 제시한 증권사는 없다 연결 기준  단위 억원  자료 두산중공업 실제 대차잔고도 급증했다  한국거래소에 따르면 두산중공업 대차잔고는 지난  월  일  만 주에서 지난  일  만 주로  배 가까이 증가했다   일 기준 대차잔고 비중은  이다  대차잔고 주수로 따지면 유가증권시장에서 삼성전자 에 이어 두번째로 많다  통상 대차잔고 주식수가 늘어난다는 의미는 공매도로 이어질 가능성으로 해석된다  지난달  일 두산중공업의 공매도 잔고 비중은  였으나  월 일 현재  로 올라왔다 이동헌 대신증권 연구원은 지난달 두산중공업에 대해  국내 발전 기자재에서 모든 라인업을 갖고 있는 대장주로  에너지 안보 차원에서 국가적으로도 포기할 수 없는 회사 라면서도  몇년 간 적자와 대규모 차입금  매출 분야의 전환 과정 등으로 추정이 어려워 향후 실적 개선 추세를 지켜보며 커버리지 재개에 대해 판단할 것 이라고 밝혔다 김윤지  jay edaily co kr   시간 빠른  미리보는 뉴스  eNews  네이버에서  이데일리 뉴스 를 만나보세요  빡침해소  청춘뉘우스  스냅타임 종합 경제정보 미디어 이데일리   무단전재   재배포 금지 ,2021-06-07,27.49,1.0
444,444,두산중공업  국내 최대 해상풍력단지 기자재 공급 계약   억 규모 ,2021.06.07 09:10,국내 해상풍력 최대 공급 실적을 보유한 두산중공업 이 국내 최대 규모 해상풍력단지에 대한 기자재 공급을 수주했다 두산중공업은 한국전력기술과  MW 규모의 제주한림해상풍력 기자재 공급 계약을 체결했다고  일 밝혔다  두산중공업은 기술  가격을 종합평가한 경쟁입찰을 통해 지난  년 우선협상대상자로 선정된 바 있다 제주탐라 해상풍력 발전단지  MW규모   두산중공업 제공 이번 계약 체결로 두산중공업은  MW급 해상풍력발전기  기를 공급할 예정이다  계약금액은 약  억원 규모로  준공 이후 풍력발전기 장기유지보수 계약도 별도로 체결 예정이다 제주시 북서부 한림항 인근 해상에 조성되는 제주한림해상풍력 사업의 사업주는 한국전력  중부발전  현대건설  한국전력기술 등으로 구성된 제주한림해상풍력 이다  설계 조달 건설 EPC 은 현대건설 한국전력기술 한국에너지종합기술 등이 공동으로 수행하고  두산중공업은 풍력발전기 제작 납품 및 유지보수 서비스를 공급한다  종합준공은  년  월 예정이다 두산중공업이 공급하는  MW 해상풍력발전기는 블레이드 길이만  m에 이르는 대형 제품이다  최대  m s의 강한 태풍에도 견딜 수 있도록 설계 됐으며  실제로 제주 김녕에 설치된 시제품은 지난  년 최대 순간풍속  m s을 기록한 태풍 치바에도 정상 가동했다   MW 해상용 모델은  년 국제인증기관인 UL로부터 국제 형식인증을 받았다 두산중공업 EPC BG 박인원 부사장은  정부의 재생에너지   정책 발표 이후 진행된 첫 해상풍력단지이자 국내 최대 규모로 추진되는 제주한림해상풍력에 참여하게 되어 더욱 뜻 깊다 며  대한민국 해상풍력산업의 경쟁력을 입증하는 선례가 될 수 있도록 준공까지 최선을 다 하는 것은 물론 국내 풍력 산업 생태계 활성화에도 힘쓰겠다 고 말했다 [정민하 기자 min chosunbiz com] 네이버에서  명품 경제뉴스  조선비즈를 구독하세요 연말정산  내년부터 모바일로 신청하세요 한 홀당  억   년만에 두배 뛴 골프장 몸값 저작권자   조선비즈  무단 전재 및 재배포 금지,2021-06-07,27.49,1.0
445,445,두산중공업  국내 최대 해상풍력단지 기자재 공급 계약   억 규모 ,2021.06.07 09:10,국내 해상풍력 최대 공급 실적을 보유한 두산중공업 이 국내 최대 규모 해상풍력단지에 대한 기자재 공급을 수주했다 두산중공업은 한국전력기술과  MW 규모의 제주한림해상풍력 기자재 공급 계약을 체결했다고  일 밝혔다  두산중공업은 기술  가격을 종합평가한 경쟁입찰을 통해 지난  년 우선협상대상자로 선정된 바 있다 제주탐라 해상풍력 발전단지  MW규모   두산중공업 제공 이번 계약 체결로 두산중공업은  MW급 해상풍력발전기  기를 공급할 예정이다  계약금액은 약  억원 규모로  준공 이후 풍력발전기 장기유지보수 계약도 별도로 체결 예정이다 제주시 북서부 한림항 인근 해상에 조성되는 제주한림해상풍력 사업의 사업주는 한국전력  중부발전  현대건설  한국전력기술 등으로 구성된 제주한림해상풍력 이다  설계 조달 건설 EPC 은 현대건설 한국전력기술 한국에너지종합기술 등이 공동으로 수행하고  두산중공업은 풍력발전기 제작 납품 및 유지보수 서비스를 공급한다  종합준공은  년  월 예정이다 두산중공업이 공급하는  MW 해상풍력발전기는 블레이드 길이만  m에 이르는 대형 제품이다  최대  m s의 강한 태풍에도 견딜 수 있도록 설계 됐으며  실제로 제주 김녕에 설치된 시제품은 지난  년 최대 순간풍속  m s을 기록한 태풍 치바에도 정상 가동했다   MW 해상용 모델은  년 국제인증기관인 UL로부터 국제 형식인증을 받았다 두산중공업 EPC BG 박인원 부사장은  정부의 재생에너지   정책 발표 이후 진행된 첫 해상풍력단지이자 국내 최대 규모로 추진되는 제주한림해상풍력에 참여하게 되어 더욱 뜻 깊다 며  대한민국 해상풍력산업의 경쟁력을 입증하는 선례가 될 수 있도록 준공까지 최선을 다 하는 것은 물론 국내 풍력 산업 생태계 활성화에도 힘쓰겠다 고 말했다 [정민하 기자 min chosunbiz com] 네이버에서  명품 경제뉴스  조선비즈를 구독하세요 연말정산  내년부터 모바일로 신청하세요 한 홀당  억   년만에 두배 뛴 골프장 몸값 저작권자   조선비즈  무단 전재 및 재배포 금지,2021-06-07,27.49,1.0
446,446,두산중공업  국내 최대 해상풍력단지 기자재 공급 계약   억 규모 ,2021.06.07 09:10,국내 해상풍력 최대 공급 실적을 보유한 두산중공업 이 국내 최대 규모 해상풍력단지에 대한 기자재 공급을 수주했다 두산중공업은 한국전력기술과  MW 규모의 제주한림해상풍력 기자재 공급 계약을 체결했다고  일 밝혔다  두산중공업은 기술  가격을 종합평가한 경쟁입찰을 통해 지난  년 우선협상대상자로 선정된 바 있다 제주탐라 해상풍력 발전단지  MW규모   두산중공업 제공 이번 계약 체결로 두산중공업은  MW급 해상풍력발전기  기를 공급할 예정이다  계약금액은 약  억원 규모로  준공 이후 풍력발전기 장기유지보수 계약도 별도로 체결 예정이다 제주시 북서부 한림항 인근 해상에 조성되는 제주한림해상풍력 사업의 사업주는 한국전력  중부발전  현대건설  한국전력기술 등으로 구성된 제주한림해상풍력 이다  설계 조달 건설 EPC 은 현대건설 한국전력기술 한국에너지종합기술 등이 공동으로 수행하고  두산중공업은 풍력발전기 제작 납품 및 유지보수 서비스를 공급한다  종합준공은  년  월 예정이다 두산중공업이 공급하는  MW 해상풍력발전기는 블레이드 길이만  m에 이르는 대형 제품이다  최대  m s의 강한 태풍에도 견딜 수 있도록 설계 됐으며  실제로 제주 김녕에 설치된 시제품은 지난  년 최대 순간풍속  m s을 기록한 태풍 치바에도 정상 가동했다   MW 해상용 모델은  년 국제인증기관인 UL로부터 국제 형식인증을 받았다 두산중공업 EPC BG 박인원 부사장은  정부의 재생에너지   정책 발표 이후 진행된 첫 해상풍력단지이자 국내 최대 규모로 추진되는 제주한림해상풍력에 참여하게 되어 더욱 뜻 깊다 며  대한민국 해상풍력산업의 경쟁력을 입증하는 선례가 될 수 있도록 준공까지 최선을 다 하는 것은 물론 국내 풍력 산업 생태계 활성화에도 힘쓰겠다 고 말했다 [정민하 기자 min chosunbiz com] 네이버에서  명품 경제뉴스  조선비즈를 구독하세요 연말정산  내년부터 모바일로 신청하세요 한 홀당  억   년만에 두배 뛴 골프장 몸값 저작권자   조선비즈  무단 전재 및 재배포 금지,2021-06-07,27.49,1.0
447,447,두산중공업  국내 최대 해상풍력단지 기자재 공급 계약   억 규모 ,2021.06.07 09:10,국내 해상풍력 최대 공급 실적을 보유한 두산중공업 이 국내 최대 규모 해상풍력단지에 대한 기자재 공급을 수주했다 두산중공업은 한국전력기술과  MW 규모의 제주한림해상풍력 기자재 공급 계약을 체결했다고  일 밝혔다  두산중공업은 기술  가격을 종합평가한 경쟁입찰을 통해 지난  년 우선협상대상자로 선정된 바 있다 제주탐라 해상풍력 발전단지  MW규모   두산중공업 제공 이번 계약 체결로 두산중공업은  MW급 해상풍력발전기  기를 공급할 예정이다  계약금액은 약  억원 규모로  준공 이후 풍력발전기 장기유지보수 계약도 별도로 체결 예정이다 제주시 북서부 한림항 인근 해상에 조성되는 제주한림해상풍력 사업의 사업주는 한국전력  중부발전  현대건설  한국전력기술 등으로 구성된 제주한림해상풍력 이다  설계 조달 건설 EPC 은 현대건설 한국전력기술 한국에너지종합기술 등이 공동으로 수행하고  두산중공업은 풍력발전기 제작 납품 및 유지보수 서비스를 공급한다  종합준공은  년  월 예정이다 두산중공업이 공급하는  MW 해상풍력발전기는 블레이드 길이만  m에 이르는 대형 제품이다  최대  m s의 강한 태풍에도 견딜 수 있도록 설계 됐으며  실제로 제주 김녕에 설치된 시제품은 지난  년 최대 순간풍속  m s을 기록한 태풍 치바에도 정상 가동했다   MW 해상용 모델은  년 국제인증기관인 UL로부터 국제 형식인증을 받았다 두산중공업 EPC BG 박인원 부사장은  정부의 재생에너지   정책 발표 이후 진행된 첫 해상풍력단지이자 국내 최대 규모로 추진되는 제주한림해상풍력에 참여하게 되어 더욱 뜻 깊다 며  대한민국 해상풍력산업의 경쟁력을 입증하는 선례가 될 수 있도록 준공까지 최선을 다 하는 것은 물론 국내 풍력 산업 생태계 활성화에도 힘쓰겠다 고 말했다 [정민하 기자 min chosunbiz com] 네이버에서  명품 경제뉴스  조선비즈를 구독하세요 연말정산  내년부터 모바일로 신청하세요 한 홀당  억   년만에 두배 뛴 골프장 몸값 저작권자   조선비즈  무단 전재 및 재배포 금지,2021-06-07,27.49,1.0
448,448,두산중공업   국내 최대  제주 해상풍력단지에 발전기 공급,2021.06.07 09:11, MW급 해상풍력 발전기  기 공급 억원 규모 장기유지보수계약 별도 산업 경쟁력 입증 생태계 활성화에도 기여 [이데일리 경계영 기자] 두산중공업이 국내 최대 규모 해상풍력단지에 기재자를 공급한다 두산중공업 은 한국전력기술과  MW 규모의 제주한림해상풍력에  MW급 해상풍력발전기  기를 공급하는 계약을 체결했다고  일 밝혔다 앞서  년 두산중공업은 기술 가격을 종합 평가한 경쟁입찰에서 우선협상대상자로 선정됐다  계약액은  억원 규모이며  준공 이후 풍력발전기 장기유지보수계약을 별도로 체결할 예정이다 제주한림해상풍력 사업은 제주시 북서부 한림항 인근 해상에 조성되며 사업주는 한국전력  중부발전  현대건설  한국전력기술 등으로 구성된 제주한림해상풍력 이다  EPC 설계 조달 시공 는 현대건설  한국전력기술  한국에너지종합기술 등이 공동으로 수행하고 두산중공업은 풍력발전기 제작 납품 및 유지보수 서비스를 담당한다  종합 준공은  년  월 예정이다 이번에 두산중공업이 공급하는  MW 해상풍력발전기는 블레이드 길이만  m에 이르는 대형 제품이다  최대 초속  m의 강한 태풍에도 견딜 수 있도록 설계 됐으며  실제 제주 김녕에 설치된 시제품은 지난  년 최대 순간풍속 초속  m를 기록한 태풍 치바에도 정상 가동했다   MW 해상용 모델은  년 국제인증기관인 UL로부터 국제 형식인증을 받았다 박인원 두산중공업 EPC BG 부사장은  정부의 재생에너지   정책 발표 이후 진행된 첫 해상풍력단지이자 국내 최대 규모로 추진되는 제주한림해상풍력에 참여해 더욱 뜻 깊다 며  대한민국 해상풍력산업의 경쟁력을 입증하는 선례가 될 수 있도록 준공까지 최선을 다하고 국내 풍력 산업 생태계 활성화에도 힘쓰겠다 고 말했다 두산중공업은 올해 초 창원 본사에 풍력  공장을 준공하고 인력도 확충하는 등 국내 해상풍력 수주물량 증가에 적극 대비하고 있다  두산중공업은 현재  MW급과  MW급 해상풍력 발전기 모델을 보유했고   MW급 모델을  년 상용화할 계획이다 사업 초기   수준이던 부품 국산화율을 최근   이상으로 끌어올렸다  국내 연관산업 육성 및 활성화를 위한 꾸준한 노력을 통해 현재  여개 국내 풍력 주요 기업과 협력하고 있다  규모의 제주탐라 해상풍력 발전단지   사진 두산중공업 경계영  kyung edaily co kr   시간 빠른  미리보는 뉴스  eNews  네이버에서  이데일리 뉴스 를 만나보세요  빡침해소  청춘뉘우스  스냅타임 종합 경제정보 미디어 이데일리   무단전재   재배포 금지 ,2021-06-07,27.49,1.0
449,449,두산중공업   국내 최대  제주 해상풍력단지에 발전기 공급,2021.06.07 09:11, MW급 해상풍력 발전기  기 공급 억원 규모 장기유지보수계약 별도 산업 경쟁력 입증 생태계 활성화에도 기여 [이데일리 경계영 기자] 두산중공업이 국내 최대 규모 해상풍력단지에 기재자를 공급한다 두산중공업 은 한국전력기술과  MW 규모의 제주한림해상풍력에  MW급 해상풍력발전기  기를 공급하는 계약을 체결했다고  일 밝혔다 앞서  년 두산중공업은 기술 가격을 종합 평가한 경쟁입찰에서 우선협상대상자로 선정됐다  계약액은  억원 규모이며  준공 이후 풍력발전기 장기유지보수계약을 별도로 체결할 예정이다 제주한림해상풍력 사업은 제주시 북서부 한림항 인근 해상에 조성되며 사업주는 한국전력  중부발전  현대건설  한국전력기술 등으로 구성된 제주한림해상풍력 이다  EPC 설계 조달 시공 는 현대건설  한국전력기술  한국에너지종합기술 등이 공동으로 수행하고 두산중공업은 풍력발전기 제작 납품 및 유지보수 서비스를 담당한다  종합 준공은  년  월 예정이다 이번에 두산중공업이 공급하는  MW 해상풍력발전기는 블레이드 길이만  m에 이르는 대형 제품이다  최대 초속  m의 강한 태풍에도 견딜 수 있도록 설계 됐으며  실제 제주 김녕에 설치된 시제품은 지난  년 최대 순간풍속 초속  m를 기록한 태풍 치바에도 정상 가동했다   MW 해상용 모델은  년 국제인증기관인 UL로부터 국제 형식인증을 받았다 박인원 두산중공업 EPC BG 부사장은  정부의 재생에너지   정책 발표 이후 진행된 첫 해상풍력단지이자 국내 최대 규모로 추진되는 제주한림해상풍력에 참여해 더욱 뜻 깊다 며  대한민국 해상풍력산업의 경쟁력을 입증하는 선례가 될 수 있도록 준공까지 최선을 다하고 국내 풍력 산업 생태계 활성화에도 힘쓰겠다 고 말했다 두산중공업은 올해 초 창원 본사에 풍력  공장을 준공하고 인력도 확충하는 등 국내 해상풍력 수주물량 증가에 적극 대비하고 있다  두산중공업은 현재  MW급과  MW급 해상풍력 발전기 모델을 보유했고   MW급 모델을  년 상용화할 계획이다 사업 초기   수준이던 부품 국산화율을 최근   이상으로 끌어올렸다  국내 연관산업 육성 및 활성화를 위한 꾸준한 노력을 통해 현재  여개 국내 풍력 주요 기업과 협력하고 있다  규모의 제주탐라 해상풍력 발전단지   사진 두산중공업 경계영  kyung edaily co kr   시간 빠른  미리보는 뉴스  eNews  네이버에서  이데일리 뉴스 를 만나보세요  빡침해소  청춘뉘우스  스냅타임 종합 경제정보 미디어 이데일리   무단전재   재배포 금지 ,2021-06-07,27.49,1.0
450,450,두산중공업   국내 최대  제주 해상풍력단지에 발전기 공급,2021.06.07 09:11, MW급 해상풍력 발전기  기 공급 억원 규모 장기유지보수계약 별도 산업 경쟁력 입증 생태계 활성화에도 기여 [이데일리 경계영 기자] 두산중공업이 국내 최대 규모 해상풍력단지에 기재자를 공급한다 두산중공업 은 한국전력기술과  MW 규모의 제주한림해상풍력에  MW급 해상풍력발전기  기를 공급하는 계약을 체결했다고  일 밝혔다 앞서  년 두산중공업은 기술 가격을 종합 평가한 경쟁입찰에서 우선협상대상자로 선정됐다  계약액은  억원 규모이며  준공 이후 풍력발전기 장기유지보수계약을 별도로 체결할 예정이다 제주한림해상풍력 사업은 제주시 북서부 한림항 인근 해상에 조성되며 사업주는 한국전력  중부발전  현대건설  한국전력기술 등으로 구성된 제주한림해상풍력 이다  EPC 설계 조달 시공 는 현대건설  한국전력기술  한국에너지종합기술 등이 공동으로 수행하고 두산중공업은 풍력발전기 제작 납품 및 유지보수 서비스를 담당한다  종합 준공은  년  월 예정이다 이번에 두산중공업이 공급하는  MW 해상풍력발전기는 블레이드 길이만  m에 이르는 대형 제품이다  최대 초속  m의 강한 태풍에도 견딜 수 있도록 설계 됐으며  실제 제주 김녕에 설치된 시제품은 지난  년 최대 순간풍속 초속  m를 기록한 태풍 치바에도 정상 가동했다   MW 해상용 모델은  년 국제인증기관인 UL로부터 국제 형식인증을 받았다 박인원 두산중공업 EPC BG 부사장은  정부의 재생에너지   정책 발표 이후 진행된 첫 해상풍력단지이자 국내 최대 규모로 추진되는 제주한림해상풍력에 참여해 더욱 뜻 깊다 며  대한민국 해상풍력산업의 경쟁력을 입증하는 선례가 될 수 있도록 준공까지 최선을 다하고 국내 풍력 산업 생태계 활성화에도 힘쓰겠다 고 말했다 두산중공업은 올해 초 창원 본사에 풍력  공장을 준공하고 인력도 확충하는 등 국내 해상풍력 수주물량 증가에 적극 대비하고 있다  두산중공업은 현재  MW급과  MW급 해상풍력 발전기 모델을 보유했고   MW급 모델을  년 상용화할 계획이다 사업 초기   수준이던 부품 국산화율을 최근   이상으로 끌어올렸다  국내 연관산업 육성 및 활성화를 위한 꾸준한 노력을 통해 현재  여개 국내 풍력 주요 기업과 협력하고 있다  규모의 제주탐라 해상풍력 발전단지   사진 두산중공업 경계영  kyung edaily co kr   시간 빠른  미리보는 뉴스  eNews  네이버에서  이데일리 뉴스 를 만나보세요  빡침해소  청춘뉘우스  스냅타임 종합 경제정보 미디어 이데일리   무단전재   재배포 금지 ,2021-06-07,27.49,1.0
451,451,두산중공업   국내 최대  제주 해상풍력단지에 발전기 공급,2021.06.07 09:11, MW급 해상풍력 발전기  기 공급 억원 규모 장기유지보수계약 별도 산업 경쟁력 입증 생태계 활성화에도 기여 [이데일리 경계영 기자] 두산중공업이 국내 최대 규모 해상풍력단지에 기재자를 공급한다 두산중공업 은 한국전력기술과  MW 규모의 제주한림해상풍력에  MW급 해상풍력발전기  기를 공급하는 계약을 체결했다고  일 밝혔다 앞서  년 두산중공업은 기술 가격을 종합 평가한 경쟁입찰에서 우선협상대상자로 선정됐다  계약액은  억원 규모이며  준공 이후 풍력발전기 장기유지보수계약을 별도로 체결할 예정이다 제주한림해상풍력 사업은 제주시 북서부 한림항 인근 해상에 조성되며 사업주는 한국전력  중부발전  현대건설  한국전력기술 등으로 구성된 제주한림해상풍력 이다  EPC 설계 조달 시공 는 현대건설  한국전력기술  한국에너지종합기술 등이 공동으로 수행하고 두산중공업은 풍력발전기 제작 납품 및 유지보수 서비스를 담당한다  종합 준공은  년  월 예정이다 이번에 두산중공업이 공급하는  MW 해상풍력발전기는 블레이드 길이만  m에 이르는 대형 제품이다  최대 초속  m의 강한 태풍에도 견딜 수 있도록 설계 됐으며  실제 제주 김녕에 설치된 시제품은 지난  년 최대 순간풍속 초속  m를 기록한 태풍 치바에도 정상 가동했다   MW 해상용 모델은  년 국제인증기관인 UL로부터 국제 형식인증을 받았다 박인원 두산중공업 EPC BG 부사장은  정부의 재생에너지   정책 발표 이후 진행된 첫 해상풍력단지이자 국내 최대 규모로 추진되는 제주한림해상풍력에 참여해 더욱 뜻 깊다 며  대한민국 해상풍력산업의 경쟁력을 입증하는 선례가 될 수 있도록 준공까지 최선을 다하고 국내 풍력 산업 생태계 활성화에도 힘쓰겠다 고 말했다 두산중공업은 올해 초 창원 본사에 풍력  공장을 준공하고 인력도 확충하는 등 국내 해상풍력 수주물량 증가에 적극 대비하고 있다  두산중공업은 현재  MW급과  MW급 해상풍력 발전기 모델을 보유했고   MW급 모델을  년 상용화할 계획이다 사업 초기   수준이던 부품 국산화율을 최근   이상으로 끌어올렸다  국내 연관산업 육성 및 활성화를 위한 꾸준한 노력을 통해 현재  여개 국내 풍력 주요 기업과 협력하고 있다  규모의 제주탐라 해상풍력 발전단지   사진 두산중공업 경계영  kyung edaily co kr   시간 빠른  미리보는 뉴스  eNews  네이버에서  이데일리 뉴스 를 만나보세요  빡침해소  청춘뉘우스  스냅타임 종합 경제정보 미디어 이데일리   무단전재   재배포 금지 ,2021-06-07,27.49,1.0
452,452,[특징주] 두산중공업 원전 호재에  주 신고가,2021.06.07 09:18,[서울경제] 한미 정상회담에서 양국이 원전 사업에서 협력하기로 한 뒤 주가가 가파르게 오르고 있는 두산중공업 이  일 장 초반  주 신고가를 경신했다 이날 오전  시  분 두산중공업은 전 거래일 대비   오른  만  원에 거래됐다  장 중  만  원까지 거래돼  주 신고가를 다시 썼다 한편 두산중공업은 한미 정상회담 후 주가 상승을 거듭하고 있다  최근  거래일 연속 강세를 기록 중이다 이완기 기자 kingear sedaily com  [지구용] 투명해진 맥주병  그런데 말입니다  서울경제 더 폴리틱스 뉴스를 만나보세요  미슐랭 가이드처럼 알찬 부동산 뉴스  집슐랭 저작권자   서울경제  무단 전재 및 재배포 금지,2021-06-07,27.49,1.0
453,453,[특징주] 두산중공업 원전 호재에  주 신고가,2021.06.07 09:18,[서울경제] 한미 정상회담에서 양국이 원전 사업에서 협력하기로 한 뒤 주가가 가파르게 오르고 있는 두산중공업 이  일 장 초반  주 신고가를 경신했다 이날 오전  시  분 두산중공업은 전 거래일 대비   오른  만  원에 거래됐다  장 중  만  원까지 거래돼  주 신고가를 다시 썼다 한편 두산중공업은 한미 정상회담 후 주가 상승을 거듭하고 있다  최근  거래일 연속 강세를 기록 중이다 이완기 기자 kingear sedaily com  [지구용] 투명해진 맥주병  그런데 말입니다  서울경제 더 폴리틱스 뉴스를 만나보세요  미슐랭 가이드처럼 알찬 부동산 뉴스  집슐랭 저작권자   서울경제  무단 전재 및 재배포 금지,2021-06-07,27.49,1.0
454,454,[특징주] 두산중공업 원전 호재에  주 신고가,2021.06.07 09:18,[서울경제] 한미 정상회담에서 양국이 원전 사업에서 협력하기로 한 뒤 주가가 가파르게 오르고 있는 두산중공업 이  일 장 초반  주 신고가를 경신했다 이날 오전  시  분 두산중공업은 전 거래일 대비   오른  만  원에 거래됐다  장 중  만  원까지 거래돼  주 신고가를 다시 썼다 한편 두산중공업은 한미 정상회담 후 주가 상승을 거듭하고 있다  최근  거래일 연속 강세를 기록 중이다 이완기 기자 kingear sedaily com  [지구용] 투명해진 맥주병  그런데 말입니다  서울경제 더 폴리틱스 뉴스를 만나보세요  미슐랭 가이드처럼 알찬 부동산 뉴스  집슐랭 저작권자   서울경제  무단 전재 및 재배포 금지,2021-06-07,27.49,1.0
455,455,[특징주]두산중공업   주 신고가 해상풍력단지 기자재 공급,2021.06.07 09:24,[이데일리 유준하 기자] 두산중공업 이 원자력 호재에 이어 해상풍력단지 기자재 공급 소식에 강세다 일 마켓포인트에 따르면 오전  시 분 기준 두산중공업 주가는 전 거래일 대비  원  오른  만 원을 기록 중이다  이날 장 초반  만 원까지 치솟으며  주 신고가를 경신했다 두산중공업은 한국전력기술과  MW 규모의 제주한림해상풍력에  메가와트 MW 급 해상풍력발전기  기를 공급하는 계약을 체결했다고  일 밝혔다 이번에 두산중공업이 공급하는  MW 해상풍력발전기는 블레이드 길이만  m에 이르는 대형 제품이다  최대 초속  m의 강한 태풍에도 견딜 수 있도록 설계 됐으며  실제 제주 김녕에 설치된 시제품은 지난  년 최대 순간풍속 초속  m를 기록한 태풍 치바에도 정상 가동했다 한편 두산중공업은 최근 열린 한미 정상회담에서 양국이 원전 사업에서 협력하기로 한 뒤 주가가 가파르게 오르고 있다 유준하  xylitol edaily co kr   시간 빠른  미리보는 뉴스  eNews  네이버에서  이데일리 뉴스 를 만나보세요  빡침해소  청춘뉘우스  스냅타임 종합 경제정보 미디어 이데일리   무단전재   재배포 금지 ,2021-06-07,27.49,1.0
456,456,[특징주]두산중공업   주 신고가 해상풍력단지 기자재 공급,2021.06.07 09:24,[이데일리 유준하 기자] 두산중공업 이 원자력 호재에 이어 해상풍력단지 기자재 공급 소식에 강세다 일 마켓포인트에 따르면 오전  시 분 기준 두산중공업 주가는 전 거래일 대비  원  오른  만 원을 기록 중이다  이날 장 초반  만 원까지 치솟으며  주 신고가를 경신했다 두산중공업은 한국전력기술과  MW 규모의 제주한림해상풍력에  메가와트 MW 급 해상풍력발전기  기를 공급하는 계약을 체결했다고  일 밝혔다 이번에 두산중공업이 공급하는  MW 해상풍력발전기는 블레이드 길이만  m에 이르는 대형 제품이다  최대 초속  m의 강한 태풍에도 견딜 수 있도록 설계 됐으며  실제 제주 김녕에 설치된 시제품은 지난  년 최대 순간풍속 초속  m를 기록한 태풍 치바에도 정상 가동했다 한편 두산중공업은 최근 열린 한미 정상회담에서 양국이 원전 사업에서 협력하기로 한 뒤 주가가 가파르게 오르고 있다 유준하  xylitol edaily co kr   시간 빠른  미리보는 뉴스  eNews  네이버에서  이데일리 뉴스 를 만나보세요  빡침해소  청춘뉘우스  스냅타임 종합 경제정보 미디어 이데일리   무단전재   재배포 금지 ,2021-06-07,27.49,1.0
457,457,[특징주]두산중공업   주 신고가 해상풍력단지 기자재 공급,2021.06.07 09:24,[이데일리 유준하 기자] 두산중공업 이 원자력 호재에 이어 해상풍력단지 기자재 공급 소식에 강세다 일 마켓포인트에 따르면 오전  시 분 기준 두산중공업 주가는 전 거래일 대비  원  오른  만 원을 기록 중이다  이날 장 초반  만 원까지 치솟으며  주 신고가를 경신했다 두산중공업은 한국전력기술과  MW 규모의 제주한림해상풍력에  메가와트 MW 급 해상풍력발전기  기를 공급하는 계약을 체결했다고  일 밝혔다 이번에 두산중공업이 공급하는  MW 해상풍력발전기는 블레이드 길이만  m에 이르는 대형 제품이다  최대 초속  m의 강한 태풍에도 견딜 수 있도록 설계 됐으며  실제 제주 김녕에 설치된 시제품은 지난  년 최대 순간풍속 초속  m를 기록한 태풍 치바에도 정상 가동했다 한편 두산중공업은 최근 열린 한미 정상회담에서 양국이 원전 사업에서 협력하기로 한 뒤 주가가 가파르게 오르고 있다 유준하  xylitol edaily co kr   시간 빠른  미리보는 뉴스  eNews  네이버에서  이데일리 뉴스 를 만나보세요  빡침해소  청춘뉘우스  스냅타임 종합 경제정보 미디어 이데일리   무단전재   재배포 금지 ,2021-06-07,27.49,1.0
458,458,두산중공업  해상풍력단지 기자재 공급 소식에 강세   주 신고가,2021.06.07 09:36,두산중공업이 해상풍력단지 기자재 공급 소식에 강세를 보이고 있다 일 오전  시 분 기준 두산중공업 주가는 전 거래일 대비  원  오른  만 원에 거래 중이다  이날 장 초반  만 원까지 치솟으며  주 신고가를 경신했다 이날 두산중공업은 한국전력기술과  MW 규모의 제주한림해상풍력에  메가와트 MW 급 해상풍력발전기  기를 공급하는 계약을 체결했다고 밝혔다 이번 계약 체결로 두산중공업은  MW급 해상풍력발전기  기를 공급할 예정이다  계약금액은 약  억원 규모이며  년 준공 예정이다  풍력발전기 장기유지보수 계약도 별도로 체결할 계획이다 차은지 한경닷컴 기자 chachacha hankyung com  경제지 네이버 구독 첫  만  한국경제 받아보세요  한경 고품격 뉴스레터  원클릭으로 구독하세요  한국경제신문과 WSJ  모바일한경으로 보세요  한국경제   hankyung com  무단전재 및 재배포 금지,2021-06-07,27.49,1.0
459,459,두산중공업  해상풍력단지 기자재 공급 소식에 강세   주 신고가,2021.06.07 09:36,두산중공업이 해상풍력단지 기자재 공급 소식에 강세를 보이고 있다 일 오전  시 분 기준 두산중공업 주가는 전 거래일 대비  원  오른  만 원에 거래 중이다  이날 장 초반  만 원까지 치솟으며  주 신고가를 경신했다 이날 두산중공업은 한국전력기술과  MW 규모의 제주한림해상풍력에  메가와트 MW 급 해상풍력발전기  기를 공급하는 계약을 체결했다고 밝혔다 이번 계약 체결로 두산중공업은  MW급 해상풍력발전기  기를 공급할 예정이다  계약금액은 약  억원 규모이며  년 준공 예정이다  풍력발전기 장기유지보수 계약도 별도로 체결할 계획이다 차은지 한경닷컴 기자 chachacha hankyung com  경제지 네이버 구독 첫  만  한국경제 받아보세요  한경 고품격 뉴스레터  원클릭으로 구독하세요  한국경제신문과 WSJ  모바일한경으로 보세요  한국경제   hankyung com  무단전재 및 재배포 금지,2021-06-07,27.49,1.0
460,460,두산중공업  해상풍력단지 기자재 공급 소식에 강세   주 신고가,2021.06.07 09:36,두산중공업이 해상풍력단지 기자재 공급 소식에 강세를 보이고 있다 일 오전  시 분 기준 두산중공업 주가는 전 거래일 대비  원  오른  만 원에 거래 중이다  이날 장 초반  만 원까지 치솟으며  주 신고가를 경신했다 이날 두산중공업은 한국전력기술과  MW 규모의 제주한림해상풍력에  메가와트 MW 급 해상풍력발전기  기를 공급하는 계약을 체결했다고 밝혔다 이번 계약 체결로 두산중공업은  MW급 해상풍력발전기  기를 공급할 예정이다  계약금액은 약  억원 규모이며  년 준공 예정이다  풍력발전기 장기유지보수 계약도 별도로 체결할 계획이다 차은지 한경닷컴 기자 chachacha hankyung com  경제지 네이버 구독 첫  만  한국경제 받아보세요  한경 고품격 뉴스레터  원클릭으로 구독하세요  한국경제신문과 WSJ  모바일한경으로 보세요  한국경제   hankyung com  무단전재 및 재배포 금지,2021-06-07,27.49,1.0
461,461,두산중공업  국내 최대 해상풍력단지 기자재 공급 발전기  기,2021.06.07 09:38,제주탐라 해상풍력 발전단지 MW 규모 [아시아경제 김혜원 기자] 두산중공업이 국내 최대 규모 해상풍력단지에 기자재를 공급한다 두산중공업은 한국전력기술과  MW 규모의 제주한림해상풍력 기자재 공급 계약을 체결했다고  일 밝혔다 두산중공업은 기술  가격을 종합 평가한 경쟁입찰을 통해  년 우선협상대상자로 선정된 바 있다  이번 계약 체결로 두산중공업은  MW급 해상풍력발전기  기를 공급할 예정이다  계약 금액은  억원 규모로  준공 이후 풍력발전기 장기 유지보수 계약도 별도로 체결할 예정이다 제주한림해상풍력 사업은 제주시 북서부 한림항 인근 해상에 조성된다  사업주는 한국전력  중부발전  현대건설  한국전력기술 등으로 구성된 제주한림해상풍력이다  설계 조달 시공 EPC 은 현대건설  한국전력기술  한국에너지종합기술 등이 공동으로 수행하고  두산중공업은 풍력발전기 제작 납품 및 유지보수 서비스를 공급한다  종합준공은  년  월 예정이다 두산중공업이 공급하는  MW 해상풍력발전기는 블레이드 길이만  m에 이르는 대형 제품이다  최대  m s의 강한 태풍에도 견딜 수 있도록 설계 됐으며  실제로 제주 김녕에 설치된 시제품은  년 최대 순간풍속  m s을 기록한 태풍 치바에도 정상 가동했다   MW 해상용 모델은  년 국제인증기관인 UL로부터 국제 형식인증을 받았다 두산중공업 EPC BG 박인원 부사장은  정부의 재생에너지   정책 발표 이후 진행된 첫 해상풍력단지이자 국내 최대 규모로 추진되는 제주한림해상풍력에 참여하게 되어 더욱 뜻 깊다 며  대한민국 해상풍력산업의 경쟁력을 입증하는 선례가 될 수 있도록 준공까지 최선을 다 하는 것은 물론 국내 풍력 산업 생태계 활성화에도 힘쓰겠다 고 말했다 두산중공업은 올해 초 창원 본사에 풍력  공장을 준공하고 인력을 확충하는 등 국내 해상풍력 수주 물량 증가에 대비하고 있다  두산중공업은 현재  MW급   MW급 해상풍력발전기 모델을 보유하고 있으며   MW급 모델은  년 상용화할 예정이다  사업 초기   수준이던 부품 국산화율을 최근   이상으로 끌어 올렸다  현재  여개 국내 풍력 주요 기업과 협력 중이다 김혜원 기자 kimhye asiae co kr  속 시원한 풀이   년 정통사주 운세 토정비결  내가 몰랐던 당신들의 이야기 [나돌] 네이버TV  투자 성공의 핵심은 기업분석   CORE  바로가기 경제를 보는 눈  세계를 보는 창 아시아경제 무단전재 배포금지 ,2021-06-07,27.49,1.0
462,462,두산중공업  국내 최대 해상풍력단지 기자재 공급 발전기  기,2021.06.07 09:38,제주탐라 해상풍력 발전단지 MW 규모 [아시아경제 김혜원 기자] 두산중공업이 국내 최대 규모 해상풍력단지에 기자재를 공급한다 두산중공업은 한국전력기술과  MW 규모의 제주한림해상풍력 기자재 공급 계약을 체결했다고  일 밝혔다 두산중공업은 기술  가격을 종합 평가한 경쟁입찰을 통해  년 우선협상대상자로 선정된 바 있다  이번 계약 체결로 두산중공업은  MW급 해상풍력발전기  기를 공급할 예정이다  계약 금액은  억원 규모로  준공 이후 풍력발전기 장기 유지보수 계약도 별도로 체결할 예정이다 제주한림해상풍력 사업은 제주시 북서부 한림항 인근 해상에 조성된다  사업주는 한국전력  중부발전  현대건설  한국전력기술 등으로 구성된 제주한림해상풍력이다  설계 조달 시공 EPC 은 현대건설  한국전력기술  한국에너지종합기술 등이 공동으로 수행하고  두산중공업은 풍력발전기 제작 납품 및 유지보수 서비스를 공급한다  종합준공은  년  월 예정이다 두산중공업이 공급하는  MW 해상풍력발전기는 블레이드 길이만  m에 이르는 대형 제품이다  최대  m s의 강한 태풍에도 견딜 수 있도록 설계 됐으며  실제로 제주 김녕에 설치된 시제품은  년 최대 순간풍속  m s을 기록한 태풍 치바에도 정상 가동했다   MW 해상용 모델은  년 국제인증기관인 UL로부터 국제 형식인증을 받았다 두산중공업 EPC BG 박인원 부사장은  정부의 재생에너지   정책 발표 이후 진행된 첫 해상풍력단지이자 국내 최대 규모로 추진되는 제주한림해상풍력에 참여하게 되어 더욱 뜻 깊다 며  대한민국 해상풍력산업의 경쟁력을 입증하는 선례가 될 수 있도록 준공까지 최선을 다 하는 것은 물론 국내 풍력 산업 생태계 활성화에도 힘쓰겠다 고 말했다 두산중공업은 올해 초 창원 본사에 풍력  공장을 준공하고 인력을 확충하는 등 국내 해상풍력 수주 물량 증가에 대비하고 있다  두산중공업은 현재  MW급   MW급 해상풍력발전기 모델을 보유하고 있으며   MW급 모델은  년 상용화할 예정이다  사업 초기   수준이던 부품 국산화율을 최근   이상으로 끌어 올렸다  현재  여개 국내 풍력 주요 기업과 협력 중이다 김혜원 기자 kimhye asiae co kr  속 시원한 풀이   년 정통사주 운세 토정비결  내가 몰랐던 당신들의 이야기 [나돌] 네이버TV  투자 성공의 핵심은 기업분석   CORE  바로가기 경제를 보는 눈  세계를 보는 창 아시아경제 무단전재 배포금지 ,2021-06-07,27.49,1.0
463,463,두산중공업  국내 최대 해상풍력단지 기자재 공급 발전기  기,2021.06.07 09:38,제주탐라 해상풍력 발전단지 MW 규모 [아시아경제 김혜원 기자] 두산중공업이 국내 최대 규모 해상풍력단지에 기자재를 공급한다 두산중공업은 한국전력기술과  MW 규모의 제주한림해상풍력 기자재 공급 계약을 체결했다고  일 밝혔다 두산중공업은 기술  가격을 종합 평가한 경쟁입찰을 통해  년 우선협상대상자로 선정된 바 있다  이번 계약 체결로 두산중공업은  MW급 해상풍력발전기  기를 공급할 예정이다  계약 금액은  억원 규모로  준공 이후 풍력발전기 장기 유지보수 계약도 별도로 체결할 예정이다 제주한림해상풍력 사업은 제주시 북서부 한림항 인근 해상에 조성된다  사업주는 한국전력  중부발전  현대건설  한국전력기술 등으로 구성된 제주한림해상풍력이다  설계 조달 시공 EPC 은 현대건설  한국전력기술  한국에너지종합기술 등이 공동으로 수행하고  두산중공업은 풍력발전기 제작 납품 및 유지보수 서비스를 공급한다  종합준공은  년  월 예정이다 두산중공업이 공급하는  MW 해상풍력발전기는 블레이드 길이만  m에 이르는 대형 제품이다  최대  m s의 강한 태풍에도 견딜 수 있도록 설계 됐으며  실제로 제주 김녕에 설치된 시제품은  년 최대 순간풍속  m s을 기록한 태풍 치바에도 정상 가동했다   MW 해상용 모델은  년 국제인증기관인 UL로부터 국제 형식인증을 받았다 두산중공업 EPC BG 박인원 부사장은  정부의 재생에너지   정책 발표 이후 진행된 첫 해상풍력단지이자 국내 최대 규모로 추진되는 제주한림해상풍력에 참여하게 되어 더욱 뜻 깊다 며  대한민국 해상풍력산업의 경쟁력을 입증하는 선례가 될 수 있도록 준공까지 최선을 다 하는 것은 물론 국내 풍력 산업 생태계 활성화에도 힘쓰겠다 고 말했다 두산중공업은 올해 초 창원 본사에 풍력  공장을 준공하고 인력을 확충하는 등 국내 해상풍력 수주 물량 증가에 대비하고 있다  두산중공업은 현재  MW급   MW급 해상풍력발전기 모델을 보유하고 있으며   MW급 모델은  년 상용화할 예정이다  사업 초기   수준이던 부품 국산화율을 최근   이상으로 끌어 올렸다  현재  여개 국내 풍력 주요 기업과 협력 중이다 김혜원 기자 kimhye asiae co kr  속 시원한 풀이   년 정통사주 운세 토정비결  내가 몰랐던 당신들의 이야기 [나돌] 네이버TV  투자 성공의 핵심은 기업분석   CORE  바로가기 경제를 보는 눈  세계를 보는 창 아시아경제 무단전재 배포금지 ,2021-06-07,27.49,1.0
464,464,두산중공업   국내 최대  제주 해상풍력단지 기자재 공급,2021.06.07 09:42, MW 규모 제주한림해상풍력 MW 모델  기 공급 제주탐라 해상풍력 발전단지 두산중공업 제공 [파이낸셜뉴스] 두산중공업이 국내 최대 규모 해상풍력단지에 대한 기자재 공급을 수주하며 해상풍력 분야의 경쟁력을 입증했다 두산중공업은 한국전력기술과  메가와트 MW 규모의 제주한림해상풍력 기자재 공급 계약을 체결했다고  일 밝혔다  두산중공업은 기술  가격을 종합평가한 경쟁입찰을 통해 지난  년 우선협상대상자로 선정된 바 있다  이번 계약 체결로 두산중공업은  MW급 해상풍력발전기  기를 공급할 예정이다  계약금액은 약  억원 규모이며  준공 이후 풍력발전기 장기유지보수 계약도 별도로 체결 예정이다 제주한림해상풍력 사업은 제주시 북서부 한림항 인근 해상에 조성되며 사업주는 한국전력  중부발전  현대건설  한국전력기술 등으로 구성된 제주한림해상풍력  이다  EPC는 현대건설  한국전력기술  한국에너지종합기술 등이 공동으로 수행하고  두산중공업은 풍력발전기 제작 납품 및 유지보수 서비스를 공급한다  종합준공은  년  월 예정이다 두산중공업이 공급하는  MW 해상풍력발전기는 블레이드 길이만  m에 이르는 대형 제품이다  최대  m s의 강한 태풍에도 견딜 수 있도록 설계 됐으며  실제로 제주 김녕에 설치된 시제품은 지난  년 최대 순간풍속  m s을 기록한 태풍 치바에도 정상 가동했다   MW 해상용 모델은  년 국제인증기관인 UL Underwriters Laboratory 로부터 국제 형식인증을 받았다 두산중공업 EPC BG 박인원 부사장은  정부의 재생에너지   정책 발표 이후 진행된 첫 해상풍력단지이자 국내 최대 규모로 추진되는 제주한림해상풍력에 참여하게 되어 더욱 뜻 깊다 며  대한민국 해상풍력산업의 경쟁력을 입증하는 선례가 될 수 있도록 준공까지 최선을 다 하는 것은 물론 국내 풍력 산업 생태계 활성화에도 힘쓰겠다 고 말했다 두산중공업은 올 초 창원 본사에 풍력  공장을 준공하고 인력도 확충하는 등 국내 해상풍력 수주물량 증가에 적극 대비하고 있다  두산중공업은 현재  MW급   MW급 해상풍력 발전기 모델을 보유하고 있으며   MW급 모델은  년 상용화 예정이다  사업 초기   수준이던 부품 국산화율을 최근   이상으로 빠르게 끌어 올렸다  국내 연관산업 육성 및 활성화를 위한 꾸준한 노력을 통해 현재 약  여개 국내 풍력 주요 기업들과 협력 중이다 mjk fnnews com 김미정 기자  날로먹고 구워먹는 금융이슈 [파인애플]  모 아 모아 [모아시스]  헉  소리나는 스 토리 뉴스 [헉스]  저작권자   파이낸셜뉴스  무단 전재 재배포 금지,2021-06-07,27.49,1.0
465,465,두산중공업   국내 최대  제주 해상풍력단지 기자재 공급,2021.06.07 09:42, MW 규모 제주한림해상풍력 MW 모델  기 공급 제주탐라 해상풍력 발전단지 두산중공업 제공 [파이낸셜뉴스] 두산중공업이 국내 최대 규모 해상풍력단지에 대한 기자재 공급을 수주하며 해상풍력 분야의 경쟁력을 입증했다 두산중공업은 한국전력기술과  메가와트 MW 규모의 제주한림해상풍력 기자재 공급 계약을 체결했다고  일 밝혔다  두산중공업은 기술  가격을 종합평가한 경쟁입찰을 통해 지난  년 우선협상대상자로 선정된 바 있다  이번 계약 체결로 두산중공업은  MW급 해상풍력발전기  기를 공급할 예정이다  계약금액은 약  억원 규모이며  준공 이후 풍력발전기 장기유지보수 계약도 별도로 체결 예정이다 제주한림해상풍력 사업은 제주시 북서부 한림항 인근 해상에 조성되며 사업주는 한국전력  중부발전  현대건설  한국전력기술 등으로 구성된 제주한림해상풍력  이다  EPC는 현대건설  한국전력기술  한국에너지종합기술 등이 공동으로 수행하고  두산중공업은 풍력발전기 제작 납품 및 유지보수 서비스를 공급한다  종합준공은  년  월 예정이다 두산중공업이 공급하는  MW 해상풍력발전기는 블레이드 길이만  m에 이르는 대형 제품이다  최대  m s의 강한 태풍에도 견딜 수 있도록 설계 됐으며  실제로 제주 김녕에 설치된 시제품은 지난  년 최대 순간풍속  m s을 기록한 태풍 치바에도 정상 가동했다   MW 해상용 모델은  년 국제인증기관인 UL Underwriters Laboratory 로부터 국제 형식인증을 받았다 두산중공업 EPC BG 박인원 부사장은  정부의 재생에너지   정책 발표 이후 진행된 첫 해상풍력단지이자 국내 최대 규모로 추진되는 제주한림해상풍력에 참여하게 되어 더욱 뜻 깊다 며  대한민국 해상풍력산업의 경쟁력을 입증하는 선례가 될 수 있도록 준공까지 최선을 다 하는 것은 물론 국내 풍력 산업 생태계 활성화에도 힘쓰겠다 고 말했다 두산중공업은 올 초 창원 본사에 풍력  공장을 준공하고 인력도 확충하는 등 국내 해상풍력 수주물량 증가에 적극 대비하고 있다  두산중공업은 현재  MW급   MW급 해상풍력 발전기 모델을 보유하고 있으며   MW급 모델은  년 상용화 예정이다  사업 초기   수준이던 부품 국산화율을 최근   이상으로 빠르게 끌어 올렸다  국내 연관산업 육성 및 활성화를 위한 꾸준한 노력을 통해 현재 약  여개 국내 풍력 주요 기업들과 협력 중이다 mjk fnnews com 김미정 기자  날로먹고 구워먹는 금융이슈 [파인애플]  모 아 모아 [모아시스]  헉  소리나는 스 토리 뉴스 [헉스]  저작권자   파이낸셜뉴스  무단 전재 재배포 금지,2021-06-07,27.49,1.0
466,466,두산중공업   국내 최대  제주 해상풍력단지 기자재 공급,2021.06.07 09:42, MW 규모 제주한림해상풍력 MW 모델  기 공급 제주탐라 해상풍력 발전단지 두산중공업 제공 [파이낸셜뉴스] 두산중공업이 국내 최대 규모 해상풍력단지에 대한 기자재 공급을 수주하며 해상풍력 분야의 경쟁력을 입증했다 두산중공업은 한국전력기술과  메가와트 MW 규모의 제주한림해상풍력 기자재 공급 계약을 체결했다고  일 밝혔다  두산중공업은 기술  가격을 종합평가한 경쟁입찰을 통해 지난  년 우선협상대상자로 선정된 바 있다  이번 계약 체결로 두산중공업은  MW급 해상풍력발전기  기를 공급할 예정이다  계약금액은 약  억원 규모이며  준공 이후 풍력발전기 장기유지보수 계약도 별도로 체결 예정이다 제주한림해상풍력 사업은 제주시 북서부 한림항 인근 해상에 조성되며 사업주는 한국전력  중부발전  현대건설  한국전력기술 등으로 구성된 제주한림해상풍력  이다  EPC는 현대건설  한국전력기술  한국에너지종합기술 등이 공동으로 수행하고  두산중공업은 풍력발전기 제작 납품 및 유지보수 서비스를 공급한다  종합준공은  년  월 예정이다 두산중공업이 공급하는  MW 해상풍력발전기는 블레이드 길이만  m에 이르는 대형 제품이다  최대  m s의 강한 태풍에도 견딜 수 있도록 설계 됐으며  실제로 제주 김녕에 설치된 시제품은 지난  년 최대 순간풍속  m s을 기록한 태풍 치바에도 정상 가동했다   MW 해상용 모델은  년 국제인증기관인 UL Underwriters Laboratory 로부터 국제 형식인증을 받았다 두산중공업 EPC BG 박인원 부사장은  정부의 재생에너지   정책 발표 이후 진행된 첫 해상풍력단지이자 국내 최대 규모로 추진되는 제주한림해상풍력에 참여하게 되어 더욱 뜻 깊다 며  대한민국 해상풍력산업의 경쟁력을 입증하는 선례가 될 수 있도록 준공까지 최선을 다 하는 것은 물론 국내 풍력 산업 생태계 활성화에도 힘쓰겠다 고 말했다 두산중공업은 올 초 창원 본사에 풍력  공장을 준공하고 인력도 확충하는 등 국내 해상풍력 수주물량 증가에 적극 대비하고 있다  두산중공업은 현재  MW급   MW급 해상풍력 발전기 모델을 보유하고 있으며   MW급 모델은  년 상용화 예정이다  사업 초기   수준이던 부품 국산화율을 최근   이상으로 빠르게 끌어 올렸다  국내 연관산업 육성 및 활성화를 위한 꾸준한 노력을 통해 현재 약  여개 국내 풍력 주요 기업들과 협력 중이다 mjk fnnews com 김미정 기자  날로먹고 구워먹는 금융이슈 [파인애플]  모 아 모아 [모아시스]  헉  소리나는 스 토리 뉴스 [헉스]  저작권자   파이낸셜뉴스  무단 전재 재배포 금지,2021-06-07,27.49,1.0
467,467,두산중공업  원전 회복 기대감에  주 신고가,2021.06.07 09:45,두산중공업 이  일 오전  주 신고가를 경신했다  두산중공업은 한미정상회담에서 양국이 원전 사업에서 협력하기로 한 뒤 주가가 가파르게 오르고 있다 이날 오전  시  분 기준 두산중공업은 전 거래일 대비   오른  만 원에 거래됐다  장 중  만 원까지 거래돼  주 신고가를 경신했다 앞서 두산중공업은 한미 정상회담 후 최근  거래일 연속 주가 상승이 이어지고 있다  또 두산중공업이 국내 최대 규모 해상풍력단지에 대한 기자재 공급을 수주했다는 소식도 영향을 준 것으로 보인다  두산중공업은 이날 한국전력기술과  MW 규모의 제주한림해상풍력 기자재 공급 계약을 체결했다고 밝혔다 [이다비 기자 dabee chosunbiz com] 네이버에서  명품 경제뉴스  조선비즈를 구독하세요 연말정산  내년부터 모바일로 신청하세요 한 홀당  억   년만에 두배 뛴 골프장 몸값 저작권자   조선비즈  무단 전재 및 재배포 금지,2021-06-07,27.49,1.0
468,468,두산중공업  원전 회복 기대감에  주 신고가,2021.06.07 09:45,두산중공업 이  일 오전  주 신고가를 경신했다  두산중공업은 한미정상회담에서 양국이 원전 사업에서 협력하기로 한 뒤 주가가 가파르게 오르고 있다 이날 오전  시  분 기준 두산중공업은 전 거래일 대비   오른  만 원에 거래됐다  장 중  만 원까지 거래돼  주 신고가를 경신했다 앞서 두산중공업은 한미 정상회담 후 최근  거래일 연속 주가 상승이 이어지고 있다  또 두산중공업이 국내 최대 규모 해상풍력단지에 대한 기자재 공급을 수주했다는 소식도 영향을 준 것으로 보인다  두산중공업은 이날 한국전력기술과  MW 규모의 제주한림해상풍력 기자재 공급 계약을 체결했다고 밝혔다 [이다비 기자 dabee chosunbiz com] 네이버에서  명품 경제뉴스  조선비즈를 구독하세요 연말정산  내년부터 모바일로 신청하세요 한 홀당  억   년만에 두배 뛴 골프장 몸값 저작권자   조선비즈  무단 전재 및 재배포 금지,2021-06-07,27.49,1.0
469,469,[특징주]두산중공업  원전수혜 풍력발전기 공급 소식에  대 강세 주 신고가,2021.06.07 09:49,[이미지출처 연합뉴스] [아시아경제 박지환 기자] 두산중공업 주가가 강세다 일 오전  시 분 기준 두산중공업은 전 거래일 대비  원  오른  만 원에 거래 중이다  장중  만 원까지 오르며  주 신고가를 경신했다 두산중공업 주가는 한미 정상회담에서 양국이 원전 사업에서 협력하기로 한 뒤 수혜주로 꼽히며 급등했다  지난달에만   상승했고  이달 들어서도  거래일 연속 상승세를 기록 중이다 신재생에너지 사업도 활발하다  이날 두산중공업은 한국전력기술과  MW 규모의 제주한림해상풍력에  MW급 해상풍력발전기  기를 공급하는 계약을 체결했다고 밝혔다   년 두산중공업은 기술 가격을 종합 평가한 경쟁입찰에서 우선협상대상자로 선정됐다  계약금액은  억원 규모이며 준공 이후 풍력발전기 장기유지보수계약을 별도로 체결하는 계약 조건이다 박지환 기자 pjhyj asiae co kr  속 시원한 풀이   년 정통사주 운세 토정비결  내가 몰랐던 당신들의 이야기 [나돌] 네이버TV  투자 성공의 핵심은 기업분석   CORE  바로가기 경제를 보는 눈  세계를 보는 창 아시아경제 무단전재 배포금지 ,2021-06-07,27.49,1.0
470,470,두산중공업 국내 최대 해상풍력단지 발전기  억원 공급,2021.06.07 09:49,[머니투데이 장덕진 기자] 제주탐라 해상풍력 발전단지  MW규모 사진제공 두산중공업 두산중공업이 국내 최대 규모 해상풍력단지에 기자재를 공급한다  국내 해상풍력 최대 공급 실적을 보유한 두산중공업은 친환경 시대를 맞아 해상풍력 발전 사업에 박차를 가하고 있다 두산중공업은 한국전력기술과  MW 규모의 제주한림해상풍력 기자재 공급 계약을 체결했다고  일 밝혔다  이번 계약 체결로 두산중공업은  MW급 해상풍력발전기  기를 공급한다  계약금액은 약  억원이며 준공 이후 풍력발전기 장기유지보수 계약도 별도로 체결 예정이다 제주한림해상풍력 사업은 제주시 북서부 한림항 인근 해상에 조성된다  사업주는 한국전력  중부발전  현대건설  한국전력기술 등으로 구성된 제주한림해상풍력  이다  대건설  한국전력기술  한국에너지종합기술 등이 공동으로 EPC 설계 조달 시공 를수행한다  두산중공업은 풍력발전기 제작 납품 및 유지보수 서비스를 공급한다  종합준공은  년  월 예정이다 두산중공업이 공급하는  MW 해상풍력발전기는 블레이드 길이가  m에 이르는 대형 제품이다  최대  m s의 강한 태풍을 견딜 수 있도록 설계 됐으며 제주 김녕에 설치된 시제품은 지난  년 최대 순간풍속  m s을 기록한 태풍 치바에도 정상 가동했다   MW 해상용 모델은  년 국제인증기관인 UL로부터 국제 형식인증을 받았다 두산중공업은 올 초 창원 본사에 풍력  공장을 준공하고 인력도 확충하는 등 국내 해상풍력 수주물량 증가에 적극 대비하고 있다  두산중공업은 현재  MW급   MW급 해상풍력 발전기 모델을 보유하고 있으며  MW급 모델은  년 상용화 예정이다  사업 초기   수준이던 부품 국산화율을 최근   이상으로 빠르게 끌어 올렸다  국내 연관산업 육성 및 활성화를 위한 꾸준한 노력을 통해 현재 약  여개 국내 풍력 주요 기업들과 협력 중이다 박인원 두산중공업 EPC BG 부사장은  정부의 재생에너지   정책 발표 이후 진행된 첫 해상풍력단지이자 국내 최대 규모로 추진되는 제주한림해상풍력에 참여하게 되어 더욱 뜻 깊다 며  대한민국 해상풍력산업의 경쟁력을 입증하는 선례가 될 수 있도록 준공까지 최선을 다 하는 것은 물론 국내 풍력 산업 생태계 활성화에도 힘쓰겠다 고 말했다 장덕진 기자 jdj mt co kr 부동산 투자는 [부릿지] 주식 투자는 [부꾸미TALK] 부자되는 뉴스  머니투데이 구독하기 저작권자    돈이 보이는 리얼타임 뉴스  머니투데이  무단전재 및 재배포 금지 ,2021-06-07,27.49,1.0
471,471,두산중공업 국내 최대 해상풍력단지 발전기  억원 공급,2021.06.07 09:49,[머니투데이 장덕진 기자] 제주탐라 해상풍력 발전단지  MW규모 사진제공 두산중공업 두산중공업이 국내 최대 규모 해상풍력단지에 기자재를 공급한다  국내 해상풍력 최대 공급 실적을 보유한 두산중공업은 친환경 시대를 맞아 해상풍력 발전 사업에 박차를 가하고 있다 두산중공업은 한국전력기술과  MW 규모의 제주한림해상풍력 기자재 공급 계약을 체결했다고  일 밝혔다  이번 계약 체결로 두산중공업은  MW급 해상풍력발전기  기를 공급한다  계약금액은 약  억원이며 준공 이후 풍력발전기 장기유지보수 계약도 별도로 체결 예정이다 제주한림해상풍력 사업은 제주시 북서부 한림항 인근 해상에 조성된다  사업주는 한국전력  중부발전  현대건설  한국전력기술 등으로 구성된 제주한림해상풍력  이다  대건설  한국전력기술  한국에너지종합기술 등이 공동으로 EPC 설계 조달 시공 를수행한다  두산중공업은 풍력발전기 제작 납품 및 유지보수 서비스를 공급한다  종합준공은  년  월 예정이다 두산중공업이 공급하는  MW 해상풍력발전기는 블레이드 길이가  m에 이르는 대형 제품이다  최대  m s의 강한 태풍을 견딜 수 있도록 설계 됐으며 제주 김녕에 설치된 시제품은 지난  년 최대 순간풍속  m s을 기록한 태풍 치바에도 정상 가동했다   MW 해상용 모델은  년 국제인증기관인 UL로부터 국제 형식인증을 받았다 두산중공업은 올 초 창원 본사에 풍력  공장을 준공하고 인력도 확충하는 등 국내 해상풍력 수주물량 증가에 적극 대비하고 있다  두산중공업은 현재  MW급   MW급 해상풍력 발전기 모델을 보유하고 있으며  MW급 모델은  년 상용화 예정이다  사업 초기   수준이던 부품 국산화율을 최근   이상으로 빠르게 끌어 올렸다  국내 연관산업 육성 및 활성화를 위한 꾸준한 노력을 통해 현재 약  여개 국내 풍력 주요 기업들과 협력 중이다 박인원 두산중공업 EPC BG 부사장은  정부의 재생에너지   정책 발표 이후 진행된 첫 해상풍력단지이자 국내 최대 규모로 추진되는 제주한림해상풍력에 참여하게 되어 더욱 뜻 깊다 며  대한민국 해상풍력산업의 경쟁력을 입증하는 선례가 될 수 있도록 준공까지 최선을 다 하는 것은 물론 국내 풍력 산업 생태계 활성화에도 힘쓰겠다 고 말했다 장덕진 기자 jdj mt co kr 부동산 투자는 [부릿지] 주식 투자는 [부꾸미TALK] 부자되는 뉴스  머니투데이 구독하기 저작권자    돈이 보이는 리얼타임 뉴스  머니투데이  무단전재 및 재배포 금지 ,2021-06-07,27.49,1.0
472,472,두산중공업 국내 최대 해상풍력단지 발전기  억원 공급,2021.06.07 09:49,[머니투데이 장덕진 기자] 제주탐라 해상풍력 발전단지  MW규모 사진제공 두산중공업 두산중공업이 국내 최대 규모 해상풍력단지에 기자재를 공급한다  국내 해상풍력 최대 공급 실적을 보유한 두산중공업은 친환경 시대를 맞아 해상풍력 발전 사업에 박차를 가하고 있다 두산중공업은 한국전력기술과  MW 규모의 제주한림해상풍력 기자재 공급 계약을 체결했다고  일 밝혔다  이번 계약 체결로 두산중공업은  MW급 해상풍력발전기  기를 공급한다  계약금액은 약  억원이며 준공 이후 풍력발전기 장기유지보수 계약도 별도로 체결 예정이다 제주한림해상풍력 사업은 제주시 북서부 한림항 인근 해상에 조성된다  사업주는 한국전력  중부발전  현대건설  한국전력기술 등으로 구성된 제주한림해상풍력  이다  대건설  한국전력기술  한국에너지종합기술 등이 공동으로 EPC 설계 조달 시공 를수행한다  두산중공업은 풍력발전기 제작 납품 및 유지보수 서비스를 공급한다  종합준공은  년  월 예정이다 두산중공업이 공급하는  MW 해상풍력발전기는 블레이드 길이가  m에 이르는 대형 제품이다  최대  m s의 강한 태풍을 견딜 수 있도록 설계 됐으며 제주 김녕에 설치된 시제품은 지난  년 최대 순간풍속  m s을 기록한 태풍 치바에도 정상 가동했다   MW 해상용 모델은  년 국제인증기관인 UL로부터 국제 형식인증을 받았다 두산중공업은 올 초 창원 본사에 풍력  공장을 준공하고 인력도 확충하는 등 국내 해상풍력 수주물량 증가에 적극 대비하고 있다  두산중공업은 현재  MW급   MW급 해상풍력 발전기 모델을 보유하고 있으며  MW급 모델은  년 상용화 예정이다  사업 초기   수준이던 부품 국산화율을 최근   이상으로 빠르게 끌어 올렸다  국내 연관산업 육성 및 활성화를 위한 꾸준한 노력을 통해 현재 약  여개 국내 풍력 주요 기업들과 협력 중이다 박인원 두산중공업 EPC BG 부사장은  정부의 재생에너지   정책 발표 이후 진행된 첫 해상풍력단지이자 국내 최대 규모로 추진되는 제주한림해상풍력에 참여하게 되어 더욱 뜻 깊다 며  대한민국 해상풍력산업의 경쟁력을 입증하는 선례가 될 수 있도록 준공까지 최선을 다 하는 것은 물론 국내 풍력 산업 생태계 활성화에도 힘쓰겠다 고 말했다 장덕진 기자 jdj mt co kr 부동산 투자는 [부릿지] 주식 투자는 [부꾸미TALK] 부자되는 뉴스  머니투데이 구독하기 저작권자    돈이 보이는 리얼타임 뉴스  머니투데이  무단전재 및 재배포 금지 ,2021-06-07,27.49,1.0
473,473,[특징주]두산중공업  원전수혜 풍력발전기 공급 소식에  대 강세 주 신고가,2021.06.07 09:49,[이미지출처 연합뉴스] [아시아경제 박지환 기자] 두산중공업 주가가 강세다 일 오전  시 분 기준 두산중공업은 전 거래일 대비  원  오른  만 원에 거래 중이다  장중  만 원까지 오르며  주 신고가를 경신했다 두산중공업 주가는 한미 정상회담에서 양국이 원전 사업에서 협력하기로 한 뒤 수혜주로 꼽히며 급등했다  지난달에만   상승했고  이달 들어서도  거래일 연속 상승세를 기록 중이다 신재생에너지 사업도 활발하다  이날 두산중공업은 한국전력기술과  MW 규모의 제주한림해상풍력에  MW급 해상풍력발전기  기를 공급하는 계약을 체결했다고 밝혔다   년 두산중공업은 기술 가격을 종합 평가한 경쟁입찰에서 우선협상대상자로 선정됐다  계약금액은  억원 규모이며 준공 이후 풍력발전기 장기유지보수계약을 별도로 체결하는 계약 조건이다 박지환 기자 pjhyj asiae co kr  속 시원한 풀이   년 정통사주 운세 토정비결  내가 몰랐던 당신들의 이야기 [나돌] 네이버TV  투자 성공의 핵심은 기업분석   CORE  바로가기 경제를 보는 눈  세계를 보는 창 아시아경제 무단전재 배포금지 ,2021-06-07,27.49,1.0
474,474,두산중공업  제주 한림 해상 풍력 단지에 발전기 공급,2021.06.07 09:50, MW 규모의 국내 최대 해상 풍력 단지 MW 모델  기 공급 사진  제주 탐라 해상 풍력 발전 단지   두산중공업 제공 두산중공업이 국내 최대 규모의 해상 풍력 단지에 발전기를 공급한다 두산중공업은 한국전력기술과  MW 규모의 제주 한림 해상 풍력 단지에 발전기 등 기자재를 공급하는 계약을 체결했다고  일 발표했다 두산중공업은 한국전력기술에  MW급 해상 풍력 발전기  기를 공급할 예정이다  계약 금액은 약  억원이다  두산중공업은  년  월 제주 한림 해상 풍력 단지 준공 이후 발전기를 장기 유지 보수하는 계약을 한국전력기술과 별도로 체결할 예정이다 제주 한림 해상 풍력 사업은 제주 북서부 한림항 인근 해상에 대규모 해상 풍력 단지를 조성하는 프로젝트다  사업주는 한국전력  중부발전  현대건설  한국전력기술 등으로 구성한  제주한림해상풍력 이다  설계 조달 시공 EPC 은 현대건설  한국전력기술  한국에너지종합기술 등이 공동으로 수행한다  두산중공업은 풍력 발전기 제작 납품과 유지 보수 서비스를 제공한다 두산중공업이 공급하는  MW급 해상 풍력 발전기는 블레이드 길이만  m에 달하는 대형 제품이다  최대  m s의 강한 태풍에도 견딜 수 있도록 설계됐다   년 국제 인증기관인 UL로부터 국제 형식 인증을 받았다 박인원 두산중공업 EPC BG 부사장은  정부의  재생에너지   정책 발표 이후 진행된 첫 해상 풍력 단지이자 국내 최대 규모로 추진되는 제주 한림 해상 풍력 프로젝트에 참여하게 돼 뜻 깊다 며  한국 해상 풍력 산업의 경쟁력을 입증하는 선례가 될 수 있도록 준공까지 최선을 다하는 것은 물론 국내 풍력 산업 생태계의 활성화에도 힘쓸 것 이라고 말했다 두산중공업은 올 초 창원 본사에 풍력  공장을 준공하고 인력을 확충하는 등 국내 해상 풍력 수주 물량 증가에 대비하고 있다  두산중공업은 현재  MW급   MW급 해상 풍력 발전기 모델을 보유하고 있다   MW급 모델은 내년 상용화 예정이다 두산중공업은 사업 초기   수준이던 부품 국산화율을 최근   이상으로 끌어 올렸다  관련해 약  여 개 국내 기업들과 협력하고 있다 최은석 기자 choies hankyung com 최은석 기자의 다른 기사가 궁금하다면 본 문단을 클릭한 후 기자 페이지에서  구독 을 눌러 주세요  증권  제약 바이오  철강  조선 업종 등에서 나오는 재테크 정보를 실시간으로 받아볼 수 있습니다  한경비즈니스를 네이버에서 구독해보세요  한경비즈니스 오프라인 잡지 정기구독 대학생   할인 혜택을 받으세요  김앤장과 함께 돈 버는 세금 공부  궁금한 상속 증여 를 만나보세요  한경비즈니스  무단전재 및 재배포 금지,2021-06-07,27.49,1.0
475,475,두산중공업  제주 한림 해상 풍력 단지에 발전기 공급,2021.06.07 09:50, MW 규모의 국내 최대 해상 풍력 단지 MW 모델  기 공급 사진  제주 탐라 해상 풍력 발전 단지   두산중공업 제공 두산중공업이 국내 최대 규모의 해상 풍력 단지에 발전기를 공급한다 두산중공업은 한국전력기술과  MW 규모의 제주 한림 해상 풍력 단지에 발전기 등 기자재를 공급하는 계약을 체결했다고  일 발표했다 두산중공업은 한국전력기술에  MW급 해상 풍력 발전기  기를 공급할 예정이다  계약 금액은 약  억원이다  두산중공업은  년  월 제주 한림 해상 풍력 단지 준공 이후 발전기를 장기 유지 보수하는 계약을 한국전력기술과 별도로 체결할 예정이다 제주 한림 해상 풍력 사업은 제주 북서부 한림항 인근 해상에 대규모 해상 풍력 단지를 조성하는 프로젝트다  사업주는 한국전력  중부발전  현대건설  한국전력기술 등으로 구성한  제주한림해상풍력 이다  설계 조달 시공 EPC 은 현대건설  한국전력기술  한국에너지종합기술 등이 공동으로 수행한다  두산중공업은 풍력 발전기 제작 납품과 유지 보수 서비스를 제공한다 두산중공업이 공급하는  MW급 해상 풍력 발전기는 블레이드 길이만  m에 달하는 대형 제품이다  최대  m s의 강한 태풍에도 견딜 수 있도록 설계됐다   년 국제 인증기관인 UL로부터 국제 형식 인증을 받았다 박인원 두산중공업 EPC BG 부사장은  정부의  재생에너지   정책 발표 이후 진행된 첫 해상 풍력 단지이자 국내 최대 규모로 추진되는 제주 한림 해상 풍력 프로젝트에 참여하게 돼 뜻 깊다 며  한국 해상 풍력 산업의 경쟁력을 입증하는 선례가 될 수 있도록 준공까지 최선을 다하는 것은 물론 국내 풍력 산업 생태계의 활성화에도 힘쓸 것 이라고 말했다 두산중공업은 올 초 창원 본사에 풍력  공장을 준공하고 인력을 확충하는 등 국내 해상 풍력 수주 물량 증가에 대비하고 있다  두산중공업은 현재  MW급   MW급 해상 풍력 발전기 모델을 보유하고 있다   MW급 모델은 내년 상용화 예정이다 두산중공업은 사업 초기   수준이던 부품 국산화율을 최근   이상으로 끌어 올렸다  관련해 약  여 개 국내 기업들과 협력하고 있다 최은석 기자 choies hankyung com 최은석 기자의 다른 기사가 궁금하다면 본 문단을 클릭한 후 기자 페이지에서  구독 을 눌러 주세요  증권  제약 바이오  철강  조선 업종 등에서 나오는 재테크 정보를 실시간으로 받아볼 수 있습니다  한경비즈니스를 네이버에서 구독해보세요  한경비즈니스 오프라인 잡지 정기구독 대학생   할인 혜택을 받으세요  김앤장과 함께 돈 버는 세금 공부  궁금한 상속 증여 를 만나보세요  한경비즈니스  무단전재 및 재배포 금지,2021-06-07,27.49,1.0
476,476,두산중공업  제주 한림 해상 풍력 단지에 발전기 공급,2021.06.07 09:50, MW 규모의 국내 최대 해상 풍력 단지 MW 모델  기 공급 사진  제주 탐라 해상 풍력 발전 단지   두산중공업 제공 두산중공업이 국내 최대 규모의 해상 풍력 단지에 발전기를 공급한다 두산중공업은 한국전력기술과  MW 규모의 제주 한림 해상 풍력 단지에 발전기 등 기자재를 공급하는 계약을 체결했다고  일 발표했다 두산중공업은 한국전력기술에  MW급 해상 풍력 발전기  기를 공급할 예정이다  계약 금액은 약  억원이다  두산중공업은  년  월 제주 한림 해상 풍력 단지 준공 이후 발전기를 장기 유지 보수하는 계약을 한국전력기술과 별도로 체결할 예정이다 제주 한림 해상 풍력 사업은 제주 북서부 한림항 인근 해상에 대규모 해상 풍력 단지를 조성하는 프로젝트다  사업주는 한국전력  중부발전  현대건설  한국전력기술 등으로 구성한  제주한림해상풍력 이다  설계 조달 시공 EPC 은 현대건설  한국전력기술  한국에너지종합기술 등이 공동으로 수행한다  두산중공업은 풍력 발전기 제작 납품과 유지 보수 서비스를 제공한다 두산중공업이 공급하는  MW급 해상 풍력 발전기는 블레이드 길이만  m에 달하는 대형 제품이다  최대  m s의 강한 태풍에도 견딜 수 있도록 설계됐다   년 국제 인증기관인 UL로부터 국제 형식 인증을 받았다 박인원 두산중공업 EPC BG 부사장은  정부의  재생에너지   정책 발표 이후 진행된 첫 해상 풍력 단지이자 국내 최대 규모로 추진되는 제주 한림 해상 풍력 프로젝트에 참여하게 돼 뜻 깊다 며  한국 해상 풍력 산업의 경쟁력을 입증하는 선례가 될 수 있도록 준공까지 최선을 다하는 것은 물론 국내 풍력 산업 생태계의 활성화에도 힘쓸 것 이라고 말했다 두산중공업은 올 초 창원 본사에 풍력  공장을 준공하고 인력을 확충하는 등 국내 해상 풍력 수주 물량 증가에 대비하고 있다  두산중공업은 현재  MW급   MW급 해상 풍력 발전기 모델을 보유하고 있다   MW급 모델은 내년 상용화 예정이다 두산중공업은 사업 초기   수준이던 부품 국산화율을 최근   이상으로 끌어 올렸다  관련해 약  여 개 국내 기업들과 협력하고 있다 최은석 기자 choies hankyung com 최은석 기자의 다른 기사가 궁금하다면 본 문단을 클릭한 후 기자 페이지에서  구독 을 눌러 주세요  증권  제약 바이오  철강  조선 업종 등에서 나오는 재테크 정보를 실시간으로 받아볼 수 있습니다  한경비즈니스를 네이버에서 구독해보세요  한경비즈니스 오프라인 잡지 정기구독 대학생   할인 혜택을 받으세요  김앤장과 함께 돈 버는 세금 공부  궁금한 상속 증여 를 만나보세요  한경비즈니스  무단전재 및 재배포 금지,2021-06-07,27.49,1.0
477,477,[특징주] 이디티  두산중공업에 원전 터빈제어시스템 공급 부각 강세,2021.06.07 09:58,[아시아경제 이민우 기자] 이디티주가가 강세다  세계적인 탈 탄소 움직임에 원자력 발전이 주목받는 가운데 두산중공업에 원자력 발전소 터빈을 제어하는 시스템을 공급하고 있다는 소식이 부각된 것으로 보인다 일 오전  시 분 기준 이디티 주가는 전날보다   오른  원을 기록했다  두산중공업에 원전 터빈의 회전속도  부하  펌프 제어 등을 담당하는 터빈제어시스템 TCS 용 제어보드를 공급하고 있다는 소식이 부각된 것으로 보인다 이외에도 우리기술  비에이치아이등 원전 관련주들이 상승세를 보이고 있다  전 세계가 친환경 에너지 시장 선점 경쟁에 나선 가운데 소형모듈원전 SMR 이 온실가스 감축 목표 상향 등 국제사회의  탈 탄소  공조 강화 대응 수단으로 떠오르며 원전이 다시 한 번 주목 받고 있기 때문으로 보인다 이민우 기자 letzwin asiae co kr  속 시원한 풀이   년 정통사주 운세 토정비결  내가 몰랐던 당신들의 이야기 [나돌] 네이버TV  투자 성공의 핵심은 기업분석   CORE  바로가기 경제를 보는 눈  세계를 보는 창 아시아경제 무단전재 배포금지 ,2021-06-07,27.49,1.0
478,478,[특징주] 이디티  두산중공업에 원전 터빈제어시스템 공급 부각 강세,2021.06.07 09:58,[아시아경제 이민우 기자] 이디티주가가 강세다  세계적인 탈 탄소 움직임에 원자력 발전이 주목받는 가운데 두산중공업에 원자력 발전소 터빈을 제어하는 시스템을 공급하고 있다는 소식이 부각된 것으로 보인다 일 오전  시 분 기준 이디티 주가는 전날보다   오른  원을 기록했다  두산중공업에 원전 터빈의 회전속도  부하  펌프 제어 등을 담당하는 터빈제어시스템 TCS 용 제어보드를 공급하고 있다는 소식이 부각된 것으로 보인다 이외에도 우리기술  비에이치아이등 원전 관련주들이 상승세를 보이고 있다  전 세계가 친환경 에너지 시장 선점 경쟁에 나선 가운데 소형모듈원전 SMR 이 온실가스 감축 목표 상향 등 국제사회의  탈 탄소  공조 강화 대응 수단으로 떠오르며 원전이 다시 한 번 주목 받고 있기 때문으로 보인다 이민우 기자 letzwin asiae co kr  속 시원한 풀이   년 정통사주 운세 토정비결  내가 몰랐던 당신들의 이야기 [나돌] 네이버TV  투자 성공의 핵심은 기업분석   CORE  바로가기 경제를 보는 눈  세계를 보는 창 아시아경제 무단전재 배포금지 ,2021-06-07,27.49,1.0
479,479,[증시 이슈] 두산중공업 강세 언제까지 장 초반   급등하며  훨훨 ,2021.06.07 10:58,두산중공업 해상풍력발전기 [사진 두산중공업] 두산중공업 주가가 연일 상승세를 이어가고 있다  최근 들어 매일   내외로 급등하며 질주하고 있는 분위기다  시장에선 두산중공업 주가가 언제까지 상승 흐름을 보일지 관심이 쏠리고 있다 두산중공업 주가는  일 오전  시  분 기준으로 전일보다   증가한  만 원에 거래 중이다  문재인 대통령과 조 바이든 미국 대통령이 지난  일 현지시간  열린 한미 정상회담에서  원전 사업 공동 참여를 포함해 해외 원전 시장에서 협력을 강화한다 고 언급한 이후 연일 상승세다 두산중공업이 이날 국내 최대 규모의 해상풍력단지인 제주한림해상풍력에 기자재를 공급하는 계약을 체결했다고 밝힌 것도 주가 흐름에 긍정 영향을 미친 것으로 보인다  두산중공업은 이 해상풍력단지에  메가와트 급 해상풍력발전기  기를 공급하는데  계약 금액은  억원 수준이다 두산중공업 주가는 이달 들어 상승 랠리가 꾸준히 이어지고 있다  지난  일에는 전일보다   증가한  만 원에 거래를 마쳤으며   일 종가는  만 원  증가   일 종가는  만 원  증가  등을 기록했다 이창훈 기자 lee changhun joongang co kr 이코노미스트 https economist co kr   내일을 위한 경제뉴스 이코노미스트  무단 전재 및 재배포 금지,2021-06-07,27.49,1.0
480,480,[증시 이슈] 두산중공업 강세 언제까지 장 초반   급등하며  훨훨 ,2021.06.07 10:58,두산중공업 해상풍력발전기 [사진 두산중공업] 두산중공업 주가가 연일 상승세를 이어가고 있다  최근 들어 매일   내외로 급등하며 질주하고 있는 분위기다  시장에선 두산중공업 주가가 언제까지 상승 흐름을 보일지 관심이 쏠리고 있다 두산중공업 주가는  일 오전  시  분 기준으로 전일보다   증가한  만 원에 거래 중이다  문재인 대통령과 조 바이든 미국 대통령이 지난  일 현지시간  열린 한미 정상회담에서  원전 사업 공동 참여를 포함해 해외 원전 시장에서 협력을 강화한다 고 언급한 이후 연일 상승세다 두산중공업이 이날 국내 최대 규모의 해상풍력단지인 제주한림해상풍력에 기자재를 공급하는 계약을 체결했다고 밝힌 것도 주가 흐름에 긍정 영향을 미친 것으로 보인다  두산중공업은 이 해상풍력단지에  메가와트 급 해상풍력발전기  기를 공급하는데  계약 금액은  억원 수준이다 두산중공업 주가는 이달 들어 상승 랠리가 꾸준히 이어지고 있다  지난  일에는 전일보다   증가한  만 원에 거래를 마쳤으며   일 종가는  만 원  증가   일 종가는  만 원  증가  등을 기록했다 이창훈 기자 lee changhun joongang co kr 이코노미스트 https economist co kr   내일을 위한 경제뉴스 이코노미스트  무단 전재 및 재배포 금지,2021-06-07,27.49,1.0
481,481,[증시 이슈] 두산중공업 강세 언제까지 장 초반   급등하며  훨훨 ,2021.06.07 10:58,두산중공업 해상풍력발전기 [사진 두산중공업] 두산중공업 주가가 연일 상승세를 이어가고 있다  최근 들어 매일   내외로 급등하며 질주하고 있는 분위기다  시장에선 두산중공업 주가가 언제까지 상승 흐름을 보일지 관심이 쏠리고 있다 두산중공업 주가는  일 오전  시  분 기준으로 전일보다   증가한  만 원에 거래 중이다  문재인 대통령과 조 바이든 미국 대통령이 지난  일 현지시간  열린 한미 정상회담에서  원전 사업 공동 참여를 포함해 해외 원전 시장에서 협력을 강화한다 고 언급한 이후 연일 상승세다 두산중공업이 이날 국내 최대 규모의 해상풍력단지인 제주한림해상풍력에 기자재를 공급하는 계약을 체결했다고 밝힌 것도 주가 흐름에 긍정 영향을 미친 것으로 보인다  두산중공업은 이 해상풍력단지에  메가와트 급 해상풍력발전기  기를 공급하는데  계약 금액은  억원 수준이다 두산중공업 주가는 이달 들어 상승 랠리가 꾸준히 이어지고 있다  지난  일에는 전일보다   증가한  만 원에 거래를 마쳤으며   일 종가는  만 원  증가   일 종가는  만 원  증가  등을 기록했다 이창훈 기자 lee changhun joongang co kr 이코노미스트 https economist co kr   내일을 위한 경제뉴스 이코노미스트  무단 전재 및 재배포 금지,2021-06-07,27.49,1.0
482,482,두산중공업  국내 최대 해상풍력단지 발전기  억 원 공급,2021.06.07 15:12, MW 규모 제주한림해상풍력 MW 모델  기 공급 올 초 창원 본사 풍력  공장 준공  인력확충 등 풍력사업 확대 잰걸음 MW 규모의 서남권 해상풍력 실증단지 전경 사진 제공 두산중공업 MW 규모의 제주탐라 해상풍력 발전단지 전경 사진 제공 두산중공업 [서울경제] 두산중공업 이 국내 최대 규모 해상풍력단지인 제주한림해상풍력에 기자재를 공급한다  두산중공업은 풍력 기자재 국산화율   달성 등 해상풍력산업 경쟁력을 높이겠다는 방침이다 두산중공업은 한국전력기술과  MW 규모의 제주한림해상풍력 기자재 공급 계약을 체결했다고  일 밝혔다  두산중공업은  MW급 해상풍력발전기  기를 공급한다  계약 금액은 약  억 원에 달한다  준공 이후 풍력발전기 장기유지보수 계약도 별도로 체결 예정이다 제주한림해상풍력 사업은 제주시 북서부 한림항 인근 해상에 조성된다  사업주는 한국전력  중부발전  현대건설  한국전력기술 등으로 구성된 제주한림해상풍력  이다  두산중공업은 풍력발전기 제작 납품 및 유지보수 서비스를 공급한다  종합준공은  년  월 예정이다  두산중공업이 공급하는  MW 해상풍력발전기는 블레이드 길이가  m에 이르는 대형 제품이다  최대 초속  m의 강한 태풍을 견딜 수 있다  제주 김녕에 설치된 시제품은 지난  년 최대 순간 풍속  초속  m를 기록한 태풍 치바에도 정상 가동했다 두산중공업은 올 초 창원 본사에 풍력  공장을 준공하고 인력도 확충하는 등 국내 해상풍력 수주물량 증가에 적극 대비하고 있다  두산중공업은  MW급   MW급 해상풍력 발전기 모델을 보유 중이며  MW급 모델은 내년 상용화 할 예정이다  사업 초기   수준이던 부품 국산화율을 최근   이상으로 높아졌다  국내 연관산업 육성 및 활성화를 위한 꾸준한 노력을 통해 현재 약  여개 국내 풍력 주요 기업들과 협력 중이다 박인원 두산중공업 EPC BG 부사장은  정부의 재생에너지   정책 발표 이후 진행된 첫 해상풍력단지이자 국내 최대 규모로 추진되는 제주한림해상풍력에 참여하게 돼 더욱 뜻 깊다 고 말했다 서종갑 기자 gap sedaily com  [지구용] 투명해진 맥주병  그런데 말입니다  서울경제 더 폴리틱스 뉴스를 만나보세요  미슐랭 가이드처럼 알찬 부동산 뉴스  집슐랭 저작권자   서울경제  무단 전재 및 재배포 금지,2021-06-08,-20.78,-1.0
483,483,두산중공업  국내 최대 해상풍력단지 발전기  억 원 공급,2021.06.07 15:12, MW 규모 제주한림해상풍력 MW 모델  기 공급 올 초 창원 본사 풍력  공장 준공  인력확충 등 풍력사업 확대 잰걸음 MW 규모의 서남권 해상풍력 실증단지 전경 사진 제공 두산중공업 MW 규모의 제주탐라 해상풍력 발전단지 전경 사진 제공 두산중공업 [서울경제] 두산중공업 이 국내 최대 규모 해상풍력단지인 제주한림해상풍력에 기자재를 공급한다  두산중공업은 풍력 기자재 국산화율   달성 등 해상풍력산업 경쟁력을 높이겠다는 방침이다 두산중공업은 한국전력기술과  MW 규모의 제주한림해상풍력 기자재 공급 계약을 체결했다고  일 밝혔다  두산중공업은  MW급 해상풍력발전기  기를 공급한다  계약 금액은 약  억 원에 달한다  준공 이후 풍력발전기 장기유지보수 계약도 별도로 체결 예정이다 제주한림해상풍력 사업은 제주시 북서부 한림항 인근 해상에 조성된다  사업주는 한국전력  중부발전  현대건설  한국전력기술 등으로 구성된 제주한림해상풍력  이다  두산중공업은 풍력발전기 제작 납품 및 유지보수 서비스를 공급한다  종합준공은  년  월 예정이다  두산중공업이 공급하는  MW 해상풍력발전기는 블레이드 길이가  m에 이르는 대형 제품이다  최대 초속  m의 강한 태풍을 견딜 수 있다  제주 김녕에 설치된 시제품은 지난  년 최대 순간 풍속  초속  m를 기록한 태풍 치바에도 정상 가동했다 두산중공업은 올 초 창원 본사에 풍력  공장을 준공하고 인력도 확충하는 등 국내 해상풍력 수주물량 증가에 적극 대비하고 있다  두산중공업은  MW급   MW급 해상풍력 발전기 모델을 보유 중이며  MW급 모델은 내년 상용화 할 예정이다  사업 초기   수준이던 부품 국산화율을 최근   이상으로 높아졌다  국내 연관산업 육성 및 활성화를 위한 꾸준한 노력을 통해 현재 약  여개 국내 풍력 주요 기업들과 협력 중이다 박인원 두산중공업 EPC BG 부사장은  정부의 재생에너지   정책 발표 이후 진행된 첫 해상풍력단지이자 국내 최대 규모로 추진되는 제주한림해상풍력에 참여하게 돼 더욱 뜻 깊다 고 말했다 서종갑 기자 gap sedaily com  [지구용] 투명해진 맥주병  그런데 말입니다  서울경제 더 폴리틱스 뉴스를 만나보세요  미슐랭 가이드처럼 알찬 부동산 뉴스  집슐랭 저작권자   서울경제  무단 전재 및 재배포 금지,2021-06-08,-20.78,-1.0
484,484,두산중공업  국내 최대 해상풍력단지에 기자재 공급,2021.06.07 15:18,제주탐라 해상풍력 발전단지의 모습  [두산중공업 제공] [헤럴드경제 양대근 기자] 두산중공업이 국내 최대 해상풍력단지에 기자재를 공급한다 두산중공업은 한국전력기술과  MW 메가와트  규모의 제주한림해상풍력 기자재공급 계약을 체결했다고  일 밝혔다 두산중공업은  MW급 해상풍력발전기  기를 공급한다  계약금액은  천 억원 정도로  준공 이후 풍력발전기 장기유지보수 계약도 별도로 체결할 예정이다 두산중공업은 기술과 가격을 종합평가한 경쟁입찰을 통해 지난  년 우선협상대상자로 선정된 바 있다한국전력과 중부발전  현대건설  한국전력기술 등으로 구성된 특수목적법인 SPC  이 발주한 제주한림해상풍력 사업은 제주시 북서부 한림항 인근 해상에 조성된다  종합준공은  년  월 예정이다 EPC 설계 조달 시공 는 현대건설과 한국전력기술  한국에너지종합기술 등이 맡고  두산중공업은 풍력발전기 제작 납품과 유지보수 서비스를 제공한다 두산중공업이 공급하는  MW 해상풍력발전기는 블레이드 길이만  m에 이르는대형 제품으로  최대  m s의 강한 태풍에도 견딜 수 있도록 설계됐다 두산중공업 EPC BG 박인원 부사장은  정부의 재생에너지   정책 발표 이후 진행된 첫 해상풍력단지이자 국내 최대 규모로 추진되는 제주한림해상풍력에 참여하게 돼 더욱 뜻깊다 고 밝혔다 두산중공업은 국내 해상풍력 수주물량 증가에 대비하기 위해 올 초 창원 본사에풍력  공장을 준공하고 인력을 확충했다 bigroot heraldcorp com 환경적 대화기구  헤럴드에코 밀리터리 전문 콘텐츠  헤밀 헤럴드경제 네이버 채널 구독  Copyrights   헤럴드경제   heraldbiz com  무단 전재 및 재배포 금지  ,2021-06-08,-20.78,-1.0
485,485,두산중공업  국내 최대 해상풍력단지에 기자재 공급,2021.06.07 15:18,제주탐라 해상풍력 발전단지의 모습  [두산중공업 제공] [헤럴드경제 양대근 기자] 두산중공업이 국내 최대 해상풍력단지에 기자재를 공급한다 두산중공업은 한국전력기술과  MW 메가와트  규모의 제주한림해상풍력 기자재공급 계약을 체결했다고  일 밝혔다 두산중공업은  MW급 해상풍력발전기  기를 공급한다  계약금액은  천 억원 정도로  준공 이후 풍력발전기 장기유지보수 계약도 별도로 체결할 예정이다 두산중공업은 기술과 가격을 종합평가한 경쟁입찰을 통해 지난  년 우선협상대상자로 선정된 바 있다한국전력과 중부발전  현대건설  한국전력기술 등으로 구성된 특수목적법인 SPC  이 발주한 제주한림해상풍력 사업은 제주시 북서부 한림항 인근 해상에 조성된다  종합준공은  년  월 예정이다 EPC 설계 조달 시공 는 현대건설과 한국전력기술  한국에너지종합기술 등이 맡고  두산중공업은 풍력발전기 제작 납품과 유지보수 서비스를 제공한다 두산중공업이 공급하는  MW 해상풍력발전기는 블레이드 길이만  m에 이르는대형 제품으로  최대  m s의 강한 태풍에도 견딜 수 있도록 설계됐다 두산중공업 EPC BG 박인원 부사장은  정부의 재생에너지   정책 발표 이후 진행된 첫 해상풍력단지이자 국내 최대 규모로 추진되는 제주한림해상풍력에 참여하게 돼 더욱 뜻깊다 고 밝혔다 두산중공업은 국내 해상풍력 수주물량 증가에 대비하기 위해 올 초 창원 본사에풍력  공장을 준공하고 인력을 확충했다 bigroot heraldcorp com 환경적 대화기구  헤럴드에코 밀리터리 전문 콘텐츠  헤밀 헤럴드경제 네이버 채널 구독  Copyrights   헤럴드경제   heraldbiz com  무단 전재 및 재배포 금지  ,2021-06-08,-20.78,-1.0
486,486,한국판  밈 Meme  주식  된 두산중공업 개미가 끌어올려 공매도 기관에  완승 ,2021.06.07 15:20,서울 강남구 두산중공업 서울사무소  매경DB 최근 한 달 사이에   이상 급등한 두산중공업이 한국판 밈주식으로 떠올라 개미들의 뜨거운 관심을 받고 있다  주식 커뮤니티에서  두슬라 탑승  인증이 이어지는 등 개인투자자 매수세가 몰리면서  월초  만 만주 수준이던 일 거래량도  배 이상 급증했다 시가총액은  조원을 훌쩍 넘겨 지난  년  월  일이 이후  년  년  개월여만에 시총  조원대에 올라섰다  외국인과 기관이 매도 우위를 보이는 가운데 개인 매수세가 이를 압도하면서 주가를 끌어올리고 있다 두산중공업 상승세는 지난  월  일 열린 한 미 정상회담 이후 본격화됐다  문재인정부의 탈원전 정책으로 고통받던 두산중공업은 이날 한미 양국의 해외 원전 공동 진출 합의가 이뤄지면서 분위기가 급반전했다  두산중공업이 신규로 추진하는 소형모듈원자로 SMR 도 기존 핵 발전 설비보다 크기가 작고 안전성을 높여 탄소 중립의 대안으로 거론되면서 주가에 호재로 작용했다 다만 주가가 단기간 급등하면서 공매도도 가파르게 늘고 있어 주가에 부담으로 작용하고 있다  한국거래소에 따르면 두산중공업 공매도 수량은  월  일  만 주   월  일  만 주   일  만 주   일  만 주   일  만 주로  거래일 연속  만주 이상을 기록했다  공매도 거래대금 기준으로 봐도 지난  월  일  억 억원으로 HMM 억 억원 을 제치고 전체 코스피 종목 중  위를 기록했다 이에 올 초 개인투자자가 월스트리트 헤지펀드의 공매도에 반발해 벌어졌던  게임스탑  사태에 빗대 두산중공업을 바라보는 시각도 나온다  게임스탑 GME 은 오프라인에서 비디오 게임을 파는 소매점 체인으로  미국 온라인 커뮤니티 사이트 레딧 Reddit 을 중심으로 한 개인 투자자들이 대형 헤지펀드의 공매도에 맞서 게임스탑 주식을 대량으로 매수하면서 주가를 폭등시켰다  주가가 급등하면서 헤지펀드의 숏 스퀴즈가 발생해 게임스탑 주가는 천정부지로 치솟았다 실제 최근 두산중공업 주가 급등으로 공매도 기관들은 상당한 손해를 보고 있을 것으로 추정된다   월말 주식 분할을 앞두고 공매도 기관이 숏커버링에 나선다면 주가가 추가 급등할 가능성도 있어 눈치 싸움이 치열한 상황이다 다만 증권가에서는 두산중공업 주가가 과열되고 있기 때문에 조심해야한다는 의견도 나온다  현재 주가는 단지 미래에 대한 기대감이 과하게 반영됐다는 것이다  한 증권사 관계자는  현재 두산중공업 시총이  조가 넘는데 과거에 활발히 수주 받고 석탄발전소가 커질때나 이 정도 시총이었다 며  현재는 실적이 그 정도가 안 되는데도 단지 미래 기대감으로만 오르고 있다 고 설명했다 이날 나온 해상풍력 수주 공시에 대해서도  공시한 수주 금액이  억 정도인데 연간  억이 채 안 된다 며  연간  조 해야 되는 회사이기 때문에 경영성과에는 사실 별 차이가 없는데 해상풍력에 대한 첫 수주라서 의미부여를 하는 것 이라고 분석했다 류지민 기자  문지민 인턴기자  네이버 메인에서  매경이코노미 를 받아보세요  고품격 자영업자 심폐소생 프로젝트  창업직썰  유튜브  주간지 정기구독 신청 [  매일경제   mk co kr  무단전재 및 재배포 금지],2021-06-08,-20.78,-1.0
487,487,한국판  밈 Meme  주식  된 두산중공업 개미가 끌어올려 공매도 기관에  완승 ,2021.06.07 15:20,서울 강남구 두산중공업 서울사무소  매경DB 최근 한 달 사이에   이상 급등한 두산중공업이 한국판 밈주식으로 떠올라 개미들의 뜨거운 관심을 받고 있다  주식 커뮤니티에서  두슬라 탑승  인증이 이어지는 등 개인투자자 매수세가 몰리면서  월초  만 만주 수준이던 일 거래량도  배 이상 급증했다 시가총액은  조원을 훌쩍 넘겨 지난  년  월  일이 이후  년  년  개월여만에 시총  조원대에 올라섰다  외국인과 기관이 매도 우위를 보이는 가운데 개인 매수세가 이를 압도하면서 주가를 끌어올리고 있다 두산중공업 상승세는 지난  월  일 열린 한 미 정상회담 이후 본격화됐다  문재인정부의 탈원전 정책으로 고통받던 두산중공업은 이날 한미 양국의 해외 원전 공동 진출 합의가 이뤄지면서 분위기가 급반전했다  두산중공업이 신규로 추진하는 소형모듈원자로 SMR 도 기존 핵 발전 설비보다 크기가 작고 안전성을 높여 탄소 중립의 대안으로 거론되면서 주가에 호재로 작용했다 다만 주가가 단기간 급등하면서 공매도도 가파르게 늘고 있어 주가에 부담으로 작용하고 있다  한국거래소에 따르면 두산중공업 공매도 수량은  월  일  만 주   월  일  만 주   일  만 주   일  만 주   일  만 주로  거래일 연속  만주 이상을 기록했다  공매도 거래대금 기준으로 봐도 지난  월  일  억 억원으로 HMM 억 억원 을 제치고 전체 코스피 종목 중  위를 기록했다 이에 올 초 개인투자자가 월스트리트 헤지펀드의 공매도에 반발해 벌어졌던  게임스탑  사태에 빗대 두산중공업을 바라보는 시각도 나온다  게임스탑 GME 은 오프라인에서 비디오 게임을 파는 소매점 체인으로  미국 온라인 커뮤니티 사이트 레딧 Reddit 을 중심으로 한 개인 투자자들이 대형 헤지펀드의 공매도에 맞서 게임스탑 주식을 대량으로 매수하면서 주가를 폭등시켰다  주가가 급등하면서 헤지펀드의 숏 스퀴즈가 발생해 게임스탑 주가는 천정부지로 치솟았다 실제 최근 두산중공업 주가 급등으로 공매도 기관들은 상당한 손해를 보고 있을 것으로 추정된다   월말 주식 분할을 앞두고 공매도 기관이 숏커버링에 나선다면 주가가 추가 급등할 가능성도 있어 눈치 싸움이 치열한 상황이다 다만 증권가에서는 두산중공업 주가가 과열되고 있기 때문에 조심해야한다는 의견도 나온다  현재 주가는 단지 미래에 대한 기대감이 과하게 반영됐다는 것이다  한 증권사 관계자는  현재 두산중공업 시총이  조가 넘는데 과거에 활발히 수주 받고 석탄발전소가 커질때나 이 정도 시총이었다 며  현재는 실적이 그 정도가 안 되는데도 단지 미래 기대감으로만 오르고 있다 고 설명했다 이날 나온 해상풍력 수주 공시에 대해서도  공시한 수주 금액이  억 정도인데 연간  억이 채 안 된다 며  연간  조 해야 되는 회사이기 때문에 경영성과에는 사실 별 차이가 없는데 해상풍력에 대한 첫 수주라서 의미부여를 하는 것 이라고 분석했다 류지민 기자  문지민 인턴기자  네이버 메인에서  매경이코노미 를 받아보세요  고품격 자영업자 심폐소생 프로젝트  창업직썰  유튜브  주간지 정기구독 신청 [  매일경제   mk co kr  무단전재 및 재배포 금지],2021-06-08,-20.78,-1.0
488,488, 흠슬라  이어  두슬라 두산중공업  한달새   껑충,2021.06.07 15:58,구조조정 효과에 원전 기대 두산 인프라코어도 급등구조조정 효과에 원전 사업 기대까지 겹치면서 두산중공업 주가가 하루 만에   가까이 급등했다  두산  두산인프라코어 등 다른 그룹주도 일제히 상승했다 일 두산중공업은   오른  만 원에 마감했다  최근 한 달 상승률이  를 넘어섰다  이날 두산과 두산인프라코어도 각각     올랐다  지난달부터 급등세를 이어오던 세 종목은 이날도 나란히  주 신고가를 경신했다 두산그룹은 작년부터  조원에 달하는 구조조정을 진행해왔다  두산타워 억원  두산솔루스 억원  모트롤BG 억원  등을 차례로 매각했다  두산인프라코어 사업 부문을 현대중공업지주에 매각 억원 하는 절차도 진행하고 있다  최남곤 유안타증권 연구원은  올 하반기 두산과 두산중공업이 채권단 관리를 조기에 졸업하면 신용등급이 BBB 로 한 단계 높아질 가능성이 있다 고 내다봤다  이는 연간 이자비용을  억원에서  억원 수준으로 낮출 것으로 예상된다 개별 호재까지 겹쳤다   조원 규모의 체코 원자력발전소 건설 사업을 한국이 수주할 가능성이 높다는 소식이 나왔다  이를 계기로 원전 사업 정상화에 대한 기대가 더 커졌다  두산중공업은 원자로 제작뿐 아니라 해체 사업도 할 수 있는 세계적인 원전 회사다 신재생에너지 관련주로서의 가치도 부각되고 있다  이날 두산중공업은 한국전력기술과 제주한림해상풍력에  급 해상풍력발전기  기를 공급하는 계약을 맺었다고 발표했다 지주사인 두산의 신사업 가치도 주목받고 있다  두산은 자회사로 두산로지스틱스솔루션 물류솔루션  두산로보틱스 로봇  두산모빌리티이노베이션 드론용 연료전지  등을 보유하고 있어  무인화  관련주로 분류된다 박의명 기자 uimyung hankyung com  경제지 네이버 구독 첫  만  한국경제 받아보세요  한경 고품격 뉴스레터  원클릭으로 구독하세요  한국경제신문과 WSJ  모바일한경으로 보세요  한국경제   hankyung com  무단전재 및 재배포 금지,2021-06-08,-20.78,-1.0
489,489, 흠슬라  이어  두슬라 두산중공업  한달새   껑충,2021.06.07 15:58,구조조정 효과에 원전 기대 두산 인프라코어도 급등구조조정 효과에 원전 사업 기대까지 겹치면서 두산중공업 주가가 하루 만에   가까이 급등했다  두산  두산인프라코어 등 다른 그룹주도 일제히 상승했다 일 두산중공업은   오른  만 원에 마감했다  최근 한 달 상승률이  를 넘어섰다  이날 두산과 두산인프라코어도 각각     올랐다  지난달부터 급등세를 이어오던 세 종목은 이날도 나란히  주 신고가를 경신했다 두산그룹은 작년부터  조원에 달하는 구조조정을 진행해왔다  두산타워 억원  두산솔루스 억원  모트롤BG 억원  등을 차례로 매각했다  두산인프라코어 사업 부문을 현대중공업지주에 매각 억원 하는 절차도 진행하고 있다  최남곤 유안타증권 연구원은  올 하반기 두산과 두산중공업이 채권단 관리를 조기에 졸업하면 신용등급이 BBB 로 한 단계 높아질 가능성이 있다 고 내다봤다  이는 연간 이자비용을  억원에서  억원 수준으로 낮출 것으로 예상된다 개별 호재까지 겹쳤다   조원 규모의 체코 원자력발전소 건설 사업을 한국이 수주할 가능성이 높다는 소식이 나왔다  이를 계기로 원전 사업 정상화에 대한 기대가 더 커졌다  두산중공업은 원자로 제작뿐 아니라 해체 사업도 할 수 있는 세계적인 원전 회사다 신재생에너지 관련주로서의 가치도 부각되고 있다  이날 두산중공업은 한국전력기술과 제주한림해상풍력에  급 해상풍력발전기  기를 공급하는 계약을 맺었다고 발표했다 지주사인 두산의 신사업 가치도 주목받고 있다  두산은 자회사로 두산로지스틱스솔루션 물류솔루션  두산로보틱스 로봇  두산모빌리티이노베이션 드론용 연료전지  등을 보유하고 있어  무인화  관련주로 분류된다 박의명 기자 uimyung hankyung com  경제지 네이버 구독 첫  만  한국경제 받아보세요  한경 고품격 뉴스레터  원클릭으로 구독하세요  한국경제신문과 WSJ  모바일한경으로 보세요  한국경제   hankyung com  무단전재 및 재배포 금지,2021-06-08,-20.78,-1.0
490,490,원전주 훨훨 두산중공업  ,2021.06.07 16:55,[파이낸셜뉴스] 한미정상회담 여파에 체코 원자력발전소 건설사업 수주 기대감에 원전주가 훨훨 날고 있다   두슬라 로 불리는 두산중공업뿐만 아니라 관련 중소형주까지 급등했다 일 한국거래소에 따르면 두산중공업은 전 거래일보다  원  급등한  만 원에 장을 마쳤다 현대건설  한전기술  한전KPS  우리기술  보성파워텍  우진  등 다른 원전 관련주도 강세를 보였다 그동안 정부의 탈원전 정책으로 소외받던 원전주는 지난달 말 미국 워싱턴에서 열린 한미정상회담을 계기로 빠르게 상승하고 있다 한미정상회담에서 양국은 해외 원전 사업 공동 진출에 합의했다  여기에  조원 규모의 체코 원자력발전소 건설 사업을 한국이 수주할 가능성이 높다는 소식이 나왔다  이를 계기로 원전사업 정상화에 대한 기대감이 커지고 있다 신한금융투자는 최근 발표한  년 하반기 산업 전망  자료에서  정부는 국내 원전 투자 재개에 대한 부분은 전면 부정하고 있으나 시장의 투자 심리가  한미 정상회담 등  작은 시그널에도 요동치고 있다 며  그만큼 유틸리티 섹터의 소외가 길었기 때문 이라고 분석했다 특히 두산중공업은 원전의 핵심 기자재를 생산할 수 있는 기술력을 보유해 대표 원전 관련주로 꼽히면서 주가가 급등하고 있다  한미정상회담이 열리기 직전인 지난달  일부터 이날까지   상승했다 다른 그룹주인 두산과 두산인프라코어도 각각     올랐다  두산중공업을 포함해 이들 세 종목은 이날도  주 신고가를 나란히 경신했다 전문가들은 특히 차세대 원전인 SMR 소형모듈원전 을 중심으로 관심이 쏠리고 있다고 지적했다 SMR은  MW 메가와트 급 이하의 출력을 지닌 소형 원자로로  하나의 용기에 원자로와 증기발생기  냉각재 펌프  가압기 등 주요기기를 담은 일체형 원자로다 기존 대형 원전 MW급 에 비해 건설비용이 저렴하고  소형이기 때문에 태양광 풍력 등 신재생에너지와 연계한 분산형 전원을 구축할 수 있다는 점이 장점으로 꼽힌다 빌 게이츠 마이크로소프트 창업자와 워런 버핏 버크셔해서웨이 회장이 최근 각자 보유한 에너지기업들로 미국 와이오밍주 석탄공장 부지에 SMR을 짓겠다는 계획을 발표한 것도 SMR에 대한 기대감을 키우고 있다 다만 SMR의 상용화 시기가 남은 만큼 해외 원전 수출에 주목하라는 지적도 나온다 이민재 NH투자증권 연구원은  SMR이 상용화되는 시기는 빨라야  년 이후이며 한국은  년 인허가 심사를 목표로 본격적인 개발에 착수할 계획 이라며  한미 정상회담에서 언급된 원전협력은 SMR이 아닌 해외 원전 수출이 핵심 이라고 지적했다 그는  진행 중인 해외 원전 가운데 사우디와 영국 프로젝트는 한국전력  이집트와 체코는 한국수력원자력이 입찰할 예정 이라며  한국전력과 한수원을 중심으로 한전기술  두산중공업  현대건설 대우건설 삼성물산 등이 주요 파트너로 미국과의 컨소시엄 구성도 가능성 높다 고 내다봤다 sjmary fnnews com 서혜진 기자  날로먹고 구워먹는 금융이슈 [파인애플]  모 아 모아 [모아시스]  헉  소리나는 스 토리 뉴스 [헉스]  저작권자   파이낸셜뉴스  무단 전재 재배포 금지,2021-06-08,-20.78,-1.0
491,491,원전주 훨훨 두산중공업  ,2021.06.07 16:55,[파이낸셜뉴스] 한미정상회담 여파에 체코 원자력발전소 건설사업 수주 기대감에 원전주가 훨훨 날고 있다   두슬라 로 불리는 두산중공업뿐만 아니라 관련 중소형주까지 급등했다 일 한국거래소에 따르면 두산중공업은 전 거래일보다  원  급등한  만 원에 장을 마쳤다 현대건설  한전기술  한전KPS  우리기술  보성파워텍  우진  등 다른 원전 관련주도 강세를 보였다 그동안 정부의 탈원전 정책으로 소외받던 원전주는 지난달 말 미국 워싱턴에서 열린 한미정상회담을 계기로 빠르게 상승하고 있다 한미정상회담에서 양국은 해외 원전 사업 공동 진출에 합의했다  여기에  조원 규모의 체코 원자력발전소 건설 사업을 한국이 수주할 가능성이 높다는 소식이 나왔다  이를 계기로 원전사업 정상화에 대한 기대감이 커지고 있다 신한금융투자는 최근 발표한  년 하반기 산업 전망  자료에서  정부는 국내 원전 투자 재개에 대한 부분은 전면 부정하고 있으나 시장의 투자 심리가  한미 정상회담 등  작은 시그널에도 요동치고 있다 며  그만큼 유틸리티 섹터의 소외가 길었기 때문 이라고 분석했다 특히 두산중공업은 원전의 핵심 기자재를 생산할 수 있는 기술력을 보유해 대표 원전 관련주로 꼽히면서 주가가 급등하고 있다  한미정상회담이 열리기 직전인 지난달  일부터 이날까지   상승했다 다른 그룹주인 두산과 두산인프라코어도 각각     올랐다  두산중공업을 포함해 이들 세 종목은 이날도  주 신고가를 나란히 경신했다 전문가들은 특히 차세대 원전인 SMR 소형모듈원전 을 중심으로 관심이 쏠리고 있다고 지적했다 SMR은  MW 메가와트 급 이하의 출력을 지닌 소형 원자로로  하나의 용기에 원자로와 증기발생기  냉각재 펌프  가압기 등 주요기기를 담은 일체형 원자로다 기존 대형 원전 MW급 에 비해 건설비용이 저렴하고  소형이기 때문에 태양광 풍력 등 신재생에너지와 연계한 분산형 전원을 구축할 수 있다는 점이 장점으로 꼽힌다 빌 게이츠 마이크로소프트 창업자와 워런 버핏 버크셔해서웨이 회장이 최근 각자 보유한 에너지기업들로 미국 와이오밍주 석탄공장 부지에 SMR을 짓겠다는 계획을 발표한 것도 SMR에 대한 기대감을 키우고 있다 다만 SMR의 상용화 시기가 남은 만큼 해외 원전 수출에 주목하라는 지적도 나온다 이민재 NH투자증권 연구원은  SMR이 상용화되는 시기는 빨라야  년 이후이며 한국은  년 인허가 심사를 목표로 본격적인 개발에 착수할 계획 이라며  한미 정상회담에서 언급된 원전협력은 SMR이 아닌 해외 원전 수출이 핵심 이라고 지적했다 그는  진행 중인 해외 원전 가운데 사우디와 영국 프로젝트는 한국전력  이집트와 체코는 한국수력원자력이 입찰할 예정 이라며  한국전력과 한수원을 중심으로 한전기술  두산중공업  현대건설 대우건설 삼성물산 등이 주요 파트너로 미국과의 컨소시엄 구성도 가능성 높다 고 내다봤다 sjmary fnnews com 서혜진 기자  날로먹고 구워먹는 금융이슈 [파인애플]  모 아 모아 [모아시스]  헉  소리나는 스 토리 뉴스 [헉스]  저작권자   파이낸셜뉴스  무단 전재 재배포 금지,2021-06-08,-20.78,-1.0
492,492,주가에 날개 달린 두산중공업 신중 투자  경계 나오는 까닭은 ,2021.06.07 20:06,한 미정상회담 계기로 원전 산업 회복 기대감에 주가 단기간 급등에 경계 목소리 한국판  밈 주식  지적도 실적 기반 아닌 단순 기대 신중히 투자해야  조언[이데일리TV 김종호 기자]  일 이데일리TV 빅머니  부  기업 in 이슈 에서는 최근 주가가 고공행진을 이어가는 두산중공업에 대한 시장 상황을 집중 분석했다 지난  일 열린 한 미정상회담을 계기로 그동안  찬밥  신세였던 여러 산업이 주목을 받는 가운데 원자력발전소 관련 종목이 큰 관심을 받고 있다  특히 이런 분위기에 두산중공업 주가가 최근 급등세다  정상회담 이후  주간 주가가  나 뛰었다  문재인 대통령과 조 바이든 미국 대통령이 해외 원전 시장에서 협력을 강화하기로 합의하자 원전 사업 회복 기대감에 주가가 오르기 시작한 것이다 특히 지난  일 두산중공업 주가는  년  월 이후 약  년여 만에 최고가인  만 원까지 치솟았다  이에 따라 시총도  조 억원으로  조 가까이 늘었고 시총 순위도  위에서  위로 무려  계단이나 상승했다  오늘 주가도 오름세를 이어갔다  전장 대비   오른  만 원에 장을 마감했다 그동안 외면받던 두산중공업의 주가가 최근 급등하는 가운데 일각에서는 경계의 목소리도 있다  최근  밈 주식  바람이 부는 상황에서 두산중공업이 한국판 밈 주식이 아니냐는 우려다  밈은 유행과 흐름  재미 등 키워드를 담고 있다  밈 주식은 특별한 이유가 없더라도 유행처럼 재미로 온라인을 통해 뭉친 투자자가 몰려가서 투자하는 것을 말한다  원전 기대감이 있긴 하지만 단기간 주가가 올라도 너무 오른 것은 바로 이런 밈 주식 때문이 아니냐는 지적이다 실제 지난  일 기준 두산중공업에 대한 공매도 거래대금은 약  억원 규모로 집계됐다  이는 전체 코스피 종목 중 공매도가 가장 많이 몰린 수준이다  공매도로 이어질 가능성이 높은 대차잔고 역시 지난  일  만주 수준에서 지난  일  만주로  배 가까이 급증했다  두산중공업 주가에 거품이 그만큼 많이 꼈기 때문에 주가 하락에 베팅하는 공매도가 몰린다는 분석이다 전문가들은 펀더멘털 뒷받침이 되지 않았다는 점에서 두산중공업 투자에 좀 더 신중하게 접근해야 한다고 입을 모았다  정상회담을 계기로 그간 침체됐던 원전 산업에서 반전을 거둘 것이라는 예상을 이들이 외면하는 것은 아니다  다만 원전 산업 자체가 국가 간 경쟁이기 때문에 당장 협력에 대한 결과물을 가져오긴 어렵다는 분석이다  또 국내 탈원전 정책 전환 여부 역시 미지수이다 보니 이같은 부분을 두루 고려해서 투자해야 한다는 조언이다 특히 지난  분기 두산중공업의 영업이익은 연결 기준 전년 동기 대비   늘어난  억원으로 집계됐다   억원 이상의 순이익으로  개 분기 만에 흑자전환에 성공한 것이다  두산중공업은 그간 본업인 발전플랜트 부문에서 고전한 데다 막대한 차입금에 따른 금융비용 등으로 오랜 기간 어려움을 겪어왔다  때문에 대부분 증권사들도 종목 리포트를 사실상 중단한 상황이다  최근  개월 사이 두산중공업에 대한 목표가와 투자 의견을 정식으로 제시한 증권사조차 전무하다  그만큼 최근 주가 상승이 실적 기반이 아닌 단순 기대에 따른 것이고 향후 불확실성이 존재한다는 점에서 신중한 투자가 필요하다는 것이 전문가들의 의견이다 일 이데일리TV 빅머니  부  기업 in 이슈  방송 유동성 위기에 빠졌던 두산중공업 에 투자자들의 관심이 몰리고 있네  두산중공업   주간 주가    급등  한 미 정상회담 따른 원전 협력 기대감 반영   년  월 이후  년여 만에 최고가 오늘도 상승세 두산중공업 랠리 등으로 중공업 펀드도 고공행진 중이네  중공업 주식형 펀드  지난주 수익률  위  수익률  로 전체 평균 대비  배 높아 그런데 두산중공업 단기 급등에 따른 우려의 시각도 있다  단기간 주가 급등에 경계의 목소리 나와  한국판  밈 주식  지적 공매도 세력 몰리기도 두산중공업 투자전략은   당장 원전 협력 결과물 보기 어려워 불확실성 존재   최근 주가 상승은 실적 기반 아닌 단순 기대 신중히 투자해야 김종호  kona edaily co kr   시간 빠른  미리보는 뉴스  eNews  네이버에서  이데일리 뉴스 를 만나보세요  빡침해소  청춘뉘우스  스냅타임 종합 경제정보 미디어 이데일리   무단전재   재배포 금지 ,2021-06-08,-20.78,-1.0
493,493,주가에 날개 달린 두산중공업 신중 투자  경계 나오는 까닭은 ,2021.06.07 20:06,한 미정상회담 계기로 원전 산업 회복 기대감에 주가 단기간 급등에 경계 목소리 한국판  밈 주식  지적도 실적 기반 아닌 단순 기대 신중히 투자해야  조언[이데일리TV 김종호 기자]  일 이데일리TV 빅머니  부  기업 in 이슈 에서는 최근 주가가 고공행진을 이어가는 두산중공업에 대한 시장 상황을 집중 분석했다 지난  일 열린 한 미정상회담을 계기로 그동안  찬밥  신세였던 여러 산업이 주목을 받는 가운데 원자력발전소 관련 종목이 큰 관심을 받고 있다  특히 이런 분위기에 두산중공업 주가가 최근 급등세다  정상회담 이후  주간 주가가  나 뛰었다  문재인 대통령과 조 바이든 미국 대통령이 해외 원전 시장에서 협력을 강화하기로 합의하자 원전 사업 회복 기대감에 주가가 오르기 시작한 것이다 특히 지난  일 두산중공업 주가는  년  월 이후 약  년여 만에 최고가인  만 원까지 치솟았다  이에 따라 시총도  조 억원으로  조 가까이 늘었고 시총 순위도  위에서  위로 무려  계단이나 상승했다  오늘 주가도 오름세를 이어갔다  전장 대비   오른  만 원에 장을 마감했다 그동안 외면받던 두산중공업의 주가가 최근 급등하는 가운데 일각에서는 경계의 목소리도 있다  최근  밈 주식  바람이 부는 상황에서 두산중공업이 한국판 밈 주식이 아니냐는 우려다  밈은 유행과 흐름  재미 등 키워드를 담고 있다  밈 주식은 특별한 이유가 없더라도 유행처럼 재미로 온라인을 통해 뭉친 투자자가 몰려가서 투자하는 것을 말한다  원전 기대감이 있긴 하지만 단기간 주가가 올라도 너무 오른 것은 바로 이런 밈 주식 때문이 아니냐는 지적이다 실제 지난  일 기준 두산중공업에 대한 공매도 거래대금은 약  억원 규모로 집계됐다  이는 전체 코스피 종목 중 공매도가 가장 많이 몰린 수준이다  공매도로 이어질 가능성이 높은 대차잔고 역시 지난  일  만주 수준에서 지난  일  만주로  배 가까이 급증했다  두산중공업 주가에 거품이 그만큼 많이 꼈기 때문에 주가 하락에 베팅하는 공매도가 몰린다는 분석이다 전문가들은 펀더멘털 뒷받침이 되지 않았다는 점에서 두산중공업 투자에 좀 더 신중하게 접근해야 한다고 입을 모았다  정상회담을 계기로 그간 침체됐던 원전 산업에서 반전을 거둘 것이라는 예상을 이들이 외면하는 것은 아니다  다만 원전 산업 자체가 국가 간 경쟁이기 때문에 당장 협력에 대한 결과물을 가져오긴 어렵다는 분석이다  또 국내 탈원전 정책 전환 여부 역시 미지수이다 보니 이같은 부분을 두루 고려해서 투자해야 한다는 조언이다 특히 지난  분기 두산중공업의 영업이익은 연결 기준 전년 동기 대비   늘어난  억원으로 집계됐다   억원 이상의 순이익으로  개 분기 만에 흑자전환에 성공한 것이다  두산중공업은 그간 본업인 발전플랜트 부문에서 고전한 데다 막대한 차입금에 따른 금융비용 등으로 오랜 기간 어려움을 겪어왔다  때문에 대부분 증권사들도 종목 리포트를 사실상 중단한 상황이다  최근  개월 사이 두산중공업에 대한 목표가와 투자 의견을 정식으로 제시한 증권사조차 전무하다  그만큼 최근 주가 상승이 실적 기반이 아닌 단순 기대에 따른 것이고 향후 불확실성이 존재한다는 점에서 신중한 투자가 필요하다는 것이 전문가들의 의견이다 일 이데일리TV 빅머니  부  기업 in 이슈  방송 유동성 위기에 빠졌던 두산중공업 에 투자자들의 관심이 몰리고 있네  두산중공업   주간 주가    급등  한 미 정상회담 따른 원전 협력 기대감 반영   년  월 이후  년여 만에 최고가 오늘도 상승세 두산중공업 랠리 등으로 중공업 펀드도 고공행진 중이네  중공업 주식형 펀드  지난주 수익률  위  수익률  로 전체 평균 대비  배 높아 그런데 두산중공업 단기 급등에 따른 우려의 시각도 있다  단기간 주가 급등에 경계의 목소리 나와  한국판  밈 주식  지적 공매도 세력 몰리기도 두산중공업 투자전략은   당장 원전 협력 결과물 보기 어려워 불확실성 존재   최근 주가 상승은 실적 기반 아닌 단순 기대 신중히 투자해야 김종호  kona edaily co kr   시간 빠른  미리보는 뉴스  eNews  네이버에서  이데일리 뉴스 를 만나보세요  빡침해소  청춘뉘우스  스냅타임 종합 경제정보 미디어 이데일리   무단전재   재배포 금지 ,2021-06-08,-20.78,-1.0
494,494,두산인프라코어  두산중공업 지분가치 상승 목표가 ,2021.06.08 08:27,[머니투데이 강민수 기자] 신한금융투자는  일 두산인프라코어에 대해 두산중공업 주가 급등으로 분할 전 매수를 추천한다고 권했다  투자의견은  매수  목표주가는  만 원에서  만 원으로 상향했다  전일 종가는  만 원이다 황어연 신한금융투자 수석연구위원은  월 중국 굴삭기 판매대수  만 대로 하락해  월 만 대 에 이어 약세가 지속될 전망 이라며  부진한 판매대수의 원인은 지난해 높은 기저  중국 정부의 건설 공사 규제  유동성 M  축소 움직임 이라고 설명했다 황 연구위원은  중국 정부는 최근 급등한 철강 제품 가격 조정을 위해 일부 지역의 공사 일정을 조정하고 있는 것으로 파악된다 며  중국 굴삭기 판매량은  분기 호조 만 대 와 올해  만 대로 성장이 전망되지만   분기에는 전년대비   감소할 것 이라고 예상했다 중국 긴축에도 영업이익 성장세는 지속될 전망이다  사업회사 올해 영업이익은 전년 대비   증가한  억원   년은   늘어난  억원이 전망된다 최근 두산중공업 주가 급등도 호재다  두산인프라코어는 오는  일 사업회사와 투자회사로 분할된 뒤 다음달  일 재상장된다  투자회사는 두산중공업과 합병될 예정이다  두산인프라코어 기존 주주들은  주당 사업회사  주  두산중공업  주를 보유하게 된다 황 연구위원은  두산중공업 주가 급등으로 두산인프라코어  주당 두산중공업 지분가치가  만 원으로 상승했다 며  두산중공업 주가 변동 익스포저를 헤지 위험회피 할 수 있다면 분할 전 매수를 추천한다 고 조언했다 강민수 기자 fullwater mt co kr 부동산 투자는 [부릿지] 주식 투자는 [부꾸미TALK] 부자되는 뉴스  머니투데이 구독하기 저작권자    돈이 보이는 리얼타임 뉴스  머니투데이  무단전재 및 재배포 금지 ,2021-06-08,-20.78,-1.0
495,495,두산인프라코어  두산중공업 지분가치 상승 목표가 ,2021.06.08 08:27,[머니투데이 강민수 기자] 신한금융투자는  일 두산인프라코어에 대해 두산중공업 주가 급등으로 분할 전 매수를 추천한다고 권했다  투자의견은  매수  목표주가는  만 원에서  만 원으로 상향했다  전일 종가는  만 원이다 황어연 신한금융투자 수석연구위원은  월 중국 굴삭기 판매대수  만 대로 하락해  월 만 대 에 이어 약세가 지속될 전망 이라며  부진한 판매대수의 원인은 지난해 높은 기저  중국 정부의 건설 공사 규제  유동성 M  축소 움직임 이라고 설명했다 황 연구위원은  중국 정부는 최근 급등한 철강 제품 가격 조정을 위해 일부 지역의 공사 일정을 조정하고 있는 것으로 파악된다 며  중국 굴삭기 판매량은  분기 호조 만 대 와 올해  만 대로 성장이 전망되지만   분기에는 전년대비   감소할 것 이라고 예상했다 중국 긴축에도 영업이익 성장세는 지속될 전망이다  사업회사 올해 영업이익은 전년 대비   증가한  억원   년은   늘어난  억원이 전망된다 최근 두산중공업 주가 급등도 호재다  두산인프라코어는 오는  일 사업회사와 투자회사로 분할된 뒤 다음달  일 재상장된다  투자회사는 두산중공업과 합병될 예정이다  두산인프라코어 기존 주주들은  주당 사업회사  주  두산중공업  주를 보유하게 된다 황 연구위원은  두산중공업 주가 급등으로 두산인프라코어  주당 두산중공업 지분가치가  만 원으로 상승했다 며  두산중공업 주가 변동 익스포저를 헤지 위험회피 할 수 있다면 분할 전 매수를 추천한다 고 조언했다 강민수 기자 fullwater mt co kr 부동산 투자는 [부릿지] 주식 투자는 [부꾸미TALK] 부자되는 뉴스  머니투데이 구독하기 저작권자    돈이 보이는 리얼타임 뉴스  머니투데이  무단전재 및 재배포 금지 ,2021-06-08,-20.78,-1.0
496,496,두산인프라코어  두산중공업 지분가치 상승 목표가 ,2021.06.08 08:27,[머니투데이 강민수 기자] 신한금융투자는  일 두산인프라코어에 대해 두산중공업 주가 급등으로 분할 전 매수를 추천한다고 권했다  투자의견은  매수  목표주가는  만 원에서  만 원으로 상향했다  전일 종가는  만 원이다 황어연 신한금융투자 수석연구위원은  월 중국 굴삭기 판매대수  만 대로 하락해  월 만 대 에 이어 약세가 지속될 전망 이라며  부진한 판매대수의 원인은 지난해 높은 기저  중국 정부의 건설 공사 규제  유동성 M  축소 움직임 이라고 설명했다 황 연구위원은  중국 정부는 최근 급등한 철강 제품 가격 조정을 위해 일부 지역의 공사 일정을 조정하고 있는 것으로 파악된다 며  중국 굴삭기 판매량은  분기 호조 만 대 와 올해  만 대로 성장이 전망되지만   분기에는 전년대비   감소할 것 이라고 예상했다 중국 긴축에도 영업이익 성장세는 지속될 전망이다  사업회사 올해 영업이익은 전년 대비   증가한  억원   년은   늘어난  억원이 전망된다 최근 두산중공업 주가 급등도 호재다  두산인프라코어는 오는  일 사업회사와 투자회사로 분할된 뒤 다음달  일 재상장된다  투자회사는 두산중공업과 합병될 예정이다  두산인프라코어 기존 주주들은  주당 사업회사  주  두산중공업  주를 보유하게 된다 황 연구위원은  두산중공업 주가 급등으로 두산인프라코어  주당 두산중공업 지분가치가  만 원으로 상승했다 며  두산중공업 주가 변동 익스포저를 헤지 위험회피 할 수 있다면 분할 전 매수를 추천한다 고 조언했다 강민수 기자 fullwater mt co kr 부동산 투자는 [부릿지] 주식 투자는 [부꾸미TALK] 부자되는 뉴스  머니투데이 구독하기 저작권자    돈이 보이는 리얼타임 뉴스  머니투데이  무단전재 및 재배포 금지 ,2021-06-08,-20.78,-1.0
497,497, 두슬라  두산중공업 하락  개미만  줍줍 공매도 주의보,2021.06.08 09:11,개인 홀로  억 넘게 사들여  기관 외인  팔자 공매도 잔고금액  억 한달새  배 넘게 늘어 사진 두산중공업 가파른 주가 상승에  두슬라 두산중공업 테슬라  두산중공업의 주가가 하락하고 있다  최근 한달간 개인이  억원 가까이 주식을 사들이면서 주가 상승을 이끌고 있지만 공매도 거래대금도 함께 늘어남에 따라 투자에 주의가 필요하다 일 오전  시 분 현재 두산중공업은 전 거래일보다  원  하락한  만 원에 거래되고 있다  최근 한달간 해외 원전 수주에 대한 기대감으로 상승 흐름을 보였으나 공매도 거래대금이 급격히 늘어남에 따라 주가 상승에 부담으로 작용한 것으로 보인다 두산중공업 주가는 한미정상회담 이후인 지난달  일부터 전날까지  나 뛰었다  같은 기간 시가총액도  조 억원에서  조 억원으로  배 넘게 늘었다  문재인 대통령과 조 바이든 미국 대통령이 해외 원전 시장에서 협력을 강화하기로 합의하자 원전 사업 회복 기대감에 주가가 오르기 시작한 것으로 풀이된다 특히  조원 규모의 체코 원자력발전소 건설 사업을 한국이 수주할 가능성이 높다는 소식이 전해지면서 두산중공업의 원전 사업 정상화에 대한 기대감이 더욱 커졌다  두산중공업은 원자로 제작뿐 아니라 해체 사업도 할 수 있는 세계적인 원전 회사다 최근 두산중공업의 주가는 개인투자자들이 이끌고 있다  투자자별 거래실적을 살펴보면 개인이 지난달  일부터 전날까지  억원을 순매수 했다  반면 기관과 외국인은 각각가  억원과  억원거량을 순매도한 것으로 나타났다 주가가 급격히 오르며 공매도 잔고도 가파르게 늘고 있다  지난달  일  억원 수준이던 공매도 잔고금액이 이달  일  억원으로  배 넘게 늘었다  공매도 거래대금은 지난달  일  억원에서 전날  억원으로  배가량 증가했다 일각에선 단기간 주가가 급등하면서 주가하락에 베팅하는 공매도가 늘어나고 있다고 분석했다  현재 주가는 단지 미래에 대한 기대감이 과하게 반영됐다는 설명이다 금융투자업계 한 관계자는  아직 실적이나 수주가 없는 상황에서 주가 급등은 공매도의 먹잇감이 되는 경우가 많다 면서  단기간 주가 급등과 공매도 잔고 급증은 투자 시 유의해야하는 부분 이라고 말했다 류은혁 한경닷컴 기자 ehryu hankyung com  경제지 네이버 구독 첫  만  한국경제 받아보세요  한경 고품격 뉴스레터  원클릭으로 구독하세요  한국경제신문과 WSJ  모바일한경으로 보세요  한국경제   hankyung com  무단전재 및 재배포 금지,2021-06-08,-20.78,-1.0
498,498, 두슬라  두산중공업 하락  개미만  줍줍 공매도 주의보,2021.06.08 09:11,개인 홀로  억 넘게 사들여  기관 외인  팔자 공매도 잔고금액  억 한달새  배 넘게 늘어 사진 두산중공업 가파른 주가 상승에  두슬라 두산중공업 테슬라  두산중공업의 주가가 하락하고 있다  최근 한달간 개인이  억원 가까이 주식을 사들이면서 주가 상승을 이끌고 있지만 공매도 거래대금도 함께 늘어남에 따라 투자에 주의가 필요하다 일 오전  시 분 현재 두산중공업은 전 거래일보다  원  하락한  만 원에 거래되고 있다  최근 한달간 해외 원전 수주에 대한 기대감으로 상승 흐름을 보였으나 공매도 거래대금이 급격히 늘어남에 따라 주가 상승에 부담으로 작용한 것으로 보인다 두산중공업 주가는 한미정상회담 이후인 지난달  일부터 전날까지  나 뛰었다  같은 기간 시가총액도  조 억원에서  조 억원으로  배 넘게 늘었다  문재인 대통령과 조 바이든 미국 대통령이 해외 원전 시장에서 협력을 강화하기로 합의하자 원전 사업 회복 기대감에 주가가 오르기 시작한 것으로 풀이된다 특히  조원 규모의 체코 원자력발전소 건설 사업을 한국이 수주할 가능성이 높다는 소식이 전해지면서 두산중공업의 원전 사업 정상화에 대한 기대감이 더욱 커졌다  두산중공업은 원자로 제작뿐 아니라 해체 사업도 할 수 있는 세계적인 원전 회사다 최근 두산중공업의 주가는 개인투자자들이 이끌고 있다  투자자별 거래실적을 살펴보면 개인이 지난달  일부터 전날까지  억원을 순매수 했다  반면 기관과 외국인은 각각가  억원과  억원거량을 순매도한 것으로 나타났다 주가가 급격히 오르며 공매도 잔고도 가파르게 늘고 있다  지난달  일  억원 수준이던 공매도 잔고금액이 이달  일  억원으로  배 넘게 늘었다  공매도 거래대금은 지난달  일  억원에서 전날  억원으로  배가량 증가했다 일각에선 단기간 주가가 급등하면서 주가하락에 베팅하는 공매도가 늘어나고 있다고 분석했다  현재 주가는 단지 미래에 대한 기대감이 과하게 반영됐다는 설명이다 금융투자업계 한 관계자는  아직 실적이나 수주가 없는 상황에서 주가 급등은 공매도의 먹잇감이 되는 경우가 많다 면서  단기간 주가 급등과 공매도 잔고 급증은 투자 시 유의해야하는 부분 이라고 말했다 류은혁 한경닷컴 기자 ehryu hankyung com  경제지 네이버 구독 첫  만  한국경제 받아보세요  한경 고품격 뉴스레터  원클릭으로 구독하세요  한국경제신문과 WSJ  모바일한경으로 보세요  한국경제   hankyung com  무단전재 및 재배포 금지,2021-06-08,-20.78,-1.0
499,499, 두슬라  두산중공업 하락  개미만  줍줍 공매도 주의보,2021.06.08 09:11,개인 홀로  억 넘게 사들여  기관 외인  팔자 공매도 잔고금액  억 한달새  배 넘게 늘어 사진 두산중공업 가파른 주가 상승에  두슬라 두산중공업 테슬라  두산중공업의 주가가 하락하고 있다  최근 한달간 개인이  억원 가까이 주식을 사들이면서 주가 상승을 이끌고 있지만 공매도 거래대금도 함께 늘어남에 따라 투자에 주의가 필요하다 일 오전  시 분 현재 두산중공업은 전 거래일보다  원  하락한  만 원에 거래되고 있다  최근 한달간 해외 원전 수주에 대한 기대감으로 상승 흐름을 보였으나 공매도 거래대금이 급격히 늘어남에 따라 주가 상승에 부담으로 작용한 것으로 보인다 두산중공업 주가는 한미정상회담 이후인 지난달  일부터 전날까지  나 뛰었다  같은 기간 시가총액도  조 억원에서  조 억원으로  배 넘게 늘었다  문재인 대통령과 조 바이든 미국 대통령이 해외 원전 시장에서 협력을 강화하기로 합의하자 원전 사업 회복 기대감에 주가가 오르기 시작한 것으로 풀이된다 특히  조원 규모의 체코 원자력발전소 건설 사업을 한국이 수주할 가능성이 높다는 소식이 전해지면서 두산중공업의 원전 사업 정상화에 대한 기대감이 더욱 커졌다  두산중공업은 원자로 제작뿐 아니라 해체 사업도 할 수 있는 세계적인 원전 회사다 최근 두산중공업의 주가는 개인투자자들이 이끌고 있다  투자자별 거래실적을 살펴보면 개인이 지난달  일부터 전날까지  억원을 순매수 했다  반면 기관과 외국인은 각각가  억원과  억원거량을 순매도한 것으로 나타났다 주가가 급격히 오르며 공매도 잔고도 가파르게 늘고 있다  지난달  일  억원 수준이던 공매도 잔고금액이 이달  일  억원으로  배 넘게 늘었다  공매도 거래대금은 지난달  일  억원에서 전날  억원으로  배가량 증가했다 일각에선 단기간 주가가 급등하면서 주가하락에 베팅하는 공매도가 늘어나고 있다고 분석했다  현재 주가는 단지 미래에 대한 기대감이 과하게 반영됐다는 설명이다 금융투자업계 한 관계자는  아직 실적이나 수주가 없는 상황에서 주가 급등은 공매도의 먹잇감이 되는 경우가 많다 면서  단기간 주가 급등과 공매도 잔고 급증은 투자 시 유의해야하는 부분 이라고 말했다 류은혁 한경닷컴 기자 ehryu hankyung com  경제지 네이버 구독 첫  만  한국경제 받아보세요  한경 고품격 뉴스레터  원클릭으로 구독하세요  한국경제신문과 WSJ  모바일한경으로 보세요  한국경제   hankyung com  무단전재 및 재배포 금지,2021-06-08,-20.78,-1.0
500,500,[특징주]  너무 올랐나 질주하던  두슬라  두산중공업 급정지,2021.06.08 09:17,장 초반 주가 급락세 [서울경제] 두슬라  두산중공업 의 주가가  일 장 초반 급락세를 보이고 있다  가파르게 주가가 오른 만큼 이익 실현 매물이 나오는 것으로 풀이된다 이날 오전  시  분 두산중공업의 주가는 전 거래일 대비   하락한  만  원에 거래되고 있다  장중  만  원대까지 떨어졌다 한편 두산중공업은 한미 정상회담에서 양국이 원자력 발전 사업에서 협력하기로 한 뒤부터 주가가 크게 올랐다  전일 두산중공업은  의 오름폭을 보였다 이완기 기자 kingear sedaily com  [지구용] 투명해진 맥주병  그런데 말입니다  서울경제 더 폴리틱스 뉴스를 만나보세요  미슐랭 가이드처럼 알찬 부동산 뉴스  집슐랭 저작권자   서울경제  무단 전재 및 재배포 금지,2021-06-08,-20.78,-1.0
501,501,[특징주]  너무 올랐나 질주하던  두슬라  두산중공업 급정지,2021.06.08 09:17,장 초반 주가 급락세 [서울경제] 두슬라  두산중공업 의 주가가  일 장 초반 급락세를 보이고 있다  가파르게 주가가 오른 만큼 이익 실현 매물이 나오는 것으로 풀이된다 이날 오전  시  분 두산중공업의 주가는 전 거래일 대비   하락한  만  원에 거래되고 있다  장중  만  원대까지 떨어졌다 한편 두산중공업은 한미 정상회담에서 양국이 원자력 발전 사업에서 협력하기로 한 뒤부터 주가가 크게 올랐다  전일 두산중공업은  의 오름폭을 보였다 이완기 기자 kingear sedaily com  [지구용] 투명해진 맥주병  그런데 말입니다  서울경제 더 폴리틱스 뉴스를 만나보세요  미슐랭 가이드처럼 알찬 부동산 뉴스  집슐랭 저작권자   서울경제  무단 전재 및 재배포 금지,2021-06-08,-20.78,-1.0
502,502,[특징주]  너무 올랐나 질주하던  두슬라  두산중공업 급정지,2021.06.08 09:17,장 초반 주가 급락세 [서울경제] 두슬라  두산중공업 의 주가가  일 장 초반 급락세를 보이고 있다  가파르게 주가가 오른 만큼 이익 실현 매물이 나오는 것으로 풀이된다 이날 오전  시  분 두산중공업의 주가는 전 거래일 대비   하락한  만  원에 거래되고 있다  장중  만  원대까지 떨어졌다 한편 두산중공업은 한미 정상회담에서 양국이 원자력 발전 사업에서 협력하기로 한 뒤부터 주가가 크게 올랐다  전일 두산중공업은  의 오름폭을 보였다 이완기 기자 kingear sedaily com  [지구용] 투명해진 맥주병  그런데 말입니다  서울경제 더 폴리틱스 뉴스를 만나보세요  미슐랭 가이드처럼 알찬 부동산 뉴스  집슐랭 저작권자   서울경제  무단 전재 및 재배포 금지,2021-06-08,-20.78,-1.0
503,503,두산중공업  대 급락 공매도 급증탓 ,2021.06.08 09:39, 주새  배 이상 상승 이날  대 하락 공매도 잔고 급증 코스피 기준  위 기록 [헤럴드경제 김용재 기자] 가파르게 우상향해  두슬라 라고 불렸던 두산중공업 주가가  일 장 초반 급락 중이다  가파르게 주가가 오른 만큼 차익실현 매물과 공매도 잔고 급증에 대한 우려 때문인 것으로 분석된다 이날 한국거래소에 따르면 두산중공업 주가는 이날  시  분 현재 기준 전 거래일 대비  원  하락한  만 원에 거래되고 있다  개인들이 대대적으로 두산중공업을 매입하고 있으나 기관과 외국인은 차익 실현을 위해 연일 순매도 중이다 지난해 초  원대까지 추락했던 두산중공업 주가는 전날   상승한  만 원에 장을 마감했다 두산중공업 주가는 지난달  일 한미 정상회담을 기점으로 해외 원전 수주에 대한 기대감으로 꾸준히 상승해왔다  한미정상회담에서 양국은 원전사업 공동참여를 포함해 해외원전시장에서 협력을 강화하고 원전 공급망을 구성해 해외 원전시장에 공동참여하겠다고 밝혔다  이에 대한 기대감으로 두산중공업 주가는 지난달  일부터 전날까지 두 배 넘게 가격이 뛰었고 시가총액 역시  조원을 넘었다 다만 두산중공업의 공매도 잔고 급증이 우려를 부른 것으로 보인다  두산중공업의 공매도 잔고 금액은 지난달  일 기준  억원에서 이달  일  억원으로  배 넘게 늘었다  공매도 거래대금 역시 지난달  일  억원에서 전날  억원으로  배 가까이 증가했다  이는 코스피 기준  위다 brunch heraldcorp com 환경적 대화기구  헤럴드에코 밀리터리 전문 콘텐츠  헤밀 헤럴드경제 네이버 채널 구독  Copyrights   헤럴드경제   heraldbiz com  무단 전재 및 재배포 금지  ,2021-06-08,-20.78,-1.0
504,504,두산중공업  대 급락 공매도 급증탓 ,2021.06.08 09:39, 주새  배 이상 상승 이날  대 하락 공매도 잔고 급증 코스피 기준  위 기록 [헤럴드경제 김용재 기자] 가파르게 우상향해  두슬라 라고 불렸던 두산중공업 주가가  일 장 초반 급락 중이다  가파르게 주가가 오른 만큼 차익실현 매물과 공매도 잔고 급증에 대한 우려 때문인 것으로 분석된다 이날 한국거래소에 따르면 두산중공업 주가는 이날  시  분 현재 기준 전 거래일 대비  원  하락한  만 원에 거래되고 있다  개인들이 대대적으로 두산중공업을 매입하고 있으나 기관과 외국인은 차익 실현을 위해 연일 순매도 중이다 지난해 초  원대까지 추락했던 두산중공업 주가는 전날   상승한  만 원에 장을 마감했다 두산중공업 주가는 지난달  일 한미 정상회담을 기점으로 해외 원전 수주에 대한 기대감으로 꾸준히 상승해왔다  한미정상회담에서 양국은 원전사업 공동참여를 포함해 해외원전시장에서 협력을 강화하고 원전 공급망을 구성해 해외 원전시장에 공동참여하겠다고 밝혔다  이에 대한 기대감으로 두산중공업 주가는 지난달  일부터 전날까지 두 배 넘게 가격이 뛰었고 시가총액 역시  조원을 넘었다 다만 두산중공업의 공매도 잔고 급증이 우려를 부른 것으로 보인다  두산중공업의 공매도 잔고 금액은 지난달  일 기준  억원에서 이달  일  억원으로  배 넘게 늘었다  공매도 거래대금 역시 지난달  일  억원에서 전날  억원으로  배 가까이 증가했다  이는 코스피 기준  위다 brunch heraldcorp com 환경적 대화기구  헤럴드에코 밀리터리 전문 콘텐츠  헤밀 헤럴드경제 네이버 채널 구독  Copyrights   헤럴드경제   heraldbiz com  무단 전재 및 재배포 금지  ,2021-06-08,-20.78,-1.0
505,505,두산중공업  대 급락 공매도 급증탓 ,2021.06.08 09:39, 주새  배 이상 상승 이날  대 하락 공매도 잔고 급증 코스피 기준  위 기록 [헤럴드경제 김용재 기자] 가파르게 우상향해  두슬라 라고 불렸던 두산중공업 주가가  일 장 초반 급락 중이다  가파르게 주가가 오른 만큼 차익실현 매물과 공매도 잔고 급증에 대한 우려 때문인 것으로 분석된다 이날 한국거래소에 따르면 두산중공업 주가는 이날  시  분 현재 기준 전 거래일 대비  원  하락한  만 원에 거래되고 있다  개인들이 대대적으로 두산중공업을 매입하고 있으나 기관과 외국인은 차익 실현을 위해 연일 순매도 중이다 지난해 초  원대까지 추락했던 두산중공업 주가는 전날   상승한  만 원에 장을 마감했다 두산중공업 주가는 지난달  일 한미 정상회담을 기점으로 해외 원전 수주에 대한 기대감으로 꾸준히 상승해왔다  한미정상회담에서 양국은 원전사업 공동참여를 포함해 해외원전시장에서 협력을 강화하고 원전 공급망을 구성해 해외 원전시장에 공동참여하겠다고 밝혔다  이에 대한 기대감으로 두산중공업 주가는 지난달  일부터 전날까지 두 배 넘게 가격이 뛰었고 시가총액 역시  조원을 넘었다 다만 두산중공업의 공매도 잔고 급증이 우려를 부른 것으로 보인다  두산중공업의 공매도 잔고 금액은 지난달  일 기준  억원에서 이달  일  억원으로  배 넘게 늘었다  공매도 거래대금 역시 지난달  일  억원에서 전날  억원으로  배 가까이 증가했다  이는 코스피 기준  위다 brunch heraldcorp com 환경적 대화기구  헤럴드에코 밀리터리 전문 콘텐츠  헤밀 헤럴드경제 네이버 채널 구독  Copyrights   헤럴드경제   heraldbiz com  무단 전재 및 재배포 금지  ,2021-06-08,-20.78,-1.0
506,506,원전 관련주 희비 갈려 한전산업 오르고 두산중공업 급락,2021.06.08 09:58, 일 장 초반 원자력발전소 관련주들의 희비가 엇갈리고 있다  원전 관련주들은 지난 달 열린 한 미 정상회담과 체코 원전 입찰에 대한 기대감으로 최근 동반 급등했는데  일부 종목의 경우 주주들이 차익 실현에 나선 모습이다 가동을 멈춘 월성 원자력발전소  호기 이날 오전  시  분 현재 한전산업 은 전날보다   오른  원에 거래되고 있다  전날 상한가를 기록한 데 이어 이틀 연속 급등 중이다  원전 제어 시스템 업체 우리기술 은   상승 중이다 반면 원전용 계측기 사업을 하는 우진 은 전날보다   넘게 급락하고 있다  소형모듈원전 SMR  사업을 하고 있는 두산중공업 도   넘게 하락 중이다  두산중공업 주가는 지난달 말까지만 해도  만 원대에 그쳤으나  이달  일 장중 한 때  만 원까지 올랐다 비에이치아이  SNT에너지  일진파워  에너토크 도  대 하락률을 기록하고 있다  한신기계 와 오르비텍 은 각각     넘게 떨어지고 있다 [노자운 기자 jw chosunbiz com] 네이버에서  명품 경제뉴스  조선비즈를 구독하세요 테슬라와 현대차  누가 온실가스 더 배출할까  여기서 보세요 중앙은행들 특단의 조치  비트코인 채굴장 최대위기 저작권자   조선비즈  무단 전재 및 재배포 금지,2021-06-08,-20.78,-1.0
507,507,원전 관련주 희비 갈려 한전산업 오르고 두산중공업 급락,2021.06.08 09:58, 일 장 초반 원자력발전소 관련주들의 희비가 엇갈리고 있다  원전 관련주들은 지난 달 열린 한 미 정상회담과 체코 원전 입찰에 대한 기대감으로 최근 동반 급등했는데  일부 종목의 경우 주주들이 차익 실현에 나선 모습이다 가동을 멈춘 월성 원자력발전소  호기 이날 오전  시  분 현재 한전산업 은 전날보다   오른  원에 거래되고 있다  전날 상한가를 기록한 데 이어 이틀 연속 급등 중이다  원전 제어 시스템 업체 우리기술 은   상승 중이다 반면 원전용 계측기 사업을 하는 우진 은 전날보다   넘게 급락하고 있다  소형모듈원전 SMR  사업을 하고 있는 두산중공업 도   넘게 하락 중이다  두산중공업 주가는 지난달 말까지만 해도  만 원대에 그쳤으나  이달  일 장중 한 때  만 원까지 올랐다 비에이치아이  SNT에너지  일진파워  에너토크 도  대 하락률을 기록하고 있다  한신기계 와 오르비텍 은 각각     넘게 떨어지고 있다 [노자운 기자 jw chosunbiz com] 네이버에서  명품 경제뉴스  조선비즈를 구독하세요 테슬라와 현대차  누가 온실가스 더 배출할까  여기서 보세요 중앙은행들 특단의 조치  비트코인 채굴장 최대위기 저작권자   조선비즈  무단 전재 및 재배포 금지,2021-06-08,-20.78,-1.0
508,508,코스피  최고가 찍고 짙어진 관망 심리에 횡보 두산중공업  급락 ,2021.06.08 15:42, CPI 발표 앞두고 관망세 짙어져 인플레이션 이슈 주목  기관 홀로  억 사들여 사진 게티이미지뱅크 코스피지수가 고점을 찍은 이후 박스권을 횡보했다  고점 부담에 따른 차익 실현 매물과 미국의  월 소비자물가지수 CPI  발표를 앞두고 투자자들의 관망세가 짙어졌다 일 코스피지수는 전날보다  포인트  내린  에 거래를 마쳤다  전날 코스피지수가 한 달여 만에 종가 기준 사상 최고치를 갈아치웠지만 고점 부담에 따른 차익실현 매물이 개인과 외국인 투자자들을 중심으로 쏟아졌다 게다가 오는  일 미국의 CPI 발표를 앞두고 투자자들의 관망세도 강해지고 있다  이번에 발표될  월 CPI에 따라 미국 중앙은행 Fed 의 조기 긴축 우려가 다시 확대될 가능성이 있다 앞서 지난  월 CPI는 지난해 같은 기간 대비   상승하며   년  월 이후  년 만에 최대 증가폭을 기록한 바 있다  이는 Fed가 목표로 한 물가상승률 을 두 배나 웃도는 수준이다 서정훈 삼성증권 연구원은  코스피지수가 고점 부근까지 오르면서 차익실현 매물이 나온 것으로 보인다 면서  고점을 돌파하기 위한 특별한 재료가 있는 것도 아니라서 투자자들의 관망 심리가 고조되고 있다 고 말했다 이어  이번주 미국의 CPI 발표에 따라 인플레이션 이슈가 다시 불거질 가능성이 있기에 투자자들은 CPI 발표를 주시하고 있는 상황 이라고 덧붙였다 이날 코스피에서 기관이 홀로  억원 사들였지만 개인과 외국인이 각각  억원과  억원 팔아치웠다 최근 가파른 주가 상승에  두슬라 두산중공업 테슬라 로 불리던 두산중공업은   넘게 하락했다  차익실현 매물과 함께 공매도 잔고 급증에 대한 우려가 주가에 악영향을 미쳤다  이날 두산중공업은 전 거래일 보다  원  내린  만 원에 거래를 마쳤다 코스닥지수는 강보합세를 나타냈다  코스닥은 전날보다  포인트  오른  에 거래를 마쳤다  이날 기관이  억원 순매수한 반면 개인과 외국인이 각각  억원   억원 순매도했다 코스닥 시가총액 상위  개 종목은 대부분 엇갈렷다  CJ ENM  에이치엘비  보합세로 거래를 마친 반면 셀트리온헬스케어  셀트리온제약  에코프로비엠  등은 상승했다  카카오게임즈  SK머티리얼즈  씨젠 은 하락했다 원 달러 환율은 상승했다  서울외환시장에서 원 달러 환율은 전날보다  원 오른  원을 기록했다 류은혁 한경닷컴 기자 ehryu hankyung com  경제지 네이버 구독 첫  만  한국경제 받아보세요  한경 고품격 뉴스레터  원클릭으로 구독하세요  한국경제신문과 WSJ  모바일한경으로 보세요  한국경제   hankyung com  무단전재 및 재배포 금지,2021-06-09,2.96,0.0
509,509,코스피  최고가 찍고 짙어진 관망 심리에 횡보 두산중공업  급락 ,2021.06.08 15:42, CPI 발표 앞두고 관망세 짙어져 인플레이션 이슈 주목  기관 홀로  억 사들여 사진 게티이미지뱅크 코스피지수가 고점을 찍은 이후 박스권을 횡보했다  고점 부담에 따른 차익 실현 매물과 미국의  월 소비자물가지수 CPI  발표를 앞두고 투자자들의 관망세가 짙어졌다 일 코스피지수는 전날보다  포인트  내린  에 거래를 마쳤다  전날 코스피지수가 한 달여 만에 종가 기준 사상 최고치를 갈아치웠지만 고점 부담에 따른 차익실현 매물이 개인과 외국인 투자자들을 중심으로 쏟아졌다 게다가 오는  일 미국의 CPI 발표를 앞두고 투자자들의 관망세도 강해지고 있다  이번에 발표될  월 CPI에 따라 미국 중앙은행 Fed 의 조기 긴축 우려가 다시 확대될 가능성이 있다 앞서 지난  월 CPI는 지난해 같은 기간 대비   상승하며   년  월 이후  년 만에 최대 증가폭을 기록한 바 있다  이는 Fed가 목표로 한 물가상승률 을 두 배나 웃도는 수준이다 서정훈 삼성증권 연구원은  코스피지수가 고점 부근까지 오르면서 차익실현 매물이 나온 것으로 보인다 면서  고점을 돌파하기 위한 특별한 재료가 있는 것도 아니라서 투자자들의 관망 심리가 고조되고 있다 고 말했다 이어  이번주 미국의 CPI 발표에 따라 인플레이션 이슈가 다시 불거질 가능성이 있기에 투자자들은 CPI 발표를 주시하고 있는 상황 이라고 덧붙였다 이날 코스피에서 기관이 홀로  억원 사들였지만 개인과 외국인이 각각  억원과  억원 팔아치웠다 최근 가파른 주가 상승에  두슬라 두산중공업 테슬라 로 불리던 두산중공업은   넘게 하락했다  차익실현 매물과 함께 공매도 잔고 급증에 대한 우려가 주가에 악영향을 미쳤다  이날 두산중공업은 전 거래일 보다  원  내린  만 원에 거래를 마쳤다 코스닥지수는 강보합세를 나타냈다  코스닥은 전날보다  포인트  오른  에 거래를 마쳤다  이날 기관이  억원 순매수한 반면 개인과 외국인이 각각  억원   억원 순매도했다 코스닥 시가총액 상위  개 종목은 대부분 엇갈렷다  CJ ENM  에이치엘비  보합세로 거래를 마친 반면 셀트리온헬스케어  셀트리온제약  에코프로비엠  등은 상승했다  카카오게임즈  SK머티리얼즈  씨젠 은 하락했다 원 달러 환율은 상승했다  서울외환시장에서 원 달러 환율은 전날보다  원 오른  원을 기록했다 류은혁 한경닷컴 기자 ehryu hankyung com  경제지 네이버 구독 첫  만  한국경제 받아보세요  한경 고품격 뉴스레터  원클릭으로 구독하세요  한국경제신문과 WSJ  모바일한경으로 보세요  한국경제   hankyung com  무단전재 및 재배포 금지,2021-06-09,2.96,0.0
